scenario	year	period	mean.effects.Inds	mean.effects.abovemass	mean.effects.NPFT	mean.effects.eveness	mean.effects.shannon	mean.effects.simpson	mean.effects.simpsoninv	min.effects.Inds	min.effects.abovemass	min.effects.NPFT	min.effects.eveness	min.effects.shannon	min.effects.simpson	min.effects.simpsoninv	max.effects.Inds	max.effects.abovemass	max.effects.NPFT	max.effects.eveness	max.effects.shannon	max.effects.simpson	max.effects.simpsoninv
0	1	before	1	1	1	1	1	1	1	1.03076159761846	1.01903623174092	1	1.00174326927347	1.00279703909913	1.00028742944078	1.02442644631645	0.963296674175169	0.977588563450776	1	0.996857493590275	0.994942443805692	0.999448481994227	0.954428706700996
1	1	before	1.0031436446199	1.00266606651749	1	0.999962678130073	0.999939870310652	1.00000103898431	1.00018420461752	1.03501240597062	1.02274958734464	1	1.00183514492623	1.00295105252725	1.0002844331382	1.02453198354569	0.957600104798917	0.975362308564032	1	0.996704876843127	0.994695764445197	0.999425314260576	0.953894949187272
2	1	before	1.00241672716535	1.00132759069021	1	0.999905210522428	0.999848392492296	0.999998164354355	0.999757879937976	1.04306099254956	1.02536594705135	1	1.0018371050713	1.00294857390867	1.00029744541219	1.02648871886058	0.954981864732238	0.962537339723355	1	0.996483646568168	0.994358084442327	0.999488928368655	0.958628722008529
0	2	before	1	1	1	1	1	1	1	1.10918168005209	1.07948326223935	1.00062932662052	1.00750052799328	1.01935737251462	1.00225134757766	1.1172171834054	0.842645726366657	0.863057000654737	1	0.987120515683222	0.965945633992929	0.995389727547396	0.803325139023682
1	2	before	1.01661477901562	1.00075059063196	1.00008448282756	0.999265308971573	0.998930768783244	0.999792363009551	0.988920903560549	1.19248570650694	1.10119054279491	1.00062932662052	1.00623840670521	1.01732761567198	1.00190422575572	1.0941871274779	0.83205574912892	0.73262355732247	1	0.987583894507914	0.968467357728569	0.995472130725707	0.812485882262259
2	2	before	1.00593505122146	0.996266775945757	1.00016859272082	0.999908380167258	1.00106896386134	1.00004414365246	1.00306768826467	1.12964366944655	1.07749894957126	1.00062932662052	1.00720046486346	1.01916200011522	1.00213659572949	1.11027372861287	0.845337376800607	0.780522211360136	1	0.985380198988688	0.968440837735109	0.995624528243826	0.809195317045783
0	3	before	1	1	1	1	1	1	1	1.12441945734539	1.0887019318043	1.00378787878788	1.01058553815883	1.02322162487775	1.00308483468043	1.13634719371996	0.815912319870104	0.690842808395961	0.984848484848485	0.97639809856339	0.941346121406282	0.991111766120292	0.73626506522705
1	3	before	1.02543130863591	1.03461823704179	1.00059392947975	1.00106398596863	1.00312921389644	1.00054968681751	1.01953631713027	1.14886335859203	1.10818494170485	1.00378787878788	1.01381504040158	1.02420503739193	1.00345686663434	1.15647179965071	0.879699248120301	0.935519822440041	1	0.98304857269087	0.969263226747458	0.995648833499878	0.846054774925095
2	3	before	1.01778914076527	1.01166472405422	0.999979035639413	1.00291234877529	1.00458384268947	1.00084376931954	1.03549771627757	1.15446862075166	1.08753082259656	1.00378787878788	1.0138558943104	1.03123237669274	1.00426545964983	1.19490474591614	0.826547685443391	0.843091360156616	0.984848484848485	0.98418519135104	0.964863675854854	0.994644397362201	0.820148733176144
0	4	before	1	1	1	1	1	1	1	1.13257371998631	1.07039908974251	1.00632911392405	1.01518939463433	1.02723796755779	1.00450294745509	1.12595515623849	0.803011292346299	0.826871050281407	0.986717267552182	0.972856682267569	0.925167155119921	0.986899745608664	0.733283338619744
1	4	before	0.987264811560454	0.987710110114355	1.00038635926303	1.00275682644013	1.00417018931549	1.00102483118494	1.03062027704578	1.10995850622407	1.06404366608317	1.00632911392405	1.01868008430612	1.03846912518579	1.00627083711059	1.19800344184721	0.768908881682184	0.775322646292253	0.986717267552182	0.979557391783708	0.961502543546173	0.994196255860559	0.860963127761307
2	4	before	1.00217169197479	1.00315522159485	1.00078807761239	1.00474667609107	1.01190533251484	1.00180799791256	1.05533551229623	1.13037312338012	1.07976231394983	1.00632911392405	1.01766022541105	1.0462497092362	1.00690283517437	1.22345202862405	0.80741487628946	0.846093692830199	0.987967067764408	0.965887498525435	0.927964083804511	0.986195875329631	0.72475929528799
0	5	before	1	1	1	1	1	1	1	1.1333075360356	1.07682649846102	1.00442198357549	1.01759423568909	1.04926203682884	1.00649908677967	1.14206287673899	0.689845474613687	0.804707434411925	0.984848484848485	0.96133358191618	0.904938899767335	0.98273623131449	0.729666127773357
1	5	before	1.01015303702166	1.00405187497316	1.00029856207384	0.999350795323954	0.999355673047644	0.999727798905102	0.996084043812477	1.13387760671321	1.08169244894549	1.00442198357549	1.01782814741873	1.03302071326004	1.00639605893952	1.14355317905207	0.786983230948033	0.742806846796787	0.987341772151899	0.951818262529503	0.900281626072152	0.978417831118017	0.673480901042546
2	5	before	0.998114250595433	1.00171501709334	1.00036780795848	1.00101095665265	1.00945077678335	1.001185938594	1.02578435435431	1.11017004365105	1.08114622355205	1.00442198357549	1.01963692938963	1.0503607099095	1.00755115267566	1.17458998603419	0.801781737193764	0.861233867538901	0.98547062539482	0.962682324940969	0.92991242174752	0.986148505151899	0.762603117600363
0	6	before	1	1	1	1	1	1	1	1.12378303198887	1.08682156254036	1.00378787878788	1.01977065070646	1.05071656703788	1.00758989995623	1.15412002178121	0.825889588519549	0.771191396840504	0.984848484848485	0.953132888686008	0.923175593674697	0.98202826106308	0.744700551378781
1	6	before	1.0010983687255	1.0149229416551	1.00088082608429	1.00292061041144	1.00762455690559	1.00117737245189	1.01820120364584	1.12199630314233	1.12329041892563	1.00378787878788	1.01917688823682	1.04174707128982	1.00701395276685	1.1389371117629	0.758975912740494	0.796379172160901	0.984848484848485	0.967501747062797	0.915815860719924	0.983923340020181	0.765772478202488
2	6	before	0.986961248046666	1.00168181643012	1.00036024352	1.00239721165798	1.01273630551788	1.00215554088924	1.04248393504494	1.13424197162061	1.08574502298433	1.00378787878788	1.02441606503319	1.06230102557356	1.0095055723343	1.20476154705703	0.788904899135447	0.769811622151031	0.984848484848485	0.96215422647171	0.922220497016302	0.984357127825435	0.76150302946635
0	7	before	1	1	1	1	1	1	1	1.1214953271028	1.0758318666211	1.00696643445218	1.02145211418861	1.0397127501929	1.00609959930247	1.11851136149886	0.83869458416189	0.855104841492512	0.986093552465234	0.965289963336542	0.941644214559143	0.987913386628119	0.822761978992976
1	7	before	1.012358536714	1.00593984283042	1.00056915633833	0.998157414016577	1.00403714088916	1.0005025928472	1.0079248549038	1.12987202569218	1.099759801515	1.00696643445218	1.01560005958165	1.03539582590957	1.00532450645913	1.09771600361576	0.818949687844289	0.780738083932467	0.987967067764408	0.966068405568562	0.916070121166845	0.986682409372271	0.798934802481285
2	7	before	1.0126438749511	1.01280965490176	0.999923997008306	0.994417297357088	1.00415048053783	1.00032636947798	1.01024645141642	1.17877396705374	1.11464410289207	1.00696643445218	1.01601583327114	1.05160214915563	1.00821243151255	1.16387972235618	0.800323362974939	0.857114498767562	0.986093552465234	0.948845949567992	0.923682715783867	0.983601940657382	0.785438432615989
0	8	before	1	1	1	1	1	1	1	1.11370507864825	1.08634952147121	1.00378787878788	1.02125153348725	1.03602872742115	1.00574733397016	1.09954844393037	0.804300489929232	0.738553732646042	0.984848484848485	0.957749542940071	0.925304773287922	0.985010512404984	0.793140674477864
1	8	before	1.03625082673801	1.01286688636493	0.999567130210534	0.99491129792592	0.996739545536943	0.998995259347601	0.984537878255016	1.20241084881969	1.09528903807718	1.00378787878788	1.01517659584495	1.03103661452396	1.00503117068673	1.08107996781526	0.858289366129152	0.678706858318627	0.983606557377049	0.935984652490922	0.907786435602131	0.976112604722645	0.718116928942403
2	8	before	1.00024620174816	0.995836173979644	1.0002209891337	0.995110083407473	1.00095440235037	0.999590619098628	0.993138829267173	1.1369502721879	1.07583687948488	1.00378787878788	1.01613981408344	1.0399511667667	1.00603846302688	1.1052402068564	0.803904571665473	0.635329087180009	0.986093552465234	0.959103996779986	0.93727546007451	0.986437967130172	0.798566403935454
0	9	before	1	1	1	1	1	1	1	1.12645836127129	1.09061955762829	1.00252206809584	1.02713912325973	1.03604774262822	1.00716650428545	1.1173161678259	0.765653508967113	0.772331139967687	0.983606557377049	0.952580144857231	0.920452401820722	0.979655997473248	0.754787328347518
1	9	before	1.00355058501427	0.993936978597964	1.00040462107166	1.0011606374299	0.997734950182972	1.00044904257617	1.00368413485019	1.11757454349334	1.06997632255383	1.00252206809584	1.01956604354657	1.0367896520883	1.00658782151752	1.1066806765425	0.795246800731261	0.687227709828744	0.984848484848485	0.960386486305961	0.902553225177741	0.980362042818078	0.753958873257844
2	9	before	0.995204880460989	0.99962301955449	0.999845993624856	0.99899332269821	1.00784833259979	1.00183438423028	1.02320405508319	1.13511735029612	1.07852073488333	1.00252206809584	1.01959599776326	1.04946589461687	1.00797650877193	1.13245941627693	0.784181457902947	0.772498152278678	0.983606557377049	0.969072754765692	0.952748724380466	0.992450091159774	0.885589401308341
0	10	before	1	1	1	1	1	1	1	1.12025874742723	1.07870236004502	1.00315457413249	1.02415550155015	1.0374393223349	1.00645651155989	1.10903930262948	0.802712028573158	0.678846714829717	0.983606557377049	0.963497008880652	0.943524750788658	0.985107143827427	0.802353115716544
1	10	before	1.01955527779746	1.01385046955729	0.999405331796201	1.00392602787407	0.996631454657481	1.0000041903775	0.996918778695628	1.12937812723374	1.10709959367582	1.00315457413249	1.02558750666352	1.03164354156276	1.00491082825403	1.07751770385645	0.839580908032596	0.802975295518742	0.981749528005034	0.968939185325636	0.924267106654905	0.988127964989665	0.833331274641957
2	10	before	0.996973053542773	1.0120899270217	1.00031201677948	0.998460532000437	1.00691510510069	1.00120076606632	1.0174364766359	1.12257539974447	1.09779395904703	1.00315457413249	1.01869971850788	1.04998540473042	1.00721728612474	1.12026293239263	0.802061523594782	0.851687336423572	0.98547062539482	0.970691565654749	0.914366322425055	0.98457140871991	0.798232325693509
0	11	before	1	1	1	1	1	1	1	1.12762464356692	1.0775756115787	1.00505689001264	1.02062691920129	1.03983653215387	1.00616350043482	1.10490910455306	0.79088471849866	0.771353365829817	0.987341772151899	0.962248159948772	0.938005215891271	0.983422339943534	0.788843152940582
1	11	before	1.00376335045676	1.0057433547694	0.998983071643798	1.00340723182753	0.995150547336823	0.999549751270493	0.992530476766733	1.10169491525424	1.06872070423093	1.00505689001264	1.02834064445624	1.03096891486833	1.00506862819641	1.08321299498992	0.841268180391336	0.861647180400341	0.981132075471698	0.967013839465728	0.930066567823187	0.987655557435493	0.832084828187671
2	11	before	0.976791212171431	0.995526050072978	0.999738709922407	0.999266892009829	1.00232223140928	1.00041104454627	1.00864365077895	1.10532954903816	1.07169730115833	1.00505689001264	1.02029729498565	1.05002905780647	1.00707798243854	1.12177318581559	0.781371481884621	0.779060578950675	0.986093552465234	0.951213915797445	0.920680975070268	0.983456843357667	0.792427444910318
0	12	before	1	1	1	1	1	1	1	1.11253812811045	1.07179236117231	1.00442198357549	1.02667268584055	1.04544279630172	1.00751463974544	1.12451732609748	0.831492696829355	0.808582854950342	0.98547062539482	0.961030050764227	0.925602504687868	0.985136152250319	0.806345536249014
1	12	before	1.0093032444602	1.00339041518189	1.00005661051242	0.997861672484843	0.998302958949382	0.999892609777129	0.995531979215093	1.12899284342817	1.08559767116073	1.00442198357549	1.0204795642304	1.02953788541302	1.00535361642641	1.0847847948548	0.849514563106796	0.839818117224353	0.98547062539482	0.961515335857366	0.937055922740391	0.987643161104213	0.832994751037186
2	12	before	0.96993676618827	0.993655818721368	0.999962802191199	1.00136525484803	1.00535579458145	1.00088640100662	1.01396907875152	1.09161962657403	1.06672363464727	1.00442198357549	1.02709463100381	1.05028215261611	1.00742852971149	1.12277521789861	0.773856622883368	0.794211558501815	0.98547062539482	0.95431021998361	0.937602834006409	0.987533846375574	0.833076408021702
0	13	before	1	1	1	1	1	1	1	1.12006760709875	1.07207949671716	1.00315457413249	1.02548905321889	1.0425956419806	1.00714289609088	1.11398362686822	0.851865266207896	0.813187764843918	0.984227129337539	0.963098943890961	0.882745841632293	0.976048892514888	0.740537534996479
1	13	before	1.00985176144383	0.999874042850688	0.999355788410792	0.99807278757667	0.998286544099735	0.999842026817458	0.994962028611709	1.11312921639855	1.08091700831054	1.00252206809584	1.02019847502269	1.03254028309969	1.00601772053536	1.09253842068571	0.868993500394485	0.795961792031956	0.982367758186398	0.963893234980602	0.92730570420587	0.983978414336612	0.807777531037051
2	13	before	0.982756609548381	1.00735235329785	1.00004740778397	0.998960768160389	1.01020834758771	1.00164856315628	1.02599352715031	1.09255143737902	1.08693080023114	1.00315457413249	1.02337504338222	1.05546855573663	1.00836275841527	1.14055621734051	0.832638475282907	0.815747716515474	0.984227129337539	0.950076497359006	0.926772912268686	0.984532904663744	0.810175061916611
0	14	before	1	1	1	1	1	1	1	1.1287988422576	1.06807971370314	1.00696643445218	1.02371916393919	1.03990573428501	1.00655340641283	1.10130200403673	0.822714431688405	0.859142004375447	0.986717267552182	0.968011415449522	0.875761925644618	0.976773255216792	0.733345910388827
1	14	before	1.03235060536855	1.01302780284044	0.999912847994907	0.998452991112055	0.99999031096686	1.00060087277573	1.00424412521571	1.15571382324377	1.08950014404737	1.00696643445218	1.02337707756319	1.03323600770608	1.00583372874549	1.09186423439291	0.887294146928278	0.843033675676648	0.987967067764408	0.968587507924054	0.956836195514382	0.991558369640776	0.876071856244108
2	14	before	0.98089907849034	0.994969542156565	1.00052170216371	0.996257959419781	1.00703917145508	1.00082507603125	1.01130177839628	1.11607981661719	1.08485681954123	1.00696643445218	1.0212291821389	1.05401071536569	1.0063572035671	1.09855782305688	0.780110497237569	0.769210819369883	0.987967067764408	0.957411577611739	0.930406648459372	0.985960745081621	0.819786685126687
0	15	before	1	1	1	1	1	1	1	1.1219262295082	1.08403745664573	1.00569259962049	1.03000798562491	1.04056681218916	1.00684958952635	1.10815517441841	0.782552224266696	0.685034604819935	0.986717267552182	0.965617818204078	0.896130651309681	0.979372657123109	0.772307406835338
1	15	before	1.02189533011562	1.01907447121745	0.999891043075374	0.999706517880096	1.00183803952243	1.00108390871735	1.01172952100436	1.14336698005167	1.11178278513334	1.00569259962049	1.02422192847025	1.03119735415026	1.00575025049036	1.08309326023268	0.8431326434619	0.788502881630998	0.984952120383037	0.971551711758989	0.959665662384362	0.993052332112056	0.895367527150663
2	15	before	0.975561082528318	1.00798796297789	0.999933423128763	1.00069123432158	1.0042800473149	1.00052680642773	1.00579687265082	1.10286320254507	1.09476912440197	1.00569259962049	1.02407621428873	1.04561877116328	1.00663535120698	1.10237739801686	0.78263790400836	0.771955309969052	0.983606557377049	0.965988547063541	0.944778394639945	0.988713331074911	0.851504094331878
0	16	before	1	1	1	1	1	1	1	1.14771519659936	1.08328749689645	1.00505689001264	1.02917334294252	1.03700156232821	1.0060367722276	1.09434493991694	0.806217315514236	0.820094318477478	0.986093552465234	0.954794198172954	0.913717524235379	0.984482499550567	0.801430362864293
1	16	before	0.998809474261874	1.00016847495314	1.00033504093203	1.00079521787814	1.00351733731297	1.00129448930901	1.01550868323331	1.1272068809416	1.07993475441544	1.00505689001264	1.02457347616897	1.031045758	1.0059601185056	1.09104028601475	0.812287229831367	0.77030532206854	0.986717267552182	0.969517300288001	0.966136120571551	0.994453372691235	0.914403807665305
2	16	before	1.00039295349249	1.01719243415135	1.00044679603614	1.00173524130682	1.00551789333954	1.00117173694245	1.0177934335028	1.11990950226244	1.10344113975903	1.00505689001264	1.0283956848676	1.05740475742051	1.00786951690284	1.12798418705885	0.86027865404837	0.919935435567533	0.986093552465234	0.95982371307002	0.943290835755705	0.988819410509213	0.845597004277984
0	17	before	1	1	1	1	1	1	1	1.15876149410359	1.10047546504793	1.00442198357549	1.02606864147729	1.0323274234966	1.00521646819721	1.08125842018379	0.817455869991594	0.772114670416073	0.98547062539482	0.96708885781811	0.929094014640138	0.985515277300257	0.826276924849997
1	17	before	0.977792887232647	1.00592812657142	1.00108322518159	0.999151029400477	1.00307556764077	1.00046569782868	1.00555627167013	1.0954356846473	1.08760824080155	1.00569259962049	1.02313029826603	1.040073356296	1.0059245349932	1.09239631262775	0.767624020887728	0.78377388655415	1	0.955853999788797	0.949087612749781	0.988285753424853	0.844859322676957
2	17	before	0.977323773979523	1.00205463591658	0.99952818268086	1.00459198623162	1.00550211132887	1.00106271589471	1.0184185298991	1.08604110363899	1.08587846153998	1.00442198357549	1.02875649944704	1.04493894013196	1.00708297797522	1.11549261348802	0.786216937636496	0.761779026403418	0.981749528005034	0.965965986139836	0.922319828307702	0.981609767134104	0.786497410578639
0	18	before	1	1	1	1	1	1	1	1.11807555480264	1.08507224876205	1.00442198357549	1.02529479412529	1.02379666114849	1.00455902039401	1.06702949083176	0.800304878048781	0.764620189704365	0.984227129337539	0.950150571393633	0.950109483219412	0.988021737959013	0.84750997201373
1	18	before	1.00623125702884	1.01730615275599	1.00005032828515	1.00100070352343	1.00737202076727	1.00123708638236	1.01747510186338	1.13452585150698	1.10574818619277	1.00442198357549	1.02701208080264	1.04215828907621	1.00643054382624	1.09904917919697	0.800304878048781	0.894624563068615	0.984227129337539	0.966131556369086	0.964590610771038	0.994188742260492	0.914789880294106
2	18	before	0.97504884957599	1.00903186541239	1.00067748388526	1.00354333563408	1.00714748629739	1.00124138893888	1.02104049572219	1.10265740434447	1.09489240447537	1.00442198357549	1.03161579567651	1.04716820852944	1.00791052082787	1.13100493052505	0.784490532010821	0.86332117388018	0.986717267552182	0.952705679026026	0.932853627246049	0.9855401095592	0.820948568355279
0	19	before	1	1	1	1	1	1	1	1.11469273162109	1.08417878512614	1.00569259962049	1.02959317392672	1.02923663375193	1.00595653125948	1.08944525638134	0.820164348925411	0.800083041171747	0.984848484848485	0.942149332775547	0.944766550788488	0.983958565679052	0.811154548151833
1	19	before	0.991786499148574	1.01042811164941	1.00006835631618	1.00433257100081	1.01239071294558	1.00270179494105	1.03760547074516	1.09759299781182	1.08211399001256	1.00569259962049	1.02833047678671	1.03839911829992	1.00659656852104	1.10397433847402	0.84919012423337	0.820642974360343	0.986717267552182	0.974193756591713	0.976594443579346	0.997072014313011	0.951672156503809
2	19	before	0.992556212884532	1.0132097473588	1.0000304384522	1.00778664052647	1.00966703256287	1.00225270170618	1.03233978240527	1.11415168100078	1.10106699620913	1.00569259962049	1.03538227242686	1.04283318893835	1.00711206253181	1.11267402570372	0.801199657240788	0.796107819502983	0.98547062539482	0.959430604292164	0.933920639793634	0.987023249626647	0.839426860018009
0	20	before	1	1	1	1	1	1	1	1.12637923988557	1.06997379163798	1.00378787878788	1.02434853110825	1.0307048149105	1.00510030093556	1.07907611694858	0.827543931344504	0.864839018605725	0.984848484848485	0.960964175569348	0.943850752269093	0.986991856581582	0.839611453998165
1	20	before	0.977080651399155	0.990811385267281	1.00043105251864	1.00613559173034	1.00912557297762	1.0019750689872	1.02901842210648	1.07996459132487	1.06821445269627	1.00378787878788	1.0333353386792	1.03646768497056	1.0066567966673	1.10710971992277	0.794761571528541	0.730583563503366	0.984848484848485	0.971678549518131	0.973633787605555	0.995973608924905	0.940122492659588
2	20	before	0.958463993884567	0.987685074329038	0.999933259533179	1.00622870353199	1.01196304002464	1.00229245091623	1.03626256482204	1.08523067705213	1.07372047945296	1.00378787878788	1.03014881625457	1.04636300974728	1.00754596496347	1.12434940129512	0.735849056603774	0.735154734434438	0.983606557377049	0.968491430553912	0.950436889229508	0.9896579823868	0.86827225014766
0	21	before	1	1	1	1	1	1	1	1.10153615586362	1.06142203034711	1.00315457413249	1.02117280075455	1.0264707720771	1.00483114165152	1.07412704397436	0.83177219932559	0.879146803595225	0.984227129337539	0.971493105976926	0.951359194586873	0.989219802835985	0.861305591829467
1	21	before	0.972074754920353	0.997036790439451	0.999932190330467	1.00282794655032	1.00754267966286	1.00117030353783	1.01773911154895	1.07885117493473	1.08076738144679	1.00315457413249	1.02914616192767	1.03407064772168	1.00607934000685	1.09682293812379	0.787111622554661	0.772142395088611	0.984227129337539	0.95950530447406	0.972689589692177	0.991452827457201	0.88481026994405
2	21	before	0.957017531450198	0.997548555151035	1.00006024652157	1.00201051993956	1.00853845072282	1.00096444023422	1.01754664283853	1.0759693845278	1.08075623398755	1.00315457413249	1.02742835479501	1.04676822289787	1.00718269302917	1.11464380987079	0.735444330949949	0.791196535938523	0.982986767485822	0.954328329800932	0.941435904539498	0.987661703181329	0.841560859992421
0	22	before	1	1	1	1	1	1	1	1.10909090909091	1.07539994951351	1.00442198357549	1.02614227512847	1.02903232508219	1.00479669246769	1.07126093426024	0.82648401826484	0.6858564577992	0.984848484848485	0.95969410146982	0.945462815890478	0.988781005370634	0.857277407139406
1	22	before	0.976536839210986	1.00685537740565	0.999807553933722	1.0010356772051	1.00356615357325	1.00071071841091	1.01075352854498	1.0770836615724	1.07217866762642	1.00442198357549	1.02400133723345	1.03490513373332	1.0061494426792	1.10024495113525	0.833436686096986	0.874977326999895	0.98159509202454	0.964621707826751	0.925892921097672	0.984712153309925	0.819993948813187
2	22	before	0.976676614412534	1.00421404362146	0.999722910675809	1.00654454738603	1.01152973971466	1.00227284827963	1.03573729076866	1.09185441941075	1.09342380054274	1.00442198357549	1.03427587428145	1.0518312847138	1.00784406688043	1.12820840524007	0.794802564967938	0.668192413882077	0.984848484848485	0.972441827109734	0.9393089288998	0.988641428429168	0.866759949699456
0	23	before	1	1	1	1	1	1	1	1.13489883988119	1.08440034993656	1.00505689001264	1.03083724544266	1.03385096672066	1.00548458685744	1.08653902223494	0.78381243374696	0.684151141267805	0.984952120383037	0.955344910592383	0.952102883721961	0.990215582169898	0.871240932656711
1	23	before	0.972618962258047	1.00151849355747	1.00036494020216	1.00038755399736	1.00161079056704	1.00073368544845	1.0097165991828	1.11029072450392	1.07493887382548	1.00505689001264	1.0220928169402	1.03113491183232	1.00528069966469	1.08057513817028	0.737183067128337	0.821018317604445	0.986717267552182	0.971267543268486	0.956080185558812	0.992352776168894	0.893056002001651
2	23	before	0.978466577217027	1.00843159269154	0.999882078278315	1.00121263401357	1.01169274790896	1.00232648659361	1.03540257203163	1.09159458860058	1.07604759653412	1.00505689001264	1.03142246089889	1.04803026866773	1.00730948729262	1.11904882948727	0.75393722774489	0.850218894640627	0.984848484848485	0.966774964824089	0.946203526043614	0.989211040978991	0.86678733127688
0	24	before	1	1	1	1	1	1	1	1.11092032967033	1.08883924651356	1.00632911392405	1.02864764511531	1.03005687217099	1.00488513933592	1.07420421462833	0.805687203791469	0.695788872247733	0.98547062539482	0.959525292977929	0.955569053819456	0.992012406050338	0.894160827684906
1	24	before	0.9847547365355	0.998809811429961	0.99946900164183	0.997402388146489	1.00010869427686	1.0002411121203	1.00380567635539	1.10107676276485	1.07405851811354	1.00632911392405	1.02154868012392	1.02750390620556	1.00494809723675	1.0771444645019	0.795415074678708	0.711573321665208	0.981749528005034	0.96124028803057	0.97236428940693	0.991292264304925	0.887607212356931
2	24	before	0.978042632107993	1.00802377062237	1.00044994425228	1.00282993885707	1.00943022709015	1.00229571160543	1.03662652419262	1.06334519572954	1.0728289988179	1.00632911392405	1.03211650721364	1.04152984667598	1.00796040469328	1.13276012631463	0.827647914103568	0.86572829544469	0.986977381768335	0.968882226262231	0.955868278235104	0.992236180510743	0.896294893206803
0	25	before	1	1	1	1	1	1	1	1.09902912621359	1.07457878914814	1.00569259962049	1.02901606212561	1.02886378097888	1.00540606514782	1.08027544065396	0.843549078439777	0.877997062795982	0.986301369863014	0.940395840130748	0.952139277410266	0.987168436477186	0.845838932581936
1	25	before	0.973322161217867	0.986871341100485	0.999960255628715	1.00286547226557	1.0036940143988	1.00129000366633	1.01570941550171	1.08079652094301	1.07382899729302	1.00569259962049	1.0266768548026	1.02742892638934	1.0054616010133	1.08132474569307	0.805151957363112	0.666043078867704	0.986301369863014	0.971062219373906	0.970113863568986	0.996082801046105	0.940846282651047
2	25	before	0.995531674050333	0.991340331336518	1.00064676125967	1.00181722071919	1.00429365841218	1.00152987628943	1.02086024431771	1.11287254280279	1.06957795033827	1.00569259962049	1.02834300705763	1.03729019323831	1.00682165706748	1.10877230540872	0.823473734027449	0.693451926453292	0.986717267552182	0.970228804817271	0.960541823864679	0.9931589971342	0.902353309796173
0	26	before	1	1	1	1	1	1	1	1.10169054736625	1.07118306717727	1.00696643445218	1.02421749578169	1.03148719418404	1.00521566294464	1.07809761860666	0.848026868178002	0.840861870119073	0.986093552465234	0.956403661671867	0.958838081028765	0.989692372615863	0.867326227732472
1	26	before	0.962712036242678	0.986843021702758	0.999156837082137	1.00297588813354	1.00189197564103	1.00060680702037	1.00926882824218	1.06408169305905	1.05197401210363	1.00696643445218	1.03034276855168	1.02909213940244	1.00471815035768	1.07181428731854	0.768477476548809	0.807333232153881	0.976271186440678	0.960599801997782	0.94132009443357	0.987776365672296	0.843086014848029
2	26	before	0.976986522299254	0.979910742618831	0.999852857407449	1.00390494698368	1.00100331633349	1.00074098061046	1.00988671506385	1.09779714354878	1.05417068937713	1.00696643445218	1.02821675088631	1.03401004900901	1.00570521704715	1.08829342208018	0.797035586939803	0.71989757527252	0.986093552465234	0.954123342393944	0.962201787850914	0.992441382287215	0.894803199077106
0	27	before	1	1	1	1	1	1	1	1.12616906706516	1.08314809263108	1.00252206809584	1.02308907008059	1.03055512488291	1.0055317968443	1.08434531728364	0.83073727933541	0.696148470836838	0.984848484848485	0.9623559867855	0.926849397184568	0.98537218434821	0.826441660143963
1	27	before	0.976344661312378	0.995579817085731	0.999218622692822	1.00451825294798	1.00185831943844	1.0008842425503	1.01127101113508	1.0877002670227	1.07436745247056	1.00252206809584	1.0297396258917	1.03720616885554	1.00609321682101	1.09659727340412	0.814252905560582	0.708900092041934	0.981749528005034	0.970939972579811	0.960036042114095	0.99242136795943	0.89707063078135
2	27	before	0.972951342764958	0.989492194274045	0.99991696819238	1.00364788001957	0.999863016328615	1.00008762778456	0.999110304745965	1.08575596540586	1.06764559962386	1.00252206809584	1.03015163927922	1.0295082288089	1.00451208409447	1.06641344910759	0.782868984572876	0.717886952212327	0.982986767485822	0.964656041823394	0.967726981286738	0.986934872559526	0.847833270975886
0	28	before	1	1	1	1	1	1	1	1.11612381145054	1.06857183082434	1.00505689001264	1.02019162188198	1.02660988602034	1.00572671640457	1.08966072883061	0.824601095498928	0.822204767556016	0.986093552465234	0.968966209240544	0.945664084689649	0.987874958607683	0.854583147182638
1	28	before	0.977060667618979	0.996485789659855	1.0009572047534	1.00380425955892	1.00031828967481	1.0005556210013	1.00935843548888	1.09925123466624	1.06820679242332	1.00632911392405	1.02959905539306	1.03897620213141	1.00587098851166	1.08754360601981	0.806214570648751	0.846631977859379	0.987341772151899	0.956456286791167	0.959428906174989	0.982369479958584	0.790872901032083
2	28	before	1.0153427030733	1.0009468415801	1.00076982529402	0.999488664514248	0.996143990661175	0.999945449005051	0.997639887083566	1.1254580352469	1.07200839727633	1.00632911392405	1.02372370797515	1.03003278681753	1.00484092843113	1.07281675451184	0.848086807538549	0.773924923218113	0.986093552465234	0.959370651505732	0.947745079166418	0.988480745121178	0.848644218738675
0	29	before	1	1	1	1	1	1	1	1.12274024738344	1.07252319331406	1.00569259962049	1.02202131286243	1.03417591651661	1.00500907874392	1.0810448421838	0.69549657023561	0.846692454990129	0.98159509202454	0.971024364808741	0.939234641503712	0.989033055925557	0.85807886901626
1	29	before	0.98532780802655	0.98296736682501	1.00066205410767	1.0031088173872	0.998481577014701	1.00006988128691	1.00250030943735	1.09791602052965	1.05994837827897	1.00569259962049	1.03291687668644	1.03458513795517	1.00577729826905	1.0917508945443	0.824778145119193	0.71303037400485	0.987967067764408	0.949839204662857	0.936983306491999	0.983374230068388	0.814809723870049
2	29	before	1.01301774008413	1.00212370427848	1.000094069161	0.997283037137486	0.994292959309823	0.998891154629535	0.98617794386473	1.15704442860537	1.09905592560579	1.00569259962049	1.02295458875222	1.02369054100791	1.00410053522765	1.06250528767472	0.810774769969329	0.765732058955775	0.986093552465234	0.942027191165874	0.943627004082611	0.980925551537927	0.775031863355957
0	30	before	1	1	1	1	1	1	1	1.1437392303274	1.08243653378191	1.00378787878788	1.02869747036871	1.0341352822424	1.0050693590663	1.07466644495865	0.795493934142114	0.8016722785891	0.983606557377049	0.956936468800916	0.942544355786264	0.989055771460154	0.853847817477673
1	30	before	0.984384271653822	0.9857734459268	0.999220635532101	1.00080053126089	0.994260774459299	0.999124470370248	0.989056539523275	1.09881724532621	1.06051967998151	1.00378787878788	1.02483119987488	1.03343457369451	1.0057812322967	1.09149373632257	0.831746031746032	0.817178400721236	0.982367758186398	0.9440419746362	0.92441285335841	0.98341342765932	0.798952413024396
2	30	before	0.986265190849913	0.990579030842289	0.999483496970809	1.00032551682173	0.99319828132463	0.998663388160928	0.982855079154594	1.10918816865953	1.07221827700188	1.00378787878788	1.02417943241314	1.02456587086808	1.00460446270097	1.07151128045137	0.81591152336782	0.779809222818556	0.982367758186398	0.948616207092208	0.942016055576073	0.979918918141463	0.777382775947794
0	31	before	1	1	1	1	1	1	1	1.1171280803164	1.08892831283641	1.00569259962049	1.03232926900473	1.03753699151903	1.00771334478118	1.1063684760789	0.82595462091865	0.676961267786792	0.982986767485822	0.926495675949178	0.932496420746601	0.976615940521189	0.752467387490942
1	31	before	1.00197872633262	1.00071481700533	1.0006971840156	1.00522899577619	0.997559383827587	1.00077523106639	1.00435224947748	1.10943396226415	1.07750607280349	1.00888324873096	1.02716977023573	1.03926767737511	1.00708872880856	1.10175626973443	0.861555432984005	0.788995330064998	0.984227129337539	0.9734771006066	0.941664648543497	0.989293303161459	0.855361262137775
2	31	before	0.990814159268777	0.999333918817706	1.00089845845008	0.998294861192527	0.994984725629725	0.999519216140328	0.986638990022326	1.11619919862622	1.07548205231819	1.00569259962049	1.02691442325679	1.02560404925165	1.00448404351677	1.05895048658809	0.822452929790604	0.843187476285423	0.986717267552182	0.945072736222752	0.942806221455954	0.98516964235822	0.810944732625987
0	32	before	1	1	1	1	1	1	1	1.12932138284251	1.09412122858934	1.00315457413249	1.0331361600598	1.03871694455451	1.00771626057298	1.12045377049665	0.818659899008399	0.719364582155659	0.984848484848485	0.955427614657225	0.930259649153103	0.983048206079288	0.793861731538911
1	32	before	0.999518574811111	0.997813096238301	0.99956650118856	1.00589250105617	1.00103494703847	1.00164627141426	1.01943462998852	1.12353109773574	1.06997512777806	1.00315457413249	1.02871586523945	1.03785725444115	1.0070496707343	1.10479535359328	0.83270687561441	0.76321796504225	0.982367758186398	0.973366837399984	0.955349580170574	0.99206102201598	0.88933065958338
2	32	before	1.00279037844599	1.00193096277236	0.999235527018638	1.00156028145712	0.998905427630926	1.00062278567522	1.00449837860438	1.11520215251717	1.08173775187805	1.00315457413249	1.02708766833089	1.03497703637163	1.00614507420564	1.08907857877037	0.801883452524251	0.783377126834028	0.981749528005034	0.959229931624594	0.956969721971357	0.990695058746006	0.871276015163336
0	33	before	1	1	1	1	1	1	1	1.10979369219825	1.07175848858953	1.00442198357549	1.02643476921232	1.0329490620149	1.00545766364175	1.0824934899013	0.811500993095621	0.862629509987551	0.98547062539482	0.954773750210853	0.940524446313575	0.987047590023353	0.832242908769697
1	33	before	0.980619304997218	0.986975141724396	1.00051684318201	1.00390565509967	0.996668057938627	1.00028814244417	1.00184127163188	1.09524259907311	1.05055260097648	1.00442198357549	1.02592600776021	1.02857750566003	1.00512718226764	1.07676874040588	0.770547945205479	0.830004631193689	0.98547062539482	0.973317355118392	0.955114582913466	0.991750346516729	0.882721190053156
2	33	before	0.993285325005009	0.989382025909196	1.00046156232379	0.999118659929412	0.999053867341358	1.00040694946657	1.00363077683326	1.11065969224519	1.0586623146059	1.00442198357549	1.02097219947867	1.03487969846699	1.00609944097608	1.09452122520819	0.82680864390855	0.782092926269169	0.98547062539482	0.960630441147257	0.964428746095682	0.993734506905222	0.910276581502419
0	34	before	1	1	1	1	1	1	1	1.10919143054596	1.07327734437053	1.00569259962049	1.03412581542226	1.03356744689228	1.00544776108151	1.0805264602634	0.855002583089375	0.706798924564354	0.984848484848485	0.949233328259343	0.939528914349622	0.987167085298499	0.834367389093012
1	34	before	0.989811237886788	0.998993381373035	0.999130324331557	0.999206392960528	0.997153425878247	1.00026105458337	1.00113127160631	1.09386131560199	1.07122210646681	1.00569259962049	1.02396392862447	1.02405715152447	1.00491477420342	1.07093166266695	0.836415362731152	0.761700887850414	0.96958174904943	0.95574223966355	0.90344158313175	0.980774185324232	0.781474318313102
2	34	before	1.00060707701542	1.01439324285138	1.00069794498305	0.995211899246114	1.00312211414333	1.00095426918417	1.00976771031479	1.11059548167992	1.09058970821496	1.00569259962049	1.01967937831716	1.03274233369773	1.0060344662256	1.0928497010532	0.807392312557094	0.877230302332293	0.986977381768335	0.965993037650731	0.968394154295929	0.993740303518851	0.910651534279959
0	35	before	1	1	1	1	1	1	1	1.12172126193642	1.07340241008986	1.00378787878788	1.02907942647675	1.03015410056749	1.0057462804209	1.08253726268429	0.835128845988107	0.753000145366349	0.984848484848485	0.955920899092978	0.928584194563661	0.981835718536804	0.794485136288333
1	35	before	0.989630921544173	1.00015767432224	0.998926353972829	0.99585247475958	0.994112509383749	0.99921710762604	0.987216767555856	1.08742999377722	1.07141058738924	1.00315457413249	1.02216121115456	1.02905734564045	1.00487932213659	1.06964948838005	0.840576395242452	0.777818576314237	0.979591836734694	0.954737121141225	0.90722186968167	0.982570917731298	0.791890236457684
2	35	before	0.9860069009298	0.994261544666552	0.999608090940118	0.996456242455223	1.00405578967505	1.00102254798546	1.01025504553794	1.1063829787234	1.08416607763151	1.00378787878788	1.01863157677743	1.0294016745631	1.00530562018242	1.07549063895098	0.804102387313626	0.658793952957259	0.979591836734694	0.965297358336593	0.965570394756101	0.994752889009077	0.91939721578416
0	36	during	1	1	1	1	1	1	1	1.14417123651159	1.07620448647595	1.00632911392405	1.0260039006112	1.0367896784792	1.00583530134301	1.08666901796425	0.775060282466414	0.870302132409361	0.982935153583618	0.962203468169673	0.953192818224531	0.989306311084121	0.858941253062984
1	36	during	0.958830412283636	0.937226237616835	0.999764858643849	0.98377237800756	0.969815671224665	0.991852578315051	0.903166859456416	1.1383410012299	1.05892243850699	1.00632911392405	1.02258833824956	1.01450272725361	1.0011440134177	1.01250599309541	0.647347413936471	0.517560479950928	0.984227129337539	0.929110381595149	0.869230301309861	0.965633870533221	0.676886435355265
2	36	during	0.856181775636306	0.856704209186264	0.997374572949614	0.969263678464613	0.945397642768044	0.977491449134381	0.859452310476368	1.18083285795779	1.10509167867387	1.00315457413249	1.00756224771665	1.02364031785322	1.00338735762636	1.04776256215581	0.0493203769485953	0.067419083825632	0.962457337883959	0.874388583229792	0.650182077956031	0.816881830308553	0.334202701457107
0	37	during	1	1	1	1	1	1	1	1.13425742574257	1.07364482073795	1.00378787878788	1.02478086659292	1.03016715390933	1.00556625903916	1.08518645900874	0.836455331412104	0.808100001581497	0.984848484848485	0.963767869541807	0.959750174966808	0.989972401795212	0.869207027896968
1	37	during	1.00276294779686	0.965101696185069	0.999681014229343	0.967907366419883	0.949083138258811	0.986062855196742	0.839489511449594	1.19430051813472	1.08975854499843	1.00378787878788	0.999934527965749	1.00070701906847	0.998534708054128	0.974462075874373	0.755360019828975	0.620740495432035	0.984227129337539	0.927524329512653	0.876232348142614	0.965904196290658	0.678153923260102
2	37	during	0.686457581644569	0.825706799846208	0.996576947731889	0.92314147303703	0.898112480888152	0.953387318899165	0.663198320709819	0.96483704974271	1.06245345201237	1.00315457413249	0.973597030946542	0.99418341501303	0.989051520726589	0.856973234118149	0.0576279588548767	0.0868113297002357	0.947802197802198	0.843517303010404	0.619163412368114	0.815602347094334	0.328462931746432
0	38	during	1	1	1	1	1	1	1	1.11798888327438	1.08207625067046	1.00378787878788	1.02729466185528	1.03583079383435	1.0066154761102	1.09864316579082	0.84072366087265	0.810063947765369	0.983606557377049	0.961385764238218	0.950858191690648	0.987612261330692	0.843250948485114
1	38	during	0.993647885265922	0.967606338336203	0.999198628933534	0.97055875040884	0.94924156440171	0.986635646693137	0.843339853341816	1.2386026021924	1.09624103279933	1.00378787878788	0.99917373431979	0.99846320835882	0.996565295522234	0.945192033934373	0.706289671090594	0.627978405845786	0.984227129337539	0.933979431903018	0.88095209995981	0.96882812786664	0.700760950675566
2	38	during	0.711972855597529	0.858771079982138	0.997050167334226	0.926721733810464	0.904291171231544	0.953000887170259	0.668694382747238	0.995033699893579	1.09552537353701	1.00252206809584	0.973107295338255	0.997002422980175	0.991142034129066	0.87799100484334	0.0625669843292877	0.0935914249664931	0.965909090909091	0.823221895670918	0.635678006332979	0.823404270305805	0.339230656053113
0	39	during	1	1	1	1	1	1	1	1.1102324845801	1.07245354804359	1.00315457413249	1.02621173300625	1.03829089363539	1.0068278277931	1.1083283244003	0.825736325385694	0.809589586930535	0.983606557377049	0.966100862174493	0.96622499973997	0.992619390910727	0.898062964936109
1	39	during	0.998188729624039	0.97381142996364	1.0000083363324	0.965328429966837	0.944155145259036	0.984477936143852	0.823552782662605	1.18614581685909	1.08682184015202	1.00315457413249	1.00017489022109	0.991947769350351	0.994645720987726	0.925176487880038	0.741917741245493	0.621001493798655	0.984227129337539	0.918797560663927	0.875520471995206	0.960096991597263	0.644664161705299
2	39	during	0.705946039065064	0.866200106092803	0.996786140802699	0.931925966297424	0.91201717185929	0.957355946487775	0.676569242403145	1.00114854517611	1.10038659350049	1.00189035916824	0.983428776230479	1.0022412994365	0.992061981794814	0.892297994624932	0.0664104310596478	0.0968405643955171	0.96469104665826	0.878172592172324	0.665811442306539	0.847373759526084	0.365309498445167
0	40	during	1	1	1	1	1	1	1	1.10992671552298	1.07510965729183	1.00378787878788	1.0261144829593	1.03949049492639	1.00705578249527	1.10987868834618	0.803007518796992	0.80971104148198	0.984848484848485	0.956576936830367	0.956787925831517	0.988930292791188	0.852853638202101
1	40	during	0.967388171465353	0.963346272488622	1.00016501590349	0.977039987469355	0.947380956621914	0.986461111269233	0.838667319719409	1.14587122590033	1.07348566174606	1.00378787878788	1.01082986227981	0.990362873622698	0.995217951997808	0.932287071726873	0.70681931309109	0.674091811665019	0.984848484848485	0.940243462639566	0.878922022812768	0.970890938133442	0.709263391519344
2	40	during	0.675289194516029	0.852819489761515	0.997112251436694	0.939695133323674	0.915988784059103	0.959686516848653	0.687289919077693	0.913002413684542	1.08145922500322	1.00125944584383	0.986587403545548	1.01870729881012	0.994189984017242	0.914882117714591	0.063499014670462	0.0967503677347043	0.961800818553888	0.879801173207365	0.665002137462721	0.845865232328677	0.364580949100588
0	41	during	1	1	1	1	1	1	1	1.10592711253504	1.07764170218752	1.00505689001264	1.02990102071001	1.03133107699025	1.00602019809118	1.09446567722902	0.850020024028835	0.753020611329103	0.98547062539482	0.950538458172265	0.96429215596286	0.98950590498496	0.861498137103735
1	41	during	0.997265924160028	0.987587228488484	0.99993862652081	0.980311681682266	0.947414555100645	0.987374517290099	0.851198668836447	1.18133203694701	1.10666970567556	1.00505689001264	1.01206250712709	0.997284981394503	0.997423228906294	0.96157598769877	0.762913907284768	0.680391568800775	0.98547062539482	0.940237964553089	0.870431544953905	0.970540795927975	0.70143577090458
2	41	during	0.696585960498398	0.875007700805736	0.997186368041229	0.940748087313485	0.918668158779105	0.960854452369698	0.697687943422387	0.945489628557646	1.11010404582642	1.00315457413249	0.981313405433691	1.01911010634134	0.991619195133836	0.895937986228871	0.0636895228872584	0.0982757713516016	0.96651926721415	0.880421244562422	0.680187866189418	0.841629379387974	0.356607583080366
0	42	during	1	1	1	1	1	1	1	1.11648444070648	1.08926449794743	1.00569259962049	1.03454637025525	1.02893476671199	1.00581994172056	1.0808993578739	0.818837505303352	0.683486970273558	0.98547062539482	0.935112006068847	0.94485501087802	0.983161993765205	0.811116756384296
1	42	during	0.979289036268784	0.986241247224589	0.999808729051765	0.97546902317115	0.955390962852959	0.988326213123361	0.865784513597167	1.19210119210119	1.11065316339176	1.00569259962049	1.01611696896008	1.00468701699565	0.999569538158739	0.988021646542543	0.702806280133515	0.659754566516904	0.984227129337539	0.927067581263054	0.871606495124372	0.96998439012892	0.695548572516886
2	42	during	0.680345047501093	0.864552455386069	0.996430543388204	0.940062159851927	0.921892303054916	0.962565577777227	0.709665349983906	0.923317683881064	1.09725791955092	1.00125944584383	0.985870637856815	1.02460789897835	0.993658113260208	0.917609211240011	0.0612048614147067	0.0947544412808349	0.951173113506658	0.882742920161989	0.685562638385529	0.838358443558033	0.356498380917455
0	43	during	1	1	1	1	1	1	1	1.11475620738454	1.07105849881438	1.00632911392405	1.0370443835059	1.03542908041371	1.00614609428557	1.08772751092949	0.849140486069947	0.857735649128132	0.986717267552182	0.936723149612829	0.93613560639154	0.983001735888876	0.800397364381798
1	43	during	0.965041704169326	0.966683104493431	1.00007121493275	0.983484342850671	0.95821904422283	0.989816856265255	0.880832547166417	1.16070299658617	1.08384278209464	1.00632911392405	1.02338615935348	1.00898520340535	1.0000917132148	0.9932659603443	0.720190638698479	0.704895741542543	0.986717267552182	0.940686809330996	0.868350558319267	0.971614962103915	0.715819196391605
2	43	during	0.669559024044662	0.857519836102414	0.997083620590819	0.944296657263596	0.926578099704092	0.962955381685364	0.719261658988104	0.927084305853795	1.09180462554527	1.00252206809584	0.988463774896567	1.0284786446272	0.993088365872651	0.907051813384489	0.0634843544022757	0.0972448807424985	0.949367088607595	0.87424289822795	0.659786655680474	0.824430762986415	0.342695677612178
0	44	during	1	1	1	1	1	1	1	1.11702127659574	1.06921978436171	1.00505689001264	1.02570822691996	1.02934729342904	1.00474212918294	1.06978810622269	0.836212854181064	0.858130738442875	0.986093552465234	0.952516156640895	0.932608467563017	0.985265301808269	0.823513138999729
1	44	during	0.964587992871211	0.974349429431539	0.999853172236342	0.983013538816278	0.958268155162599	0.989448597243514	0.877156052216505	1.15946956817409	1.07806653539073	1.00505689001264	1.02606104241005	1.01659485596002	1.0013489604591	1.01483191749755	0.743874235194239	0.716334338060217	0.982986767485822	0.933742850892095	0.868581927976747	0.971840512827201	0.717486061735794
2	44	during	0.660593107407548	0.857208916791808	0.996632677649657	0.945962883551475	0.925098145812171	0.962125759044055	0.710124865445755	0.901958488246143	1.08676236171573	1.00189035916824	0.995441607358595	1.02316728291241	0.993134287435793	0.904753162747516	0.0646246640543258	0.108551064412203	0.948166877370417	0.878649241567068	0.701201237975832	0.849413655073539	0.371590810437818
0	45	during	1	1	1	1	1	1	1	1.12290674976884	1.06508600763654	1.00442198357549	1.0249424200934	1.02821802749893	1.00451167180411	1.06472740331853	0.824119748256506	0.84931804253467	0.982986767485822	0.961797650181257	0.93973988384823	0.986780808781775	0.838669586826373
1	45	during	0.942647052084224	0.963596791849239	0.999696857635375	0.980148949575036	0.959627069499279	0.98880830699907	0.871624447230359	1.14050008504848	1.08233946767938	1.00442198357549	1.02537427379743	1.02287459020054	1.00142559904247	1.01818977005363	0.706842653699201	0.670027464719031	0.98547062539482	0.933829728681944	0.881846160516791	0.971786029912657	0.715824527780538
2	45	during	0.668953820401276	0.858299909212708	0.996493497256199	0.944644627061405	0.928521529785651	0.963572841881598	0.72066926290566	0.920314253647587	1.08874479424538	1.00442198357549	0.995523487541851	1.03878292522963	0.994269428261553	0.924043406053632	0.0672755443203131	0.101889132302246	0.947567909033481	0.88458007183424	0.7050083209125	0.857107326435303	0.375763666099378
0	46	after	1	1	1	1	1	1	1	1.1250534721232	1.07523550214377	1.00569259962049	1.02711442004618	1.03114080678788	1.00531304465849	1.0812845996107	0.794912559618442	0.824692654200352	0.983606557377049	0.964989026931736	0.939261110606666	0.985406746395405	0.824051034256891
1	46	after	0.968116387160548	0.992479249047566	1.00031149877295	0.97504694372149	0.966380763551039	0.99004585858509	0.882961318290231	1.16057233704293	1.09673551069962	1.00569259962049	1.01388109618003	1.03559165382552	1.00169517676848	1.02207790436387	0.761278195488722	0.761010493910224	0.986717267552182	0.929329749063746	0.884712779320262	0.970938398351721	0.714015422191382
2	46	after	0.773816450256909	1.00337160807944	0.999586906676572	0.961633297389259	0.980616642051283	0.985533953451795	0.84058846709362	0.928784499985519	1.09609091810382	1.00442198357549	0.994869786409825	1.05149820315247	1.00351366736743	1.04885852414949	0.613656006914434	0.800881489494055	0.98547062539482	0.919140140876264	0.904464402002141	0.962660059590783	0.65578818277679
0	47	after	1	1	1	1	1	1	1	1.12016741931931	1.08119190723442	1.00632911392405	1.02873937838151	1.02928243830433	1.00550284264013	1.08314693794593	0.79100145137881	0.75284032222029	0.986093552465234	0.948312992824952	0.94633867518655	0.986075954422473	0.828971223063025
1	47	after	1.00536050417674	1.0180389957036	1.00070979732539	0.982412137736059	0.975203230084053	0.993172881407753	0.917714579042878	1.23824617010037	1.1325782200933	1.00632911392405	1.01650907157929	1.03926335070789	1.00485651496196	1.06729846646252	0.783744557329463	0.870727945475531	0.987341772151899	0.93850484468559	0.892314615383046	0.975591007129457	0.742017184707296
2	47	after	0.797572315594438	1.00630524019561	1.0005481856813	0.971126109904198	0.989979152143195	0.989946264202171	0.887180536844876	0.930796267119137	1.11375130953637	1.00632911392405	0.999012781963169	1.04342560691951	1.00239268677368	1.0291885962145	0.654151345074511	0.848153994595437	0.987341772151899	0.924720237966018	0.9058106588339	0.97050142196047	0.695846991273241
0	48	after	1	1	1	1	1	1	1	1.11676550729284	1.07699546112873	1.00378787878788	1.03372485366217	1.03985796220127	1.00689135169248	1.09534709811911	0.807127882599581	0.790101481032895	0.984848484848485	0.944060470099376	0.93680526906639	0.98253452227582	0.795101198863624
1	48	after	0.97937764253921	1.00138327664932	0.999642189674976	0.985090915605504	0.984313401786585	0.995827496086171	0.949363611017035	1.14484324017591	1.08497603494383	1.00378787878788	1.02100239720952	1.03749552696072	1.00656448517083	1.09001541875752	0.778750952018279	0.852793359475703	0.983606557377049	0.9170689224435	0.892835060266774	0.96815506462186	0.704104155138968
2	48	after	0.785689356726636	0.993887218147967	0.999493179953816	0.981640345325435	1.0052508481392	0.995632022781191	0.940530578704869	0.929286218494374	1.09223401304916	1.00378787878788	1.00524823987042	1.05086040691318	1.00440634856239	1.05475473788027	0.629973138715727	0.817877587668523	0.984227129337539	0.950102822900372	0.940782998148564	0.982394994395504	0.791743033833074
0	49	after	1	1	1	1	1	1	1	1.10577283987689	1.07600306979848	1.00442198357549	1.0275307848688	1.03655327080101	1.00657446824339	1.09735812400434	0.817603714545271	0.817879944452189	0.98547062539482	0.95791045751902	0.945713728425829	0.985531383206202	0.825554706871309
1	49	after	0.97080613921361	0.997648056469724	1.00057458473307	0.986888294528875	0.987651411517635	0.995797355826863	0.951855582670985	1.16205774705165	1.0790559114426	1.00442198357549	1.01598868511847	1.03897063185745	1.006164739464	1.09030042611953	0.751298540687608	0.799745206253731	0.986093552465234	0.922728775151169	0.908952089224341	0.969568196079961	0.716618803530312
2	49	after	0.790838587475787	0.989059246933922	0.998856734126192	0.984802449251131	1.0084624284613	0.996846033351088	0.957666281718628	0.922946355953181	1.09207129154888	1.00252206809584	1.00878773411962	1.05247226747829	1.00438103197859	1.06025590082569	0.627968337730871	0.792783870717312	0.974429854872149	0.940589519737158	0.942565406444393	0.983767749903299	0.814020849191484
0	50	after	1	1	1	1	1	1	1	1.11697585966002	1.08028684256486	1.00315457413249	1.02319016326981	1.03249396841943	1.00511599445764	1.07411161816051	0.839544919576304	0.863614119683736	0.984227129337539	0.969612812251759	0.953825570631304	0.990162686735369	0.87424717498436
1	50	after	0.993310866126785	1.00428192792716	1.00035461100516	0.987084787484528	0.993557497924228	0.996564290887181	0.960540496063777	1.19379568550544	1.1095534741352	1.00315457413249	1.01483019960571	1.04166235368456	1.00613599759766	1.09363660267768	0.786114354701447	0.692677343453645	0.98547062539482	0.941476487062607	0.92738358166241	0.981138045813266	0.783471935946766
2	50	after	0.818603828294407	0.987770503870028	0.99980656557676	0.990262723134253	1.00662785788537	0.997558129129389	0.97131888680009	0.967097415506958	1.09387912803385	1.00315457413249	1.01592267396337	1.0599402604985	1.00723077670136	1.11273202732651	0.656110576502493	0.779733515238131	0.984227129337539	0.953488564340361	0.93630795843981	0.983702524384303	0.809626666017958
