ID	Species	MaxAge	AllocSeed	LMR	m0	MaxMass	mSeed	Dist	pEstab	Gmax	SLA	palat	memo	RAR	growth	mThres	clonal	propSex	meanSpacerLength	sdSpacerLength	Resshare	AllocSpacer	mSpacer	sens	allocroot	allocshoot	EC50_biomass	slope_biomass	EC50_SEbiomass	slope_SEbiomass	EC50_survival	slope_survival	EC50_establishment	slope_establishment	EC50_sterility	slope_sterility	EC50_seednumber	slope_seednumber	FlowerWeek	DispWeek	GermPeriod
1	LECAcl4plb	100	0.05	0.5	1	5000	1	0.1	0.5	60	0.5	0.25	2	1	0.25	0.2	1	1	17.5	12.5	0	0.05	70	0	1	1	0.301558354468066	7.98184430120163	0	0	1.93661884780932	6.40299876562703	0	0	0	0	0	0	16	20	1
2	LECIcl3plb	100	0.05	0.5	1	5000	1	0.1	0.5	60	0.75	0.5	2	1	0.25	0.2	1	1	17.5	12.5	1	0.05	70	0	1	1	1.74531201600438	3.10210721391997	0	0	1.3100582621864	10.0002671813107	0	0	0	0	0	0	16	20	1
3	LECIcl4plb	100	0.05	0.5	1	5000	1	0.1	0.5	60	0.75	0.5	2	1	0.25	0.2	1	1	17.5	12.5	0	0.05	70	0	1	1	1.11271458324779	2.23460172691291	0	0	1.0792496966488	7.17136550519029	0	0	0	0	0	0	16	20	1
6	LSCAplb	100	0.05	0.75	1	5000	1	0.1	0.5	60	0.5	0.25	2	1	0.25	0.2	0	0	0	0	0	0	0	0	1	1	0.574695764594437	3.60309517071522	0	0	2.60313575156204	8.88281761687574	0	0	0	0	0	0	16	20	1
8	LSCIcl1plb	100	0.05	0.75	1	5000	1	0.1	0.5	60	0.75	0.5	2	1	0.25	0.2	1	1	2.5	2.5	1	0.05	70	0	1	1	1.02518191729703	1.83934020209976	0	0	1.05983075445351	7.75298731806542	0	0	0	0	0	0	16	20	1
9	LSCIcl2plb	100	0.05	0.75	1	5000	1	0.1	0.5	60	0.75	0.5	2	1	0.25	0.2	1	1	2.5	2.5	0	0.05	70	0	1	1	1.76067676803499	8.03147499854145	0	0	1.79357277995981	7.19131540261454	0	0	0	0	0	0	16	20	1
10	LSCIcl3plb	100	0.05	0.75	1	5000	1	0.1	0.5	60	0.75	0.5	2	1	0.25	0.2	1	1	17.5	12.5	1	0.05	70	0	1	1	0.47792240277645	4.64799347439812	0	0	2.55999054834451	9.06441158786005	0	0	0	0	0	0	16	20	1
7	LSCIplb	100	0.05	0.75	1	5000	1	0.1	0.5	60	0.75	0.5	2	1	0.25	0.2	0	0	0	0	0	0	0	0	1	1	0.0436346409228687	6.98239614656282	0	0	1.69240803523679	3.6742433093918	0	0	0	0	0	0	16	20	1
12	LSCTcl3plb	100	0.05	0.75	1	5000	1	0.1	0.5	60	1	1	2	1	0.25	0.2	1	1	17.5	12.5	1	0.05	70	0	1	1	0.337630049009826	1.67050903914735	0	0	2.17741662690891	7.82588534349232	0	0	0	0	0	0	16	20	1
11	LSCTplb	100	0.05	0.75	1	5000	1	0.1	0.5	60	1	1	2	1	0.25	0.2	0	0	0	0	0	0	0	0	1	1	1.68618529435035	4.42819503299122	0	0	1.02358417164695	9.58945764018486	0	0	0	0	0	0	16	20	1
17	MECAcl4plb	100	0.05	0.5	0.3	2000	0.3	0.3	0.5	60	0.5	0.25	2	1	0.25	0.2	1	1	17.5	12.5	0	0.05	70	0	1	1	0.204591289812856	5.18100880609816	0	0	1.44095797109269	9.75158912390085	0	0	0	0	0	0	16	20	1
18	MECIcl3plb	100	0.05	0.5	0.3	2000	0.3	0.3	0.5	60	0.75	0.5	2	1	0.25	0.2	1	1	17.5	12.5	1	0.05	70	0	1	1	0.917878013506041	7.07040668654955	0	0	0.789473142519712	3.83290739858347	0	0	0	0	0	0	16	20	1
19	MECIcl4plb	100	0.05	0.5	0.3	2000	0.3	0.3	0.5	60	0.75	0.5	2	1	0.25	0.2	1	1	17.5	12.5	0	0.05	70	0	1	1	0.515767461040368	7.28230697014504	0	0	1.3557092993107	6.54552005880947	0	0	0	0	0	0	16	20	1
21	MECTcl3peb	100	0.05	0.5	0.3	2000	0.3	0.3	0.5	60	1	1	2	1	0.25	0.2	1	1	17.5	12.5	1	0.05	70	0	1	1	1.90158464186511	4.0308021254342	0	0	1.25035894658823	10.1497693416587	0	0	0	0	0	0	1	5	1
20	MECTplb	100	0.05	0.5	0.3	2000	0.3	0.3	0.5	60	1	1	2	1	0.25	0.2	0	0	0	0	0	0	0	0	1	1	2.03609347189492	7.46946275127087	0	0	2.66151070945685	3.40732595376505	0	0	0	0	0	0	16	20	1
24	MEITplb	100	0.05	0.5	0.3	2000	0.3	0.3	0.5	40	1	1	4	1	0.25	0.2	0	0	0	0	0	0	0	0	1	1	0.133610885558043	7.30069210099491	0	0	0.341103815056587	10.2771229580586	0	0	0	0	0	0	16	20	1
25	MESTcl3plb	100	0.05	0.5	0.3	2000	0.3	0.3	0.5	20	1	1	6	1	0.25	0.2	1	1	17.5	12.5	1	0.05	70	0	1	1	2.04930652264246	4.10166735507926	0	0	0.641332564599446	7.85794403947659	0	0	0	0	0	0	16	20	1
26	MRITcl3peb	100	0.05	1	0.3	2000	0.3	0.3	0.5	40	1	1	4	1	0.25	0.2	1	1	17.5	12.5	1	0.05	70	0	1	1	2.02197884376446	3.84025527997552	0	0	1.55028202059743	3.89660798722938	0	0	0	0	0	0	1	5	1
28	MSCAcl1plb	100	0.05	0.75	0.3	2000	0.3	0.3	0.5	60	0.5	0.25	2	1	0.25	0.2	1	1	2.5	2.5	1	0.05	70	0	1	1	1.00797929514789	4.34147170093337	0	0	1.14115695752721	4.93205514243488	0	0	0	0	0	0	16	20	1
29	MSCAcl2plb	100	0.05	0.75	0.3	2000	0.3	0.3	0.5	60	0.5	0.25	2	1	0.25	0.2	1	1	2.5	2.5	0	0.05	70	0	1	1	0.124748425170732	4.38975820505893	0	0	1.57391837387614	6.68638218580367	0	0	0	0	0	0	16	20	1
30	MSCAcl3plb	100	0.05	0.75	0.3	2000	0.3	0.3	0.5	60	0.5	0.25	2	1	0.25	0.2	1	1	17.5	12.5	1	0.05	70	0	1	1	1.06208858601335	5.51904449014075	0	0	0.734515428484807	6.67423499241819	0	0	0	0	0	0	16	20	1
27	MSCAplb	100	0.05	0.75	0.3	2000	0.3	0.3	0.5	60	0.5	0.25	2	1	0.25	0.2	0	0	0	0	0	0	0	0	1	1	0.162049049840001	6.39835787153667	0	0	0.706263823032236	4.413844659095	0	0	0	0	0	0	16	20	1
32	MSCIcl3plb	100	0.05	0.75	0.3	2000	0.3	0.3	0.5	60	0.75	0.5	2	1	0.25	0.2	1	1	17.5	12.5	1	0.05	70	0	1	1	0.98829744948735	4.13029331326433	0	0	2.66592552838058	8.48567041343073	0	0	0	0	0	0	16	20	1
31	MSCIplb	100	0.05	0.75	0.3	2000	0.3	0.3	0.5	60	0.75	0.5	2	1	0.25	0.2	0	0	0	0	0	0	0	0	1	1	1.97616113583003	7.166842762749	0	0	2.72968480661876	3.12218757699104	0	0	0	0	0	0	16	20	1
34	MSCTcl1plb	100	0.05	0.75	0.3	2000	0.3	0.3	0.5	60	1	1	2	1	0.25	0.2	1	1	2.5	2.5	1	0.05	70	0	1	1	0.0339382252172308	7.48021177156691	0	0	0.866002970019958	5.89636168699215	0	0	0	0	0	0	16	20	1
35	MSCTcl2plb	100	0.05	0.75	0.3	2000	0.3	0.3	0.5	60	1	1	2	1	0.25	0.2	1	1	2.5	2.5	0	0.05	70	0	1	1	1.1490896527344	3.63671524241924	0	0	1.89106589093298	2.21972500000312	0	0	0	0	0	0	16	20	1
41	MSIAcl3plb	100	0.05	0.75	0.3	2000	0.3	0.3	0.5	40	0.5	0.25	4	1	0.25	0.2	1	1	17.5	12.5	1	0.05	70	0	1	1	1.23338845581071	6.38937851606573	0	0	2.70514033685583	3.54345780443835	0	0	0	0	0	0	16	20	1
42	MSIAcl4plb	100	0.05	0.75	0.3	2000	0.3	0.3	0.5	40	0.5	0.25	4	1	0.25	0.2	1	1	17.5	12.5	0	0.05	70	0	1	1	0.068619539015594	8.39395858239648	0	0	0.867615222002989	9.88348022637819	0	0	0	0	0	0	16	20	1
44	MSIIcl1plb	100	0.05	0.75	0.3	2000	0.3	0.3	0.5	40	0.75	0.5	4	1	0.25	0.2	1	1	2.5	2.5	1	0.05	70	0	1	1	1.34006679848045	2.26331311929807	0	0	1.76461081907769	8.72659478687013	0	0	0	0	0	0	16	20	1
43	MSIIplb	100	0.05	0.75	0.3	2000	0.3	0.3	0.5	40	0.75	0.5	4	1	0.25	0.2	0	0	0	0	0	0	0	0	1	1	0.24816921570783	1.83711272238595	0	0	1.64951933339938	7.80288730714806	0	0	0	0	0	0	16	20	1
45	MSITcl3plb	100	0.05	0.75	0.3	2000	0.3	0.3	0.5	40	1	1	4	1	0.25	0.2	1	1	17.5	12.5	1	0.05	70	0	1	1	1.54673589710125	2.05907366714577	0	0	0.845304863567139	2.16918974017571	0	0	0	0	0	0	16	20	1
46	MSITcl4plb	100	0.05	0.75	0.3	2000	0.3	0.3	0.5	40	1	1	4	1	0.25	0.2	1	1	17.5	12.5	0	0.05	70	0	1	1	1.68585318189627	8.35436800949992	0	0	1.86872800396642	3.85410351723468	0	0	0	0	0	0	16	20	1
49	MSSAcl4plb	100	0.05	0.75	0.3	2000	0.3	0.3	0.5	20	0.5	0.25	6	1	0.25	0.2	1	1	17.5	12.5	0	0.05	70	0	1	1	0.222986318096055	2.80271800864838	0	0	0.89852100359206	7.67284229883165	0	0	0	0	0	0	16	20	1
50	SECAcl3plb	100	0.05	0.5	0.1	1000	0.1	0.6	0.5	60	0.5	0.25	2	1	0.25	0.2	1	1	17.5	12.5	1	0.05	70	0	1	1	0.366573879553255	3.57414880469909	0	0	2.42809713174166	2.09428347108276	0	0	0	0	0	0	16	20	1
52	SECTcl3peb	100	0.05	0.5	0.1	1000	0.1	0.6	0.5	60	1	1	2	1	0.25	0.2	1	1	17.5	12.5	1	0.05	70	0	1	1	1.36648431149613	3.24069942695705	0	0	0.714915491822146	3.94461229965087	0	0	0	0	0	0	1	5	1
51	SECTpeb	100	0.05	0.5	0.1	1000	0.1	0.6	0.5	60	1	1	2	1	0.25	0.2	0	0	0	0	0	0	0	0	1	1	0.0798872024716357	6.91309701509638	0	0	2.07641708515344	4.02969377565424	0	0	0	0	0	0	1	5	1
55	SEIAcl4peb	100	0.05	0.5	0.1	1000	0.1	0.6	0.5	40	0.5	0.25	4	1	0.25	0.2	1	1	17.5	12.5	0	0.05	70	0	1	1	0.604906126726151	5.1498813223247	0	0	1.80027883318617	7.22741626704269	0	0	0	0	0	0	1	5	1
54	SEIAplb	100	0.05	0.5	0.1	1000	0.1	0.6	0.5	40	0.5	0.25	4	1	0.25	0.2	0	0	0	0	0	0	0	0	1	1	1.75334021580724	1.67904855279015	0	0	2.33445112588869	5.75341568694254	0	0	0	0	0	0	16	20	1
69	SEIIcl1peb	100	0.05	0.5	0.1	1000	0.1	0.6	0.5	40	0.75	0.5	4	1	0.25	0.2	1	1	2.5	2.5	1	0.05	70	0	1	1	1.6307320119594	6.92139082546028	0	0	1.433110351286	3.24786792314166	0	0	0	0	0	0	1	5	1
57	SEITcl1plb	100	0.05	0.5	0.1	1000	0.1	0.6	0.5	40	1	1	4	1	0.25	0.2	1	1	2.5	2.5	1	0.05	70	0	1	1	1.47438936439808	5.86923727685671	0	0	2.19673683280107	9.77048821174616	0	0	0	0	0	0	16	20	1
58	SEITcl3peb	100	0.05	0.5	0.1	1000	0.1	0.6	0.5	40	1	1	4	1	0.25	0.2	1	1	17.5	12.5	1	0.05	70	0	1	1	1.99865701503178	2.35355923467832	0	0	0.871798576986654	5.25458410287385	0	0	0	0	0	0	1	5	1
59	SEITcl4peb	100	0.05	0.5	0.1	1000	0.1	0.6	0.5	40	1	1	4	1	0.25	0.2	1	1	17.5	12.5	0	0.05	70	0	1	1	1.16503496086708	6.6261265859243	0	0	1.66456577822628	10.2604521722364	0	0	0	0	0	0	1	5	1
62	SESTcl4plb	100	0.05	0.5	0.1	1000	0.1	0.6	0.5	20	1	1	6	1	0.25	0.2	1	1	17.5	12.5	0	0.05	70	0	1	1	0.743941899603461	7.59145497113173	0	0	1.31847345666974	6.32775676993055	0	0	0	0	0	0	16	20	1
63	SRIAcl1peb	100	0.05	1	0.1	1000	0.1	0.6	0.5	40	0.5	0.25	4	1	0.25	0.2	1	1	2.5	2.5	1	0.05	70	0	1	1	1.73693281680991	6.27356747884479	0	0	2.19498226961833	6.52533877376214	0	0	0	0	0	0	1	5	1
64	SRIAcl1plb	100	0.05	1	0.1	1000	0.1	0.6	0.5	40	0.5	0.25	4	1	0.25	0.2	1	1	2.5	2.5	1	0.05	70	0	1	1	2.00694155144369	5.57356793952278	0	0	2.011075179961	2.90081914300704	0	0	0	0	0	0	16	20	1
65	SRIAcl3plb	100	0.05	1	0.1	1000	0.1	0.6	0.5	40	0.5	0.25	4	1	0.25	0.2	1	1	17.5	12.5	1	0.05	70	0	1	1	0.23292528361548	5.46594388090338	0	0	2.49999676232316	4.8388253204691	0	0	0	0	0	0	16	20	1
66	SRIAcl4peb	100	0.05	1	0.1	1000	0.1	0.6	0.5	40	0.5	0.25	4	1	0.25	0.2	1	1	17.5	12.5	0	0.05	70	0	1	1	0.106085765431688	5.6696755002077	0	0	2.49376694398263	9.969064589247	0	0	0	0	0	0	1	5	1
67	SRITcl3peb	100	0.05	1	0.1	1000	0.1	0.6	0.5	40	1	1	4	1	0.25	0.2	1	1	17.5	12.5	1	0.05	70	0	1	1	0.785556502234441	1.73270188722862	0	0	1.86620164824614	3.73762105623732	0	0	0	0	0	0	1	5	1
68	SRITcl3plb	100	0.05	1	0.1	1000	0.1	0.6	0.5	40	1	1	4	1	0.25	0.2	1	1	17.5	12.5	1	0.05	70	0	1	1	0.930310990116614	7.43272824877659	0	0	0.499666818238132	2.14122682458633	0	0	0	0	0	0	16	20	1
70	SSCTplb	100	0.05	0.75	0.1	1000	0.1	0.6	0.5	60	1	1	2	1	0.25	0.2	0	0	0	0	0	0	0	0	1	1	1.29089553648535	6.90482666351207	0	0	2.08704572282726	2.0936528767821	0	0	0	0	0	0	16	20	1
71	SSIAcl4plb	100	0.05	0.75	0.1	1000	0.1	0.6	0.5	40	0.5	0.25	4	1	0.25	0.2	1	1	17.5	12.5	0	0.05	70	0	1	1	1.29397895541948	6.397896344056	0	0	2.2756469292064	4.76117672200989	0	0	0	0	0	0	16	20	1
73	SSIIplb	100	0.05	0.75	0.1	1000	0.1	0.6	0.5	40	0.75	0.5	4	1	0.25	0.2	0	0	0	0	0	0	0	0	1	1	0.841432801425451	2.57826555115206	0	0	2.09883251556233	6.31731639801937	0	0	0	0	0	0	16	20	1
