ID	Species	MaxAge	AllocSeed	LMR	m0	MaxMass	mSeed	Dist	pEstab	Gmax	SLA	palat	memo	RAR	growth	mThres	clonal	propSex	meanSpacerLength	sdSpacerLength	Resshare	AllocSpacer	mSpacer	sens	allocroot	allocshoot	EC50_biomass	slope_biomass	EC50_SEbiomass	slope_SEbiomass	EC50_survival	slope_survival	EC50_establishment	slope_establishment	EC50_sterility	slope_sterility	EC50_seednumber	slope_seednumber	FlowerWeek	DispWeek	GermPeriod
1	LECAcl4plb	100	0.05	0.5	1	5000	1	0.1	0.5	60	0.5	0.25	2	1	0.25	0.2	1	1	17.5	12.5	0	0.05	70	0	1	1	0.456085473972555	5.06949274731631	0	0	0.320441385651529	10.3956844111466	0	0	0	0	0	0	16	20	1
2	LECIcl3plb	100	0.05	0.5	1	5000	1	0.1	0.5	60	0.75	0.5	2	1	0.25	0.2	1	1	17.5	12.5	1	0.05	70	0	1	1	2.07436116940575	2.05393636247094	0	0	2.03721990081476	10.0624874885718	0	0	0	0	0	0	16	20	1
3	LECIcl4plb	100	0.05	0.5	1	5000	1	0.1	0.5	60	0.75	0.5	2	1	0.25	0.2	1	1	17.5	12.5	0	0.05	70	0	1	1	0.153651365682423	6.25928974193855	0	0	1.51900468090329	2.3314451712928	0	0	0	0	0	0	16	20	1
6	LSCAplb	100	0.05	0.75	1	5000	1	0.1	0.5	60	0.5	0.25	2	1	0.25	0.2	0	0	0	0	0	0	0	0	1	1	0.112422528103602	5.36922528245892	0	0	2.31689176127943	6.42566197801194	0	0	0	0	0	0	16	20	1
8	LSCIcl1plb	100	0.05	0.75	1	5000	1	0.1	0.5	60	0.75	0.5	2	1	0.25	0.2	1	1	2.5	2.5	1	0.05	70	0	1	1	1.22049919376464	3.65530830928475	0	0	2.4119320456846	3.87711276681879	0	0	0	0	0	0	16	20	1
9	LSCIcl2plb	100	0.05	0.75	1	5000	1	0.1	0.5	60	0.75	0.5	2	1	0.25	0.2	1	1	2.5	2.5	0	0.05	70	0	1	1	0.494408916986049	2.74813948943833	0	0	2.07903232135719	7.66406804877852	0	0	0	0	0	0	16	20	1
10	LSCIcl3plb	100	0.05	0.75	1	5000	1	0.1	0.5	60	0.75	0.5	2	1	0.25	0.2	1	1	17.5	12.5	1	0.05	70	0	1	1	1.51019162812332	5.61411093372572	0	0	1.64121506621145	5.39018756452557	0	0	0	0	0	0	16	20	1
7	LSCIplb	100	0.05	0.75	1	5000	1	0.1	0.5	60	0.75	0.5	2	1	0.25	0.2	0	0	0	0	0	0	0	0	1	1	1.77600060121673	2.74939717154361	0	0	1.75142145654837	7.58798816133511	0	0	0	0	0	0	16	20	1
12	LSCTcl3plb	100	0.05	0.75	1	5000	1	0.1	0.5	60	1	1	2	1	0.25	0.2	1	1	17.5	12.5	1	0.05	70	0	1	1	1.55680353156166	8.43635973658379	0	0	1.22637285893366	4.61142318017532	0	0	0	0	0	0	16	20	1
11	LSCTplb	100	0.05	0.75	1	5000	1	0.1	0.5	60	1	1	2	1	0.25	0.2	0	0	0	0	0	0	0	0	1	1	0.775126108554255	5.12934509855461	0	0	2.72149543903836	6.85176007354456	0	0	0	0	0	0	16	20	1
17	MECAcl4plb	100	0.05	0.5	0.3	2000	0.3	0.3	0.5	60	0.5	0.25	2	1	0.25	0.2	1	1	17.5	12.5	0	0.05	70	0	1	1	1.9102342975703	2.90423610191211	0	0	0.503884226922805	9.70399784493515	0	0	0	0	0	0	16	20	1
18	MECIcl3plb	100	0.05	0.5	0.3	2000	0.3	0.3	0.5	60	0.75	0.5	2	1	0.25	0.2	1	1	17.5	12.5	1	0.05	70	0	1	1	0.854803423711116	5.78436306595082	0	0	0.23736796133609	5.38652964521767	0	0	0	0	0	0	16	20	1
19	MECIcl4plb	100	0.05	0.5	0.3	2000	0.3	0.3	0.5	60	0.75	0.5	2	1	0.25	0.2	1	1	17.5	12.5	0	0.05	70	0	1	1	1.58206787857264	3.08623582848768	0	0	0.84354299382481	2.05661821417173	0	0	0	0	0	0	16	20	1
21	MECTcl3peb	100	0.05	0.5	0.3	2000	0.3	0.3	0.5	60	1	1	2	1	0.25	0.2	1	1	17.5	12.5	1	0.05	70	0	1	1	1.97989652751094	1.638260769309	0	0	2.65560319231135	9.08862250659313	0	0	0	0	0	0	1	5	1
20	MECTplb	100	0.05	0.5	0.3	2000	0.3	0.3	0.5	60	1	1	2	1	0.25	0.2	0	0	0	0	0	0	0	0	1	1	1.23548009293012	7.20425176517495	0	0	2.30734041896759	7.71894091897808	0	0	0	0	0	0	16	20	1
24	MEITplb	100	0.05	0.5	0.3	2000	0.3	0.3	0.5	40	1	1	4	1	0.25	0.2	0	0	0	0	0	0	0	0	1	1	1.90376081572325	3.48862149828308	0	0	0.678411281427419	8.18158881167442	0	0	0	0	0	0	16	20	1
25	MESTcl3plb	100	0.05	0.5	0.3	2000	0.3	0.3	0.5	20	1	1	6	1	0.25	0.2	1	1	17.5	12.5	1	0.05	70	0	1	1	0.14102469404944	2.96171923988033	0	0	0.778338390065261	3.037805878343	0	0	0	0	0	0	16	20	1
26	MRITcl3peb	100	0.05	1	0.3	2000	0.3	0.3	0.5	40	1	1	4	1	0.25	0.2	1	1	17.5	12.5	1	0.05	70	0	1	1	1.6459844162858	4.96740369685262	0	0	1.96986609749759	3.83004646688556	0	0	0	0	0	0	1	5	1
28	MSCAcl1plb	100	0.05	0.75	0.3	2000	0.3	0.3	0.5	60	0.5	0.25	2	1	0.25	0.2	1	1	2.5	2.5	1	0.05	70	0	1	1	0.693872977400414	7.13372522851933	0	0	2.19281585370982	3.63724439857034	0	0	0	0	0	0	16	20	1
29	MSCAcl2plb	100	0.05	0.75	0.3	2000	0.3	0.3	0.5	60	0.5	0.25	2	1	0.25	0.2	1	1	2.5	2.5	0	0.05	70	0	1	1	1.90603255302115	7.02306651953812	0	0	0.991630424679744	3.46030503715325	0	0	0	0	0	0	16	20	1
30	MSCAcl3plb	100	0.05	0.75	0.3	2000	0.3	0.3	0.5	60	0.5	0.25	2	1	0.25	0.2	1	1	17.5	12.5	1	0.05	70	0	1	1	0.200987489324529	4.45177323799175	0	0	1.55001371562141	3.84240900678618	0	0	0	0	0	0	16	20	1
27	MSCAplb	100	0.05	0.75	0.3	2000	0.3	0.3	0.5	60	0.5	0.25	2	1	0.25	0.2	0	0	0	0	0	0	0	0	1	1	1.0905484979428	1.96564221647103	0	0	1.01539223201845	7.69099131689864	0	0	0	0	0	0	16	20	1
32	MSCIcl3plb	100	0.05	0.75	0.3	2000	0.3	0.3	0.5	60	0.75	0.5	2	1	0.25	0.2	1	1	17.5	12.5	1	0.05	70	0	1	1	1.88350317220484	7.00069420041209	0	0	1.16072091909876	3.18265688434346	0	0	0	0	0	0	16	20	1
31	MSCIplb	100	0.05	0.75	0.3	2000	0.3	0.3	0.5	60	0.75	0.5	2	1	0.25	0.2	0	0	0	0	0	0	0	0	1	1	0.762036613417917	6.32668394162143	0	0	2.39110464299128	5.27754774827836	0	0	0	0	0	0	16	20	1
34	MSCTcl1plb	100	0.05	0.75	0.3	2000	0.3	0.3	0.5	60	1	1	2	1	0.25	0.2	1	1	2.5	2.5	1	0.05	70	0	1	1	0.81076161735934	5.07256548904295	0	0	1.56306954213869	3.5939823524949	0	0	0	0	0	0	16	20	1
35	MSCTcl2plb	100	0.05	0.75	0.3	2000	0.3	0.3	0.5	60	1	1	2	1	0.25	0.2	1	1	2.5	2.5	0	0.05	70	0	1	1	1.95965061988783	8.63951921374541	0	0	2.66910023811903	6.66488686519005	0	0	0	0	0	0	16	20	1
41	MSIAcl3plb	100	0.05	0.75	0.3	2000	0.3	0.3	0.5	40	0.5	0.25	4	1	0.25	0.2	1	1	17.5	12.5	1	0.05	70	0	1	1	2.0067998386031	1.80256562933484	0	0	2.61990626440027	10.0450078332745	0	0	0	0	0	0	16	20	1
42	MSIAcl4plb	100	0.05	0.75	0.3	2000	0.3	0.3	0.5	40	0.5	0.25	4	1	0.25	0.2	1	1	17.5	12.5	0	0.05	70	0	1	1	1.8165297014238	4.6753748997412	0	0	1.42282708468143	8.7507535783937	0	0	0	0	0	0	16	20	1
44	MSIIcl1plb	100	0.05	0.75	0.3	2000	0.3	0.3	0.5	40	0.75	0.5	4	1	0.25	0.2	1	1	2.5	2.5	1	0.05	70	0	1	1	1.35736146642667	7.73466648709487	0	0	1.35998557305526	10.3537315314719	0	0	0	0	0	0	16	20	1
43	MSIIplb	100	0.05	0.75	0.3	2000	0.3	0.3	0.5	40	0.75	0.5	4	1	0.25	0.2	0	0	0	0	0	0	0	0	1	1	0.443415185426552	6.17503742533705	0	0	1.7250343023202	5.8098719110523	0	0	0	0	0	0	16	20	1
45	MSITcl3plb	100	0.05	0.75	0.3	2000	0.3	0.3	0.5	40	1	1	4	1	0.25	0.2	1	1	17.5	12.5	1	0.05	70	0	1	1	0.107839191612391	2.29728674636307	0	0	0.720320847908899	3.51801261517254	0	0	0	0	0	0	16	20	1
46	MSITcl4plb	100	0.05	0.75	0.3	2000	0.3	0.3	0.5	40	1	1	4	1	0.25	0.2	1	1	17.5	12.5	0	0.05	70	0	1	1	0.315924738261934	2.801732091703	0	0	2.2333659725316	7.84898224788871	0	0	0	0	0	0	16	20	1
49	MSSAcl4plb	100	0.05	0.75	0.3	2000	0.3	0.3	0.5	20	0.5	0.25	6	1	0.25	0.2	1	1	17.5	12.5	0	0.05	70	0	1	1	1.97933910472037	3.68684943067504	0	0	0.966467186348226	9.44977686792932	0	0	0	0	0	0	16	20	1
50	SECAcl3plb	100	0.05	0.5	0.1	1000	0.1	0.6	0.5	60	0.5	0.25	2	1	0.25	0.2	1	1	17.5	12.5	1	0.05	70	0	1	1	0.654470979331692	3.39402692770635	0	0	0.439469090210892	2.67978583976342	0	0	0	0	0	0	16	20	1
52	SECTcl3peb	100	0.05	0.5	0.1	1000	0.1	0.6	0.5	60	1	1	2	1	0.25	0.2	1	1	17.5	12.5	1	0.05	70	0	1	1	0.33144383431293	2.8319905305825	0	0	0.667632072495471	2.57036430201387	0	0	0	0	0	0	1	5	1
51	SECTpeb	100	0.05	0.5	0.1	1000	0.1	0.6	0.5	60	1	1	2	1	0.25	0.2	0	0	0	0	0	0	0	0	1	1	0.848949597917303	3.81198680066661	0	0	2.20095403699323	6.54237161232635	0	0	0	0	0	0	1	5	1
55	SEIAcl4peb	100	0.05	0.5	0.1	1000	0.1	0.6	0.5	40	0.5	0.25	4	1	0.25	0.2	1	1	17.5	12.5	0	0.05	70	0	1	1	2.00555346972057	6.21544009385348	0	0	1.50118168885945	4.20948077492474	0	0	0	0	0	0	1	5	1
54	SEIAplb	100	0.05	0.5	0.1	1000	0.1	0.6	0.5	40	0.5	0.25	4	1	0.25	0.2	0	0	0	0	0	0	0	0	1	1	0.413833346230179	6.79784134047442	0	0	1.28082639936763	4.83905079272468	0	0	0	0	0	0	16	20	1
69	SEIIcl1peb	100	0.05	0.5	0.1	1000	0.1	0.6	0.5	40	0.75	0.5	4	1	0.25	0.2	1	1	2.5	2.5	1	0.05	70	0	1	1	1.3454042121566	5.20906901671575	0	0	0.889575113847846	3.06076904784362	0	0	0	0	0	0	1	5	1
57	SEITcl1plb	100	0.05	0.5	0.1	1000	0.1	0.6	0.5	40	1	1	4	1	0.25	0.2	1	1	2.5	2.5	1	0.05	70	0	1	1	0.543738848988913	2.91040609361668	0	0	1.42046407230613	9.94672844476778	0	0	0	0	0	0	16	20	1
58	SEITcl3peb	100	0.05	0.5	0.1	1000	0.1	0.6	0.5	40	1	1	4	1	0.25	0.2	1	1	17.5	12.5	1	0.05	70	0	1	1	0.260581211499423	8.79006624035257	0	0	2.11829101836415	9.49120455028503	0	0	0	0	0	0	1	5	1
59	SEITcl4peb	100	0.05	0.5	0.1	1000	0.1	0.6	0.5	40	1	1	4	1	0.25	0.2	1	1	17.5	12.5	0	0.05	70	0	1	1	1.1063393751153	6.90762017888363	0	0	0.877116136820061	9.17054111150548	0	0	0	0	0	0	1	5	1
62	SESTcl4plb	100	0.05	0.5	0.1	1000	0.1	0.6	0.5	20	1	1	6	1	0.25	0.2	1	1	17.5	12.5	0	0.05	70	0	1	1	0.509077820979605	4.36653655293011	0	0	0.881960485378399	7.23883738053286	0	0	0	0	0	0	16	20	1
63	SRIAcl1peb	100	0.05	1	0.1	1000	0.1	0.6	0.5	40	0.5	0.25	4	1	0.25	0.2	1	1	2.5	2.5	1	0.05	70	0	1	1	0.814548341127323	8.66674078328204	0	0	1.6488356003768	4.94827820887975	0	0	0	0	0	0	1	5	1
64	SRIAcl1plb	100	0.05	1	0.1	1000	0.1	0.6	0.5	40	0.5	0.25	4	1	0.25	0.2	1	1	2.5	2.5	1	0.05	70	0	1	1	1.60168500537158	4.21238076691636	0	0	0.707590457738778	9.1149741138345	0	0	0	0	0	0	16	20	1
65	SRIAcl3plb	100	0.05	1	0.1	1000	0.1	0.6	0.5	40	0.5	0.25	4	1	0.25	0.2	1	1	17.5	12.5	1	0.05	70	0	1	1	1.33010345221	5.30000105789376	0	0	1.17687679639604	7.13840701455417	0	0	0	0	0	0	16	20	1
66	SRIAcl4peb	100	0.05	1	0.1	1000	0.1	0.6	0.5	40	0.5	0.25	4	1	0.25	0.2	1	1	17.5	12.5	0	0.05	70	0	1	1	1.84226139671481	3.66767845471685	0	0	2.49685339151264	2.94246318858168	0	0	0	0	0	0	1	5	1
67	SRITcl3peb	100	0.05	1	0.1	1000	0.1	0.6	0.5	40	1	1	4	1	0.25	0.2	1	1	17.5	12.5	1	0.05	70	0	1	1	1.02815420861463	2.34505028947154	0	0	1.62671576959757	8.55445854850204	0	0	0	0	0	0	1	5	1
68	SRITcl3plb	100	0.05	1	0.1	1000	0.1	0.6	0.5	40	1	1	4	1	0.25	0.2	1	1	17.5	12.5	1	0.05	70	0	1	1	0.274068071800844	1.80755502709036	0	0	0.757818643064798	9.61447666734017	0	0	0	0	0	0	16	20	1
70	SSCTplb	100	0.05	0.75	0.1	1000	0.1	0.6	0.5	60	1	1	2	1	0.25	0.2	0	0	0	0	0	0	0	0	1	1	0.668098853047945	8.82125116383954	0	0	2.68815440524402	10.2711996024575	0	0	0	0	0	0	16	20	1
71	SSIAcl4plb	100	0.05	0.75	0.1	1000	0.1	0.6	0.5	40	0.5	0.25	4	1	0.25	0.2	1	1	17.5	12.5	0	0.05	70	0	1	1	1.7105587551309	5.3076103554741	0	0	0.235746450219758	7.70231924565186	0	0	0	0	0	0	16	20	1
73	SSIIplb	100	0.05	0.75	0.1	1000	0.1	0.6	0.5	40	0.75	0.5	4	1	0.25	0.2	0	0	0	0	0	0	0	0	1	1	0.329113132786293	3.23201529028112	0	0	1.85321299362259	7.58705962169433	0	0	0	0	0	0	16	20	1
