ID	Species	MaxAge	AllocSeed	LMR	m0	MaxMass	mSeed	Dist	pEstab	Gmax	SLA	palat	memo	RAR	growth	mThres	clonal	propSex	meanSpacerLength	sdSpacerLength	Resshare	AllocSpacer	mSpacer	sens	allocroot	allocshoot	EC50_biomass	slope_biomass	EC50_SEbiomass	slope_SEbiomass	EC50_survival	slope_survival	EC50_establishment	slope_establishment	EC50_sterility	slope_sterility	EC50_seednumber	slope_seednumber	FlowerWeek	DispWeek	GermPeriod
1	LECAcl4plb	100	0.05	0.5	1	5000	1	0.1	0.5	60	0.5	0.25	2	1	0.25	0.2	1	1	17.5	12.5	0	0.05	70	0	1	1	213.277420985403	2.24765647217964	0	0	233.342934054924	1.14065991499513	0	0	0	0	0	0	16	20	1
2	LECIcl3plb	100	0.05	0.5	1	5000	1	0.1	0.5	60	0.75	0.5	2	1	0.25	0.2	1	1	17.5	12.5	1	0.05	70	0	1	1	101.481574390722	1.56676719740598	0	0	253.102014961298	1.49767849444247	0	0	0	0	0	0	16	20	1
3	LECIcl4plb	100	0.05	0.5	1	5000	1	0.1	0.5	60	0.75	0.5	2	1	0.25	0.2	1	1	17.5	12.5	0	0.05	70	0	1	1	105.888607413068	1.6750850611437	0	0	99.1712111951929	2.22848790265716	0	0	0	0	0	0	16	20	1
6	LSCAplb	100	0.05	0.75	1	5000	1	0.1	0.5	60	0.5	0.25	2	1	0.25	0.2	0	0	0	0	0	0	0	0	1	1	86.9919052949868	1.16954857026597	0	0	79.8165833425482	1.74030997312207	0	0	0	0	0	0	16	20	1
8	LSCIcl1plb	100	0.05	0.75	1	5000	1	0.1	0.5	60	0.75	0.5	2	1	0.25	0.2	1	1	2.5	2.5	1	0.05	70	0	1	1	93.9778415454815	2.28379624998361	0	0	102.563648619646	2.903495779629	0	0	0	0	0	0	16	20	1
9	LSCIcl2plb	100	0.05	0.75	1	5000	1	0.1	0.5	60	0.75	0.5	2	1	0.25	0.2	1	1	2.5	2.5	0	0.05	70	0	1	1	137.193446255766	3.30740593325333	0	0	254.643953177699	3.44870597908001	0	0	0	0	0	0	16	20	1
10	LSCIcl3plb	100	0.05	0.75	1	5000	1	0.1	0.5	60	0.75	0.5	2	1	0.25	0.2	1	1	17.5	12.5	1	0.05	70	0	1	1	112.134830265868	2.07990126930583	0	0	87.527729756032	1.9183423793671	0	0	0	0	0	0	16	20	1
7	LSCIplb	100	0.05	0.75	1	5000	1	0.1	0.5	60	0.75	0.5	2	1	0.25	0.2	0	0	0	0	0	0	0	0	1	1	79.0236536386097	2.49980461582662	0	0	120.250110313476	1.40413560707189	0	0	0	0	0	0	16	20	1
12	LSCTcl3plb	100	0.05	0.75	1	5000	1	0.1	0.5	60	1	1	2	1	0.25	0.2	1	1	17.5	12.5	1	0.05	70	0	1	1	201.421800610016	1.6975367236225	0	0	201.367168841483	1.38532942574584	0	0	0	0	0	0	16	20	1
11	LSCTplb	100	0.05	0.75	1	5000	1	0.1	0.5	60	1	1	2	1	0.25	0.2	0	0	0	0	0	0	0	0	1	1	103.572120292484	1.16172419966964	0	0	166.934937548893	2.87464492633779	0	0	0	0	0	0	16	20	1
17	MECAcl4plb	100	0.05	0.5	0.3	2000	0.3	0.3	0.5	60	0.5	0.25	2	1	0.25	0.2	1	1	17.5	12.5	0	0.05	70	0	1	1	203.64912614764	2.20158221118285	0	0	91.518648218606	1.60521516658944	0	0	0	0	0	0	16	20	1
18	MECIcl3plb	100	0.05	0.5	0.3	2000	0.3	0.3	0.5	60	0.75	0.5	2	1	0.25	0.2	1	1	17.5	12.5	1	0.05	70	0	1	1	115.956840369609	3.43614064565332	0	0	207.36229098071	2.10365842198208	0	0	0	0	0	0	16	20	1
19	MECIcl4plb	100	0.05	0.5	0.3	2000	0.3	0.3	0.5	60	0.75	0.5	2	1	0.25	0.2	1	1	17.5	12.5	0	0.05	70	0	1	1	240.169299006625	1.58251834067451	0	0	223.407111985817	2.6458534775471	0	0	0	0	0	0	16	20	1
21	MECTcl3peb	100	0.05	0.5	0.3	2000	0.3	0.3	0.5	60	1	1	2	1	0.25	0.2	1	1	17.5	12.5	1	0.05	70	0	1	1	150.190402963011	1.76246453782606	0	0	244.560565690766	2.30029778729972	0	0	0	0	0	0	1	5	1
20	MECTplb	100	0.05	0.5	0.3	2000	0.3	0.3	0.5	60	1	1	2	1	0.25	0.2	0	0	0	0	0	0	0	0	1	1	85.4479265469989	2.00023046435606	0	0	227.796620569872	2.897049794111	0	0	0	0	0	0	16	20	1
24	MEITplb	100	0.05	0.5	0.3	2000	0.3	0.3	0.5	40	1	1	4	1	0.25	0.2	0	0	0	0	0	0	0	0	1	1	114.677616326421	1.17383886158326	0	0	252.684203905911	2.40173571141373	0	0	0	0	0	0	16	20	1
25	MESTcl3plb	100	0.05	0.5	0.3	2000	0.3	0.3	0.5	20	1	1	6	1	0.25	0.2	1	1	17.5	12.5	1	0.05	70	0	1	1	240.032181520659	2.82467326437586	0	0	151.703592821718	3.05936729835511	0	0	0	0	0	0	16	20	1
26	MRITcl3peb	100	0.05	1	0.3	2000	0.3	0.3	0.5	40	1	1	4	1	0.25	0.2	1	1	17.5	12.5	1	0.05	70	0	1	1	224.864284187239	1.93322429306848	0	0	138.818186643379	1.85059428234993	0	0	0	0	0	0	1	5	1
28	MSCAcl1plb	100	0.05	0.75	0.3	2000	0.3	0.3	0.5	60	0.5	0.25	2	1	0.25	0.2	1	1	2.5	2.5	1	0.05	70	0	1	1	181.189571182288	3.39653712560247	0	0	81.8040970799889	1.81495900566461	0	0	0	0	0	0	16	20	1
29	MSCAcl2plb	100	0.05	0.75	0.3	2000	0.3	0.3	0.5	60	0.5	0.25	2	1	0.25	0.2	1	1	2.5	2.5	0	0.05	70	0	1	1	251.709110755691	3.25664243813602	0	0	200.261964040299	1.278401310528	0	0	0	0	0	0	16	20	1
30	MSCAcl3plb	100	0.05	0.75	0.3	2000	0.3	0.3	0.5	60	0.5	0.25	2	1	0.25	0.2	1	1	17.5	12.5	1	0.05	70	0	1	1	109.390663850178	1.18903085868409	0	0	158.450976392847	3.21661266744517	0	0	0	0	0	0	16	20	1
27	MSCAplb	100	0.05	0.75	0.3	2000	0.3	0.3	0.5	60	0.5	0.25	2	1	0.25	0.2	0	0	0	0	0	0	0	0	1	1	91.5580458030977	3.13898077256904	0	0	85.8677339431459	1.93317250343158	0	0	0	0	0	0	16	20	1
32	MSCIcl3plb	100	0.05	0.75	0.3	2000	0.3	0.3	0.5	60	0.75	0.5	2	1	0.25	0.2	1	1	17.5	12.5	1	0.05	70	0	1	1	135.180501099574	1.5243122738673	0	0	131.908016181072	3.15357865680698	0	0	0	0	0	0	16	20	1
31	MSCIplb	100	0.05	0.75	0.3	2000	0.3	0.3	0.5	60	0.75	0.5	2	1	0.25	0.2	0	0	0	0	0	0	0	0	1	1	119.741987442544	2.38098969286103	0	0	90.9639997360925	1.45237843256779	0	0	0	0	0	0	16	20	1
34	MSCTcl1plb	100	0.05	0.75	0.3	2000	0.3	0.3	0.5	60	1	1	2	1	0.25	0.2	1	1	2.5	2.5	1	0.05	70	0	1	1	183.082369740314	2.66267812033473	0	0	163.674986216782	2.69531379878339	0	0	0	0	0	0	16	20	1
35	MSCTcl2plb	100	0.05	0.75	0.3	2000	0.3	0.3	0.5	60	1	1	2	1	0.25	0.2	1	1	2.5	2.5	0	0.05	70	0	1	1	250.111760376843	2.39718739560976	0	0	146.640355456655	3.36509677632251	0	0	0	0	0	0	16	20	1
41	MSIAcl3plb	100	0.05	0.75	0.3	2000	0.3	0.3	0.5	40	0.5	0.25	4	1	0.25	0.2	1	1	17.5	12.5	1	0.05	70	0	1	1	203.746313640736	2.16975903648423	0	0	136.735154283894	2.28535736729656	0	0	0	0	0	0	16	20	1
42	MSIAcl4plb	100	0.05	0.75	0.3	2000	0.3	0.3	0.5	40	0.5	0.25	4	1	0.25	0.2	1	1	17.5	12.5	0	0.05	70	0	1	1	239.868640165371	2.9098383218711	0	0	122.758384100352	1.9053108227941	0	0	0	0	0	0	16	20	1
44	MSIIcl1plb	100	0.05	0.75	0.3	2000	0.3	0.3	0.5	40	0.75	0.5	4	1	0.25	0.2	1	1	2.5	2.5	1	0.05	70	0	1	1	82.4144333774172	2.24882972181533	0	0	210.825150831685	2.88024292298654	0	0	0	0	0	0	16	20	1
43	MSIIplb	100	0.05	0.75	0.3	2000	0.3	0.3	0.5	40	0.75	0.5	4	1	0.25	0.2	0	0	0	0	0	0	0	0	1	1	200.296436910841	1.27769401313078	0	0	137.216312742285	3.45705857046283	0	0	0	0	0	0	16	20	1
45	MSITcl3plb	100	0.05	0.75	0.3	2000	0.3	0.3	0.5	40	1	1	4	1	0.25	0.2	1	1	17.5	12.5	1	0.05	70	0	1	1	217.021543124378	2.70919355529439	0	0	92.2840938546828	3.19825741494023	0	0	0	0	0	0	16	20	1
46	MSITcl4plb	100	0.05	0.75	0.3	2000	0.3	0.3	0.5	40	1	1	4	1	0.25	0.2	1	1	17.5	12.5	0	0.05	70	0	1	1	246.463545891724	2.09984166995477	0	0	225.63898345887	2.03461858252439	0	0	0	0	0	0	16	20	1
49	MSSAcl4plb	100	0.05	0.75	0.3	2000	0.3	0.3	0.5	20	0.5	0.25	6	1	0.25	0.2	1	1	17.5	12.5	0	0.05	70	0	1	1	179.603981834176	3.10234044574575	0	0	130.78463645092	2.75035685552672	0	0	0	0	0	0	16	20	1
50	SECAcl3plb	100	0.05	0.5	0.1	1000	0.1	0.6	0.5	60	0.5	0.25	2	1	0.25	0.2	1	1	17.5	12.5	1	0.05	70	0	1	1	241.949339393217	3.17315154757813	0	0	81.1548944624857	2.41665679958569	0	0	0	0	0	0	16	20	1
52	SECTcl3peb	100	0.05	0.5	0.1	1000	0.1	0.6	0.5	60	1	1	2	1	0.25	0.2	1	1	17.5	12.5	1	0.05	70	0	1	1	183.831983705245	1.54745610152763	0	0	239.89343850709	2.10605754809349	0	0	0	0	0	0	1	5	1
51	SECTpeb	100	0.05	0.5	0.1	1000	0.1	0.6	0.5	60	1	1	2	1	0.25	0.2	0	0	0	0	0	0	0	0	1	1	168.730865872611	1.31546708723557	0	0	232.009121078225	1.44045449086213	0	0	0	0	0	0	1	5	1
55	SEIAcl4peb	100	0.05	0.5	0.1	1000	0.1	0.6	0.5	40	0.5	0.25	4	1	0.25	0.2	1	1	17.5	12.5	0	0.05	70	0	1	1	135.251044362377	2.0196957312755	0	0	143.90999378096	2.90663809788255	0	0	0	0	0	0	1	5	1
54	SEIAplb	100	0.05	0.5	0.1	1000	0.1	0.6	0.5	40	0.5	0.25	4	1	0.25	0.2	0	0	0	0	0	0	0	0	1	1	219.46340644413	1.22038618805332	0	0	86.1959038836593	2.79151921084556	0	0	0	0	0	0	16	20	1
69	SEIIcl1peb	100	0.05	0.5	0.1	1000	0.1	0.6	0.5	40	0.75	0.5	4	1	0.25	0.2	1	1	2.5	2.5	1	0.05	70	0	1	1	243.164508556469	1.84636354397435	0	0	216.829620792669	1.30671335205931	0	0	0	0	0	0	1	5	1
57	SEITcl1plb	100	0.05	0.5	0.1	1000	0.1	0.6	0.5	40	1	1	4	1	0.25	0.2	1	1	2.5	2.5	1	0.05	70	0	1	1	172.446645887503	2.96713899998629	0	0	173.555735795411	1.21241161701094	0	0	0	0	0	0	16	20	1
58	SEITcl3peb	100	0.05	0.5	0.1	1000	0.1	0.6	0.5	40	1	1	4	1	0.25	0.2	1	1	17.5	12.5	1	0.05	70	0	1	1	189.509175634738	2.71991912365408	0	0	194.887385432286	1.26760370842621	0	0	0	0	0	0	1	5	1
59	SEITcl4peb	100	0.05	0.5	0.1	1000	0.1	0.6	0.5	40	1	1	4	1	0.25	0.2	1	1	17.5	12.5	0	0.05	70	0	1	1	188.04118506962	3.14361789772956	0	0	90.4541610916683	3.04683529094478	0	0	0	0	0	0	1	5	1
62	SESTcl4plb	100	0.05	0.5	0.1	1000	0.1	0.6	0.5	20	1	1	6	1	0.25	0.2	1	1	17.5	12.5	0	0.05	70	0	1	1	112.961911937829	3.12605556255536	0	0	105.451966023237	1.52001473277331	0	0	0	0	0	0	16	20	1
63	SRIAcl1peb	100	0.05	1	0.1	1000	0.1	0.6	0.5	40	0.5	0.25	4	1	0.25	0.2	1	1	2.5	2.5	1	0.05	70	0	1	1	158.276335640538	3.40674254546773	0	0	157.19636566612	1.52986363520002	0	0	0	0	0	0	1	5	1
64	SRIAcl1plb	100	0.05	1	0.1	1000	0.1	0.6	0.5	40	0.5	0.25	4	1	0.25	0.2	1	1	2.5	2.5	1	0.05	70	0	1	1	160.682846298248	1.45930499118778	0	0	151.379165204527	1.27604497534364	0	0	0	0	0	0	16	20	1
65	SRIAcl3plb	100	0.05	1	0.1	1000	0.1	0.6	0.5	40	0.5	0.25	4	1	0.25	0.2	1	1	17.5	12.5	1	0.05	70	0	1	1	135.662230437362	1.3214876147094	0	0	166.303982565496	2.77206910116541	0	0	0	0	0	0	16	20	1
66	SRIAcl4peb	100	0.05	1	0.1	1000	0.1	0.6	0.5	40	0.5	0.25	4	1	0.25	0.2	1	1	17.5	12.5	0	0.05	70	0	1	1	184.927276669048	2.97560565934588	0	0	106.501942797484	2.27219498726003	0	0	0	0	0	0	1	5	1
67	SRITcl3peb	100	0.05	1	0.1	1000	0.1	0.6	0.5	40	1	1	4	1	0.25	0.2	1	1	17.5	12.5	1	0.05	70	0	1	1	179.180263698082	2.40175379750406	0	0	167.254220811434	3.25838608096673	0	0	0	0	0	0	1	5	1
68	SRITcl3plb	100	0.05	1	0.1	1000	0.1	0.6	0.5	40	1	1	4	1	0.25	0.2	1	1	17.5	12.5	1	0.05	70	0	1	1	221.509847612071	2.1500993311739	0	0	90.6067585440252	3.37677901873085	0	0	0	0	0	0	16	20	1
70	SSCTplb	100	0.05	0.75	0.1	1000	0.1	0.6	0.5	60	1	1	2	1	0.25	0.2	0	0	0	0	0	0	0	0	1	1	253.873850006347	2.78351512880025	0	0	189.200332042108	1.63077637835287	0	0	0	0	0	0	16	20	1
71	SSIAcl4plb	100	0.05	0.75	0.1	1000	0.1	0.6	0.5	40	0.5	0.25	4	1	0.25	0.2	1	1	17.5	12.5	0	0.05	70	0	1	1	183.19320334401	2.7406946733374	0	0	194.897493226117	2.11048342824115	0	0	0	0	0	0	16	20	1
73	SSIIplb	100	0.05	0.75	0.1	1000	0.1	0.6	0.5	40	0.75	0.5	4	1	0.25	0.2	0	0	0	0	0	0	0	0	1	1	118.914220706833	2.91789912157365	0	0	111.510196053725	3.08694533358725	0	0	0	0	0	0	16	20	1
