ID	Species	MaxAge	AllocSeed	LMR	m0	MaxMass	mSeed	Dist	pEstab	Gmax	SLA	palat	memo	RAR	growth	mThres	clonal	propSex	meanSpacerLength	sdSpacerLength	Resshare	AllocSpacer	mSpacer	sens	allocroot	allocshoot	EC50_biomass	slope_biomass	EC50_SEbiomass	slope_SEbiomass	EC50_survival	slope_survival	EC50_establishment	slope_establishment	EC50_sterility	slope_sterility	EC50_seednumber	slope_seednumber	FlowerWeek	DispWeek	GermPeriod
1	LECAcl4p	100	0.05	0.5	1	5000	1	0.1	0.5	60	0.5	0.25	2	1	0.25	0.2	1	1	17.5	12.5	0	0.05	70	0	1	1	149.420549137974	3.06765945191128	0	0	135.303632441353	2.53372444142668	0	0	0	0	0	0	16	20	1
2	LECIcl3p	100	0.05	0.5	1	5000	1	0.1	0.5	60	0.75	0.5	2	1	0.25	0.2	1	1	17.5	12.5	1	0.05	70	0	1	1	260.635163508769	2.82062559566724	0	0	89.2182987683503	3.05351159725246	0	0	0	0	0	0	16	20	1
3	LECIcl4p	100	0.05	0.5	1	5000	1	0.1	0.5	60	0.75	0.5	2	1	0.25	0.2	1	1	17.5	12.5	0	0.05	70	0	1	1	162.941874042046	2.47501083918004	0	0	228.64091257922	2.90685215977126	0	0	0	0	0	0	16	20	1
6	LSCAp	100	0.05	0.75	1	5000	1	0.1	0.5	60	0.5	0.25	2	1	0.25	0.2	0	0	0	0	0	0	0	0	1	1	117.198571332868	2.18713008297657	0	0	112.550021265753	2.53345318450266	0	0	0	0	0	0	16	20	1
8	LSCIcl1p	100	0.05	0.75	1	5000	1	0.1	0.5	60	0.75	0.5	2	1	0.25	0.2	1	1	2.5	2.5	1	0.05	70	0	1	1	215.046237875004	2.6885362956525	0	0	201.321388800648	1.15831496493901	0	0	0	0	0	0	16	20	1
9	LSCIcl2p	100	0.05	0.75	1	5000	1	0.1	0.5	60	0.75	0.5	2	1	0.25	0.2	1	1	2.5	2.5	0	0.05	70	0	1	1	191.230376061492	2.9571845889428	0	0	175.768753226054	1.94052817865639	0	0	0	0	0	0	16	20	1
10	LSCIcl3p	100	0.05	0.75	1	5000	1	0.1	0.5	60	0.75	0.5	2	1	0.25	0.2	1	1	17.5	12.5	1	0.05	70	0	1	1	234.840354188624	2.51340230637781	0	0	253.101806284445	2.53928836313922	0	0	0	0	0	0	16	20	1
7	LSCIp	100	0.05	0.75	1	5000	1	0.1	0.5	60	0.75	0.5	2	1	0.25	0.2	0	0	0	0	0	0	0	0	1	1	207.595073290665	1.91689938102	0	0	254.681032125557	1.22329585277831	0	0	0	0	0	0	16	20	1
12	LSCTcl3p	100	0.05	0.75	1	5000	1	0.1	0.5	60	1	1	2	1	0.25	0.2	1	1	17.5	12.5	1	0.05	70	0	1	1	190.544113995766	2.68212466361802	0	0	172.807359958977	1.92244930032913	0	0	0	0	0	0	16	20	1
11	LSCTp	100	0.05	0.75	1	5000	1	0.1	0.5	60	1	1	2	1	0.25	0.2	0	0	0	0	0	0	0	0	1	1	181.003812164561	1.67245655635313	0	0	156.89381755925	1.43979680501578	0	0	0	0	0	0	16	20	1
17	MECAcl4p	100	0.05	0.5	0.3	2000	0.3	0.3	0.5	60	0.5	0.25	2	1	0.25	0.2	1	1	17.5	12.5	0	0.05	70	0	1	1	83.6190414282965	2.29201074017973	0	0	162.708685973279	3.13906032611906	0	0	0	0	0	0	16	20	1
18	MECIcl3p	100	0.05	0.5	0.3	2000	0.3	0.3	0.5	60	0.75	0.5	2	1	0.25	0.2	1	1	17.5	12.5	1	0.05	70	0	1	1	209.633405542603	1.79863596796531	0	0	195.587805539562	2.02808316455058	0	0	0	0	0	0	16	20	1
19	MECIcl4p	100	0.05	0.5	0.3	2000	0.3	0.3	0.5	60	0.75	0.5	2	1	0.25	0.2	1	1	17.5	12.5	0	0.05	70	0	1	1	201.584519577476	3.10708721173951	0	0	175.282264918061	1.35573701342817	0	0	0	0	0	0	16	20	1
21	MECTcl3p	100	0.05	0.5	0.3	2000	0.3	0.3	0.5	60	1	1	2	1	0.25	0.2	1	1	17.5	12.5	1	0.05	70	0	1	1	130.661225930586	1.68913697911425	0	0	108.938664694325	2.79321034546499	0	0	0	0	0	0	1	5	1
20	MECTp	100	0.05	0.5	0.3	2000	0.3	0.3	0.5	60	1	1	2	1	0.25	0.2	0	0	0	0	0	0	0	0	1	1	131.028991908313	2.47751724273546	0	0	200.213458306493	3.44889605829838	0	0	0	0	0	0	16	20	1
24	MEITp	100	0.05	0.5	0.3	2000	0.3	0.3	0.5	40	1	1	4	1	0.25	0.2	0	0	0	0	0	0	0	0	1	1	100.377054694113	2.54962389932635	0	0	179.157521238389	3.27679074574385	0	0	0	0	0	0	16	20	1
25	MESTcl3p	100	0.05	0.5	0.3	2000	0.3	0.3	0.5	20	1	1	6	1	0.25	0.2	1	1	17.5	12.5	1	0.05	70	0	1	1	199.237325422013	1.81056097358544	0	0	94.8928683381555	2.41299134678724	0	0	0	0	0	0	16	20	1
26	MRITcl3p	100	0.05	1	0.3	2000	0.3	0.3	0.5	40	1	1	4	1	0.25	0.2	1	1	17.5	12.5	1	0.05	70	0	1	1	184.583630457489	2.97156814592056	0	0	167.021952607344	2.02425344275764	0	0	0	0	0	0	1	5	1
28	MSCAcl1p	100	0.05	0.75	0.3	2000	0.3	0.3	0.5	60	0.5	0.25	2	1	0.25	0.2	1	1	2.5	2.5	1	0.05	70	0	1	1	197.410910228998	3.24914681808717	0	0	179.029533277708	1.82918305007849	0	0	0	0	0	0	16	20	1
29	MSCAcl2p	100	0.05	0.75	0.3	2000	0.3	0.3	0.5	60	0.5	0.25	2	1	0.25	0.2	1	1	2.5	2.5	0	0.05	70	0	1	1	96.5922207267723	1.83137873964407	0	0	161.494028019964	3.46612716157094	0	0	0	0	0	0	16	20	1
30	MSCAcl3p	100	0.05	0.75	0.3	2000	0.3	0.3	0.5	60	0.5	0.25	2	1	0.25	0.2	1	1	17.5	12.5	1	0.05	70	0	1	1	91.6349757876458	1.33947064044661	0	0	109.508741130853	1.33633733436943	0	0	0	0	0	0	16	20	1
27	MSCAp	100	0.05	0.75	0.3	2000	0.3	0.3	0.5	60	0.5	0.25	2	1	0.25	0.2	0	0	0	0	0	0	0	0	1	1	80.284107350693	3.13058011191935	0	0	166.258713632246	3.02823066343051	0	0	0	0	0	0	16	20	1
32	MSCIcl3p	100	0.05	0.75	0.3	2000	0.3	0.3	0.5	60	0.75	0.5	2	1	0.25	0.2	1	1	17.5	12.5	1	0.05	70	0	1	1	222.402280893792	2.23091442018922	0	0	180.847070038171	1.94453087400283	0	0	0	0	0	0	16	20	1
31	MSCIp	100	0.05	0.75	0.3	2000	0.3	0.3	0.5	60	0.75	0.5	2	1	0.25	0.2	0	0	0	0	0	0	0	0	1	1	214.946624890532	2.8814530478622	0	0	119.713175852227	1.83614156678232	0	0	0	0	0	0	16	20	1
34	MSCTcl1p	100	0.05	0.75	0.3	2000	0.3	0.3	0.5	60	1	1	2	1	0.25	0.2	1	1	2.5	2.5	1	0.05	70	0	1	1	154.422496574417	2.02570122577573	0	0	244.519856489905	3.38841508249593	0	0	0	0	0	0	16	20	1
35	MSCTcl2p	100	0.05	0.75	0.3	2000	0.3	0.3	0.5	60	1	1	2	1	0.25	0.2	1	1	2.5	2.5	0	0.05	70	0	1	1	257.228583716859	1.54127344536642	0	0	144.735771833887	2.11366824548636	0	0	0	0	0	0	16	20	1
41	MSIAcl3p	100	0.05	0.75	0.3	2000	0.3	0.3	0.5	40	0.5	0.25	4	1	0.25	0.2	1	1	17.5	12.5	1	0.05	70	0	1	1	162.065482572408	2.90528468642171	0	0	134.474486822546	2.79808176045019	0	0	0	0	0	0	16	20	1
42	MSIAcl4p	100	0.05	0.75	0.3	2000	0.3	0.3	0.5	40	0.5	0.25	4	1	0.25	0.2	1	1	17.5	12.5	0	0.05	70	0	1	1	162.218629411149	3.11841130640143	0	0	87.199978688299	1.93963664915089	0	0	0	0	0	0	16	20	1
44	MSIIcl1p	100	0.05	0.75	0.3	2000	0.3	0.3	0.5	40	0.75	0.5	4	1	0.25	0.2	1	1	2.5	2.5	1	0.05	70	0	1	1	161.151608544738	1.44701135175748	0	0	218.137118022038	1.88906998910678	0	0	0	0	0	0	16	20	1
43	MSIIp	100	0.05	0.75	0.3	2000	0.3	0.3	0.5	40	0.75	0.5	4	1	0.25	0.2	0	0	0	0	0	0	0	0	1	1	106.932182538468	2.63163193926664	0	0	138.733706516448	3.33564153466254	0	0	0	0	0	0	16	20	1
45	MSITcl3p	100	0.05	0.75	0.3	2000	0.3	0.3	0.5	40	1	1	4	1	0.25	0.2	1	1	17.5	12.5	1	0.05	70	0	1	1	122.004776013344	2.90623192526787	0	0	200.61493799776	2.13516041540209	0	0	0	0	0	0	16	20	1
46	MSITcl4p	100	0.05	0.75	0.3	2000	0.3	0.3	0.5	40	1	1	4	1	0.25	0.2	1	1	17.5	12.5	0	0.05	70	0	1	1	102.114270228548	1.22206656023633	0	0	242.82354456635	2.487588788387	0	0	0	0	0	0	16	20	1
49	MSSAcl4p	100	0.05	0.75	0.3	2000	0.3	0.3	0.5	20	0.5	0.25	6	1	0.25	0.2	1	1	17.5	12.5	0	0.05	70	0	1	1	226.118953461483	2.49882379771419	0	0	187.795489555111	1.69537725537029	0	0	0	0	0	0	16	20	1
50	SECAcl3p	100	0.05	0.5	0.1	1000	0.1	0.6	0.5	60	0.5	0.25	2	1	0.25	0.2	1	1	17.5	12.5	1	0.05	70	0	1	1	156.363806609976	1.23249938758763	0	0	93.7688338790234	3.4340472169205	0	0	0	0	0	0	16	20	1
52	SECTcl3p	100	0.05	0.5	0.1	1000	0.1	0.6	0.5	60	1	1	2	1	0.25	0.2	1	1	17.5	12.5	1	0.05	70	0	1	1	133.354073921874	2.94656924838731	0	0	112.518546969391	2.97025289534339	0	0	0	0	0	0	1	5	1
51	SECTp	100	0.05	0.5	0.1	1000	0.1	0.6	0.5	60	1	1	2	1	0.25	0.2	0	0	0	0	0	0	0	0	1	1	151.984429352063	2.26702174621496	0	0	117.863565609042	2.00217221831447	0	0	0	0	0	0	1	5	1
55	SEIAcl4p	100	0.05	0.5	0.1	1000	0.1	0.6	0.5	40	0.5	0.25	4	1	0.25	0.2	1	1	17.5	12.5	0	0.05	70	0	1	1	221.654540468587	1.95771749176386	0	0	243.800733749307	1.63133663319004	0	0	0	0	0	0	1	5	1
54	SEIAp	100	0.05	0.5	0.1	1000	0.1	0.6	0.5	40	0.5	0.25	4	1	0.25	0.2	0	0	0	0	0	0	0	0	1	1	166.183644619361	2.923515101967	0	0	252.724054347606	2.31881860723559	0	0	0	0	0	0	16	20	1
57	SEITcl1p	100	0.05	0.5	0.1	1000	0.1	0.6	0.5	40	1	1	4	1	0.25	0.2	1	1	2.5	2.5	1	0.05	70	0	1	1	224.086983872934	1.36420552242153	0	0	212.689185978937	2.10662847176011	0	0	0	0	0	0	16	20	1
58	SEITcl3p	100	0.05	0.5	0.1	1000	0.1	0.6	0.5	40	1	1	4	1	0.25	0.2	1	1	17.5	12.5	1	0.05	70	0	1	1	111.436965887146	1.91787965261341	0	0	97.2325394230693	2.01629241032536	0	0	0	0	0	0	1	5	1
59	SEITcl4p	100	0.05	0.5	0.1	1000	0.1	0.6	0.5	40	1	1	4	1	0.25	0.2	1	1	17.5	12.5	0	0.05	70	0	1	1	248.400596503121	3.16987343866577	0	0	147.375068810133	1.44305566055526	0	0	0	0	0	0	1	5	1
62	SESTcl4p	100	0.05	0.5	0.1	1000	0.1	0.6	0.5	20	1	1	6	1	0.25	0.2	1	1	17.5	12.5	0	0.05	70	0	1	1	103.562207435769	3.35913210663886	0	0	207.643901534157	1.44337317692474	0	0	0	0	0	0	16	20	1
64	SRIAcl1p	100	0.05	1	0.1	1000	0.1	0.6	0.5	40	0.5	0.25	4	1	0.25	0.2	1	1	2.5	2.5	1	0.05	70	0	1	1	216.539298209128	2.51835239614662	0	0	238.707640961727	1.82672419627199	0	0	0	0	0	0	16	20	1
63	SRIAcl1pf	100	0.05	1	0.1	1000	0.1	0.6	0.5	40	0.5	0.25	4	1	0.25	0.2	1	1	2.5	2.5	1	0.05	70	0	1	1	251.881611079684	1.74020075412587	0	0	158.022455681463	3.26448356062156	0	0	0	0	0	0	1	5	1
65	SRIAcl3p	100	0.05	1	0.1	1000	0.1	0.6	0.5	40	0.5	0.25	4	1	0.25	0.2	1	1	17.5	12.5	1	0.05	70	0	1	1	187.775774285764	2.15903338174982	0	0	148.738941454944	1.54200474333689	0	0	0	0	0	0	16	20	1
66	SRIAcl4p	100	0.05	1	0.1	1000	0.1	0.6	0.5	40	0.5	0.25	4	1	0.25	0.2	1	1	17.5	12.5	0	0.05	70	0	1	1	223.908574132193	2.91985075877956	0	0	230.477133945779	2.73137283862278	0	0	0	0	0	0	1	5	1
68	SRITcl3p	100	0.05	1	0.1	1000	0.1	0.6	0.5	40	1	1	4	1	0.25	0.2	1	1	17.5	12.5	1	0.05	70	0	1	1	182.330986604548	2.68614174269279	0	0	93.7933205632926	1.56182174743533	0	0	0	0	0	0	16	20	1
67	SRITcl3pf	100	0.05	1	0.1	1000	0.1	0.6	0.5	40	1	1	4	1	0.25	0.2	1	1	17.5	12.5	1	0.05	70	0	1	1	207.785372565033	1.74260020284063	0	0	128.915884410482	1.7960191286874	0	0	0	0	0	0	1	5	1
69	SSCIcl1p	100	0.05	0.75	0.1	1000	0.1	0.6	0.5	60	0.75	0.5	2	1	0.25	0.2	1	1	2.5	2.5	1	0.05	70	0	1	1	237.604976705938	1.81556081238512	0	0	123.72934494869	3.21787875172748	0	0	0	0	0	0	16	20	1
70	SSCTp	100	0.05	0.75	0.1	1000	0.1	0.6	0.5	60	1	1	2	1	0.25	0.2	0	0	0	0	0	0	0	0	1	1	89.0706521053127	2.40052582913891	0	0	142.251689590585	1.86759106112051	0	0	0	0	0	0	16	20	1
71	SSIAcl4p	100	0.05	0.75	0.1	1000	0.1	0.6	0.5	40	0.5	0.25	4	1	0.25	0.2	1	1	17.5	12.5	0	0.05	70	0	1	1	258.530465975603	1.84945877282555	0	0	170.011864153669	1.53466691386748	0	0	0	0	0	0	16	20	1
73	SSIIp	100	0.05	0.75	0.1	1000	0.1	0.6	0.5	40	0.75	0.5	4	1	0.25	0.2	0	0	0	0	0	0	0	0	1	1	251.090869912526	1.1868863455198	0	0	237.022616758358	2.18513455907597	0	0	0	0	0	0	16	20	1
