ID	Species	MaxAge	AllocSeed	LMR	m0	MaxMass	mSeed	Dist	pEstab	Gmax	SLA	palat	memo	RAR	growth	mThres	clonal	propSex	meanSpacerLength	sdSpacerLength	Resshare	AllocSpacer	mSpacer	sens	allocroot	allocshoot	EC50_biomass	slope_biomass	EC50_SEbiomass	slope_SEbiomass	EC50_survival	slope_survival	EC50_establishment	slope_establishment	EC50_sterility	slope_sterility	EC50_seednumber	slope_seednumber	FlowerWeek	DispWeek	GermPeriod
1	LECAcl4p	100	0.05	0.5	1	5000	1	0.1	0.5	60	0.5	0.25	2	1	0.25	0.2	1	1	17.5	12.5	0	0.05	70	0	1	1	202.596415934364	2.7891498660657	0	0	134.58098390364	2.64037438261806	0	0	0	0	0	0	16	20	1
2	LECIcl3p	100	0.05	0.5	1	5000	1	0.1	0.5	60	0.75	0.5	2	1	0.25	0.2	1	1	17.5	12.5	1	0.05	70	0	1	1	245.740547153693	1.15907537959667	0	0	89.1113375837137	3.11627576227455	0	0	0	0	0	0	16	20	1
3	LECIcl4p	100	0.05	0.5	1	5000	1	0.1	0.5	60	0.75	0.5	2	1	0.25	0.2	1	1	17.5	12.5	0	0.05	70	0	1	1	174.497446081596	2.39433200543868	0	0	141.018874820248	2.28586603558989	0	0	0	0	0	0	16	20	1
6	LSCAp	100	0.05	0.75	1	5000	1	0.1	0.5	60	0.5	0.25	2	1	0.25	0.2	0	0	0	0	0	0	0	0	1	1	86.8235179618371	1.51292316796302	0	0	113.273293396257	2.61707424844143	0	0	0	0	0	0	16	20	1
8	LSCIcl1p	100	0.05	0.75	1	5000	1	0.1	0.5	60	0.75	0.5	2	1	0.25	0.2	1	1	2.5	2.5	1	0.05	70	0	1	1	94.6320376132319	2.04438977084712	0	0	156.724415232271	3.36711030413231	0	0	0	0	0	0	16	20	1
9	LSCIcl2p	100	0.05	0.75	1	5000	1	0.1	0.5	60	0.75	0.5	2	1	0.25	0.2	1	1	2.5	2.5	0	0.05	70	0	1	1	226.974596583305	2.22855971704367	0	0	186.491762534571	1.24644514058234	0	0	0	0	0	0	16	20	1
10	LSCIcl3p	100	0.05	0.75	1	5000	1	0.1	0.5	60	0.75	0.5	2	1	0.25	0.2	1	1	17.5	12.5	1	0.05	70	0	1	1	163.935897815142	2.53932194312309	0	0	130.179906997935	3.06901067595257	0	0	0	0	0	0	16	20	1
7	LSCIp	100	0.05	0.75	1	5000	1	0.1	0.5	60	0.75	0.5	2	1	0.25	0.2	0	0	0	0	0	0	0	0	1	1	234.510847283265	3.44861432282664	0	0	213.497767145608	2.95477226330432	0	0	0	0	0	0	16	20	1
12	LSCTcl3p	100	0.05	0.75	1	5000	1	0.1	0.5	60	1	1	2	1	0.25	0.2	1	1	17.5	12.5	1	0.05	70	0	1	1	84.5217419714376	3.19154255313631	0	0	253.108879361419	2.12527661923674	0	0	0	0	0	0	16	20	1
11	LSCTp	100	0.05	0.75	1	5000	1	0.1	0.5	60	1	1	2	1	0.25	0.2	0	0	0	0	0	0	0	0	1	1	258.628444152909	1.75740352348808	0	0	117.417409182804	2.38268399402351	0	0	0	0	0	0	16	20	1
17	MECAcl4p	100	0.05	0.5	0.3	2000	0.3	0.3	0.5	60	0.5	0.25	2	1	0.25	0.2	1	1	17.5	12.5	0	0.05	70	0	1	1	155.129561563451	1.2551397692701	0	0	99.024206383418	1.48701625038934	0	0	0	0	0	0	16	20	1
18	MECIcl3p	100	0.05	0.5	0.3	2000	0.3	0.3	0.5	60	0.75	0.5	2	1	0.25	0.2	1	1	17.5	12.5	1	0.05	70	0	1	1	152.024396111913	3.02697853871892	0	0	184.764555967394	2.91129929992049	0	0	0	0	0	0	16	20	1
19	MECIcl4p	100	0.05	0.5	0.3	2000	0.3	0.3	0.5	60	0.75	0.5	2	1	0.25	0.2	1	1	17.5	12.5	0	0.05	70	0	1	1	236.37746041927	1.59106060111599	0	0	160.947841115215	3.07102817091388	0	0	0	0	0	0	16	20	1
21	MECTcl3p	100	0.05	0.5	0.3	2000	0.3	0.3	0.5	60	1	1	2	1	0.25	0.2	1	1	17.5	12.5	1	0.05	70	0	1	1	165.274195189532	1.39376848270195	0	0	143.428351645741	1.31396950861798	0	0	0	0	0	0	1	5	1
20	MECTp	100	0.05	0.5	0.3	2000	0.3	0.3	0.5	60	1	1	2	1	0.25	0.2	0	0	0	0	0	0	0	0	1	1	216.623240739382	2.16730088518423	0	0	122.480324731774	3.20749133685603	0	0	0	0	0	0	16	20	1
24	MEITp	100	0.05	0.5	0.3	2000	0.3	0.3	0.5	40	1	1	4	1	0.25	0.2	0	0	0	0	0	0	0	0	1	1	250.902701539935	3.11264248591672	0	0	236.993237813433	2.65876162225287	0	0	0	0	0	0	16	20	1
25	MESTcl3p	100	0.05	0.5	0.3	2000	0.3	0.3	0.5	20	1	1	6	1	0.25	0.2	1	1	17.5	12.5	1	0.05	70	0	1	1	251.359999247772	1.20345147107368	0	0	256.158723992677	3.07767981135586	0	0	0	0	0	0	16	20	1
26	MRITcl3p	100	0.05	1	0.3	2000	0.3	0.3	0.5	40	1	1	4	1	0.25	0.2	1	1	17.5	12.5	1	0.05	70	0	1	1	225.095823281945	1.52257216426026	0	0	258.365015287117	1.51250352777516	0	0	0	0	0	0	1	5	1
28	MSCAcl1p	100	0.05	0.75	0.3	2000	0.3	0.3	0.5	60	0.5	0.25	2	1	0.25	0.2	1	1	2.5	2.5	1	0.05	70	0	1	1	105.18930005105	2.52463763556098	0	0	152.925077531341	2.83308443332979	0	0	0	0	0	0	16	20	1
29	MSCAcl2p	100	0.05	0.75	0.3	2000	0.3	0.3	0.5	60	0.5	0.25	2	1	0.25	0.2	1	1	2.5	2.5	0	0.05	70	0	1	1	184.841267244966	2.66044042888	0	0	117.46529265165	1.55599460218882	0	0	0	0	0	0	16	20	1
30	MSCAcl3p	100	0.05	0.75	0.3	2000	0.3	0.3	0.5	60	0.5	0.25	2	1	0.25	0.2	1	1	17.5	12.5	1	0.05	70	0	1	1	191.687008016123	1.35791452777512	0	0	122.558251246231	3.0356714201661	0	0	0	0	0	0	16	20	1
27	MSCAp	100	0.05	0.75	0.3	2000	0.3	0.3	0.5	60	0.5	0.25	2	1	0.25	0.2	0	0	0	0	0	0	0	0	1	1	178.197389438999	2.53039428574261	0	0	206.504635936568	3.32253023918085	0	0	0	0	0	0	16	20	1
32	MSCIcl3p	100	0.05	0.75	0.3	2000	0.3	0.3	0.5	60	0.75	0.5	2	1	0.25	0.2	1	1	17.5	12.5	1	0.05	70	0	1	1	194.459070469581	3.44580715073578	0	0	85.6215450816377	1.18186783811818	0	0	0	0	0	0	16	20	1
31	MSCIp	100	0.05	0.75	0.3	2000	0.3	0.3	0.5	60	0.75	0.5	2	1	0.25	0.2	0	0	0	0	0	0	0	0	1	1	224.569913714787	3.23395994984602	0	0	134.386961250232	1.7822661275526	0	0	0	0	0	0	16	20	1
34	MSCTcl1p	100	0.05	0.75	0.3	2000	0.3	0.3	0.5	60	1	1	2	1	0.25	0.2	1	1	2.5	2.5	1	0.05	70	0	1	1	213.310959007832	2.06988063682139	0	0	143.580110538198	1.75222985437777	0	0	0	0	0	0	16	20	1
35	MSCTcl2p	100	0.05	0.75	0.3	2000	0.3	0.3	0.5	60	1	1	2	1	0.25	0.2	1	1	2.5	2.5	0	0.05	70	0	1	1	170.508156219986	2.57826904370448	0	0	104.727227835113	1.92057381707845	0	0	0	0	0	0	16	20	1
41	MSIAcl3p	100	0.05	0.75	0.3	2000	0.3	0.3	0.5	40	0.5	0.25	4	1	0.25	0.2	1	1	17.5	12.5	1	0.05	70	0	1	1	143.182861464491	2.15070506270224	0	0	114.863434971341	1.85139710614761	0	0	0	0	0	0	16	20	1
42	MSIAcl4p	100	0.05	0.75	0.3	2000	0.3	0.3	0.5	40	0.5	0.25	4	1	0.25	0.2	1	1	17.5	12.5	0	0.05	70	0	1	1	235.111901879171	2.34694299613303	0	0	218.095793442592	1.79224545567413	0	0	0	0	0	0	16	20	1
44	MSIIcl1p	100	0.05	0.75	0.3	2000	0.3	0.3	0.5	40	0.75	0.5	4	1	0.25	0.2	1	1	2.5	2.5	1	0.05	70	0	1	1	114.649783233797	1.44525721033963	0	0	172.99822536933	2.85762018318803	0	0	0	0	0	0	16	20	1
43	MSIIp	100	0.05	0.75	0.3	2000	0.3	0.3	0.5	40	0.75	0.5	4	1	0.25	0.2	0	0	0	0	0	0	0	0	1	1	186.188809233121	1.85217061151029	0	0	96.6082667264756	2.79167909199923	0	0	0	0	0	0	16	20	1
45	MSITcl3p	100	0.05	0.75	0.3	2000	0.3	0.3	0.5	40	1	1	4	1	0.25	0.2	1	1	17.5	12.5	1	0.05	70	0	1	1	126.247318233508	2.73154506094987	0	0	180.622213672474	3.36584447565837	0	0	0	0	0	0	16	20	1
46	MSITcl4p	100	0.05	0.75	0.3	2000	0.3	0.3	0.5	40	1	1	4	1	0.25	0.2	1	1	17.5	12.5	0	0.05	70	0	1	1	176.875967755855	2.52550286561434	0	0	216.691340402625	2.85985362392078	0	0	0	0	0	0	16	20	1
49	MSSAcl4p	100	0.05	0.75	0.3	2000	0.3	0.3	0.5	20	0.5	0.25	6	1	0.25	0.2	1	1	17.5	12.5	0	0.05	70	0	1	1	227.250929798744	1.50762004529774	0	0	189.324498359001	1.8100036876125	0	0	0	0	0	0	16	20	1
50	SECAcl3p	100	0.05	0.5	0.1	1000	0.1	0.6	0.5	60	0.5	0.25	2	1	0.25	0.2	1	1	17.5	12.5	1	0.05	70	0	1	1	227.608315924678	2.05748336763034	0	0	234.643453949184	2.40175234905161	0	0	0	0	0	0	16	20	1
52	SECTcl3p	100	0.05	0.5	0.1	1000	0.1	0.6	0.5	60	1	1	2	1	0.25	0.2	1	1	17.5	12.5	1	0.05	70	0	1	1	85.90051431876	2.77769667197511	0	0	233.606701718384	1.26511204587245	0	0	0	0	0	0	1	5	1
51	SECTp	100	0.05	0.5	0.1	1000	0.1	0.6	0.5	60	1	1	2	1	0.25	0.2	0	0	0	0	0	0	0	0	1	1	199.535388030582	1.91263300465849	0	0	198.658934104208	1.7710680256908	0	0	0	0	0	0	1	5	1
55	SEIAcl4p	100	0.05	0.5	0.1	1000	0.1	0.6	0.5	40	0.5	0.25	4	1	0.25	0.2	1	1	17.5	12.5	0	0.05	70	0	1	1	176.448406614955	3.17102356521671	0	0	236.490350798908	3.47022001279054	0	0	0	0	0	0	1	5	1
54	SEIAp	100	0.05	0.5	0.1	1000	0.1	0.6	0.5	40	0.5	0.25	4	1	0.25	0.2	0	0	0	0	0	0	0	0	1	1	87.0174847685849	2.7070284687251	0	0	181.980455719715	3.45050861284834	0	0	0	0	0	0	16	20	1
57	SEITcl1p	100	0.05	0.5	0.1	1000	0.1	0.6	0.5	40	1	1	4	1	0.25	0.2	1	1	2.5	2.5	1	0.05	70	0	1	1	97.5638072354889	2.50733493459072	0	0	249.54683661977	2.28786508878591	0	0	0	0	0	0	16	20	1
58	SEITcl3p	100	0.05	0.5	0.1	1000	0.1	0.6	0.5	40	1	1	4	1	0.25	0.2	1	1	17.5	12.5	1	0.05	70	0	1	1	185.255532897738	3.28164009828092	0	0	144.513731783911	2.17663861535926	0	0	0	0	0	0	1	5	1
59	SEITcl4p	100	0.05	0.5	0.1	1000	0.1	0.6	0.5	40	1	1	4	1	0.25	0.2	1	1	17.5	12.5	0	0.05	70	0	1	1	188.194118058274	1.86152165977097	0	0	100.709892780722	2.77573619406502	0	0	0	0	0	0	1	5	1
62	SESTcl4p	100	0.05	0.5	0.1	1000	0.1	0.6	0.5	20	1	1	6	1	0.25	0.2	1	1	17.5	12.5	0	0.05	70	0	1	1	98.4903038371669	3.34240702915198	0	0	209.555205049006	1.31756865122764	0	0	0	0	0	0	16	20	1
64	SRIAcl1p	100	0.05	1	0.1	1000	0.1	0.6	0.5	40	0.5	0.25	4	1	0.25	0.2	1	1	2.5	2.5	1	0.05	70	0	1	1	141.747711278083	1.52420658814802	0	0	125.906778138227	1.18744489894932	0	0	0	0	0	0	16	20	1
63	SRIAcl1pf	100	0.05	1	0.1	1000	0.1	0.6	0.5	40	0.5	0.25	4	1	0.25	0.2	1	1	2.5	2.5	1	0.05	70	0	1	1	125.262112088748	2.83941131114084	0	0	227.537812016102	1.98246692392279	0	0	0	0	0	0	1	5	1
65	SRIAcl3p	100	0.05	1	0.1	1000	0.1	0.6	0.5	40	0.5	0.25	4	1	0.25	0.2	1	1	17.5	12.5	1	0.05	70	0	1	1	250.062441969647	1.31798400219011	0	0	102.834056942716	2.00175857760244	0	0	0	0	0	0	16	20	1
66	SRIAcl4p	100	0.05	1	0.1	1000	0.1	0.6	0.5	40	0.5	0.25	4	1	0.25	0.2	1	1	17.5	12.5	0	0.05	70	0	1	1	122.883289444209	2.15616542070045	0	0	220.778345479194	1.74887179669774	0	0	0	0	0	0	1	5	1
68	SRITcl3p	100	0.05	1	0.1	1000	0.1	0.6	0.5	40	1	1	4	1	0.25	0.2	1	1	17.5	12.5	1	0.05	70	0	1	1	106.742994561792	2.60733478620653	0	0	239.344123102634	3.19197107857561	0	0	0	0	0	0	16	20	1
67	SRITcl3pf	100	0.05	1	0.1	1000	0.1	0.6	0.5	40	1	1	4	1	0.25	0.2	1	1	17.5	12.5	1	0.05	70	0	1	1	212.933921467572	2.23261206840164	0	0	237.400035606732	1.35810141506446	0	0	0	0	0	0	1	5	1
69	SSCIcl1p	100	0.05	0.75	0.1	1000	0.1	0.6	0.5	60	0.75	0.5	2	1	0.25	0.2	1	1	2.5	2.5	1	0.05	70	0	1	1	163.484893322532	2.4478489301582	0	0	191.767863768417	3.00226820242788	0	0	0	0	0	0	16	20	1
70	SSCTp	100	0.05	0.75	0.1	1000	0.1	0.6	0.5	60	1	1	2	1	0.25	0.2	0	0	0	0	0	0	0	0	1	1	249.682749933391	1.26456209809236	0	0	153.949230704748	3.36462906095003	0	0	0	0	0	0	16	20	1
71	SSIAcl4p	100	0.05	0.75	0.1	1000	0.1	0.6	0.5	40	0.5	0.25	4	1	0.25	0.2	1	1	17.5	12.5	0	0.05	70	0	1	1	127.295063570057	1.83580372106199	0	0	233.847462094285	2.69917070408595	0	0	0	0	0	0	16	20	1
73	SSIIp	100	0.05	0.75	0.1	1000	0.1	0.6	0.5	40	0.75	0.5	4	1	0.25	0.2	0	0	0	0	0	0	0	0	1	1	173.421098483947	2.40150981715438	0	0	199.932240415037	3.39964666261869	0	0	0	0	0	0	16	20	1
