ID	Species	MaxAge	AllocSeed	LMR	m0	MaxMass	mSeed	Dist	pEstab	Gmax	SLA	palat	memo	RAR	growth	mThres	clonal	propSex	meanSpacerLength	sdSpacerLength	Resshare	AllocSpacer	mSpacer	sens	allocroot	allocshoot	EC50_biomass	slope_biomass	EC50_SEbiomass	slope_SEbiomass	EC50_survival	slope_survival	EC50_establishment	slope_establishment	EC50_sterility	slope_sterility	EC50_seednumber	slope_seednumber	FlowerWeek	DispWeek	GermPeriod
1	LECAcl4p	100	0.05	0.5	1	5000	1	0.1	0.5	60	0.5	0.25	2	1	0.25	0.2	1	1	17.5	12.5	0	0.05	70	0.758958373684436	1	1	0	0	0	0	0	0	0	0	0	0	0	0	16	20	1
2	LECIcl3p	100	0.05	0.5	1	5000	1	0.1	0.5	60	0.75	0.5	2	1	0.25	0.2	1	1	17.5	12.5	1	0.05	70	0.205278330016881	1	1	0	0	0	0	0	0	0	0	0	0	0	0	16	20	1
3	LECIcl4p	100	0.05	0.5	1	5000	1	0.1	0.5	60	0.75	0.5	2	1	0.25	0.2	1	1	17.5	12.5	0	0.05	70	0.527395175769925	1	1	0	0	0	0	0	0	0	0	0	0	0	0	16	20	1
6	LSCAp	100	0.05	0.75	1	5000	1	0.1	0.5	60	0.5	0.25	2	1	0.25	0.2	0	0	0	0	0	0	0	0.93340347497724	1	1	0	0	0	0	0	0	0	0	0	0	0	0	16	20	1
8	LSCIcl1p	100	0.05	0.75	1	5000	1	0.1	0.5	60	0.75	0.5	2	1	0.25	0.2	1	1	2.5	2.5	1	0.05	70	0.939280626829714	1	1	0	0	0	0	0	0	0	0	0	0	0	0	16	20	1
9	LSCIcl2p	100	0.05	0.75	1	5000	1	0.1	0.5	60	0.75	0.5	2	1	0.25	0.2	1	1	2.5	2.5	0	0.05	70	0.736987106269225	1	1	0	0	0	0	0	0	0	0	0	0	0	0	16	20	1
10	LSCIcl3p	100	0.05	0.75	1	5000	1	0.1	0.5	60	0.75	0.5	2	1	0.25	0.2	1	1	17.5	12.5	1	0.05	70	0.946934616658837	1	1	0	0	0	0	0	0	0	0	0	0	0	0	16	20	1
7	LSCIp	100	0.05	0.75	1	5000	1	0.1	0.5	60	0.75	0.5	2	1	0.25	0.2	0	0	0	0	0	0	0	0.457656885497272	1	1	0	0	0	0	0	0	0	0	0	0	0	0	16	20	1
12	LSCTcl3p	100	0.05	0.75	1	5000	1	0.1	0.5	60	1	1	2	1	0.25	0.2	1	1	17.5	12.5	1	0.05	70	0.446953604929149	1	1	0	0	0	0	0	0	0	0	0	0	0	0	16	20	1
11	LSCTp	100	0.05	0.75	1	5000	1	0.1	0.5	60	1	1	2	1	0.25	0.2	0	0	0	0	0	0	0	0.806812515947968	1	1	0	0	0	0	0	0	0	0	0	0	0	0	16	20	1
17	MECAcl4p	100	0.05	0.5	0.3	2000	0.3	0.3	0.5	60	0.5	0.25	2	1	0.25	0.2	1	1	17.5	12.5	0	0.05	70	0.0443286439403892	1	1	0	0	0	0	0	0	0	0	0	0	0	0	16	20	1
18	MECIcl3p	100	0.05	0.5	0.3	2000	0.3	0.3	0.5	60	0.75	0.5	2	1	0.25	0.2	1	1	17.5	12.5	1	0.05	70	0.815512861823663	1	1	0	0	0	0	0	0	0	0	0	0	0	0	16	20	1
19	MECIcl4p	100	0.05	0.5	0.3	2000	0.3	0.3	0.5	60	0.75	0.5	2	1	0.25	0.2	1	1	17.5	12.5	0	0.05	70	0.867178030312061	1	1	0	0	0	0	0	0	0	0	0	0	0	0	16	20	1
21	MECTcl3p	100	0.05	0.5	0.3	2000	0.3	0.3	0.5	60	1	1	2	1	0.25	0.2	1	1	17.5	12.5	1	0.05	70	0.829100337345153	1	1	0	0	0	0	0	0	0	0	0	0	0	0	1	5	1
20	MECTp	100	0.05	0.5	0.3	2000	0.3	0.3	0.5	60	1	1	2	1	0.25	0.2	0	0	0	0	0	0	0	0.966132147004828	1	1	0	0	0	0	0	0	0	0	0	0	0	0	16	20	1
24	MEITp	100	0.05	0.5	0.3	2000	0.3	0.3	0.5	40	1	1	4	1	0.25	0.2	0	0	0	0	0	0	0	0.40970408055	1	1	0	0	0	0	0	0	0	0	0	0	0	0	16	20	1
25	MESTcl3p	100	0.05	0.5	0.3	2000	0.3	0.3	0.5	20	1	1	6	1	0.25	0.2	1	1	17.5	12.5	1	0.05	70	0.949437847593799	1	1	0	0	0	0	0	0	0	0	0	0	0	0	16	20	1
26	MRITcl3p	100	0.05	1	0.3	2000	0.3	0.3	0.5	40	1	1	4	1	0.25	0.2	1	1	17.5	12.5	1	0.05	70	0.665022556204349	1	1	0	0	0	0	0	0	0	0	0	0	0	0	1	5	1
28	MSCAcl1p	100	0.05	0.75	0.3	2000	0.3	0.3	0.5	60	0.5	0.25	2	1	0.25	0.2	1	1	2.5	2.5	1	0.05	70	0.201126810861751	1	1	0	0	0	0	0	0	0	0	0	0	0	0	16	20	1
29	MSCAcl2p	100	0.05	0.75	0.3	2000	0.3	0.3	0.5	60	0.5	0.25	2	1	0.25	0.2	1	1	2.5	2.5	0	0.05	70	0.807343000546098	1	1	0	0	0	0	0	0	0	0	0	0	0	0	16	20	1
30	MSCAcl3p	100	0.05	0.75	0.3	2000	0.3	0.3	0.5	60	0.5	0.25	2	1	0.25	0.2	1	1	17.5	12.5	1	0.05	70	0.485651173861697	1	1	0	0	0	0	0	0	0	0	0	0	0	0	16	20	1
27	MSCAp	100	0.05	0.75	0.3	2000	0.3	0.3	0.5	60	0.5	0.25	2	1	0.25	0.2	0	0	0	0	0	0	0	0.572362111648545	1	1	0	0	0	0	0	0	0	0	0	0	0	0	16	20	1
32	MSCIcl3p	100	0.05	0.75	0.3	2000	0.3	0.3	0.5	60	0.75	0.5	2	1	0.25	0.2	1	1	17.5	12.5	1	0.05	70	0.455058555817232	1	1	0	0	0	0	0	0	0	0	0	0	0	0	16	20	1
31	MSCIp	100	0.05	0.75	0.3	2000	0.3	0.3	0.5	60	0.75	0.5	2	1	0.25	0.2	0	0	0	0	0	0	0	0.39397914451547	1	1	0	0	0	0	0	0	0	0	0	0	0	0	16	20	1
34	MSCTcl1p	100	0.05	0.75	0.3	2000	0.3	0.3	0.5	60	1	1	2	1	0.25	0.2	1	1	2.5	2.5	1	0.05	70	0.127147281775251	1	1	0	0	0	0	0	0	0	0	0	0	0	0	16	20	1
35	MSCTcl2p	100	0.05	0.75	0.3	2000	0.3	0.3	0.5	60	1	1	2	1	0.25	0.2	1	1	2.5	2.5	0	0.05	70	0.284208261873573	1	1	0	0	0	0	0	0	0	0	0	0	0	0	16	20	1
41	MSIAcl3p	100	0.05	0.75	0.3	2000	0.3	0.3	0.5	40	0.5	0.25	4	1	0.25	0.2	1	1	17.5	12.5	1	0.05	70	0.471688841236755	1	1	0	0	0	0	0	0	0	0	0	0	0	0	16	20	1
42	MSIAcl4p	100	0.05	0.75	0.3	2000	0.3	0.3	0.5	40	0.5	0.25	4	1	0.25	0.2	1	1	17.5	12.5	0	0.05	70	0.752745197387412	1	1	0	0	0	0	0	0	0	0	0	0	0	0	16	20	1
44	MSIIcl1p	100	0.05	0.75	0.3	2000	0.3	0.3	0.5	40	0.75	0.5	4	1	0.25	0.2	1	1	2.5	2.5	1	0.05	70	0.660410623764619	1	1	0	0	0	0	0	0	0	0	0	0	0	0	16	20	1
43	MSIIp	100	0.05	0.75	0.3	2000	0.3	0.3	0.5	40	0.75	0.5	4	1	0.25	0.2	0	0	0	0	0	0	0	0.42111424705945	1	1	0	0	0	0	0	0	0	0	0	0	0	0	16	20	1
45	MSITcl3p	100	0.05	0.75	0.3	2000	0.3	0.3	0.5	40	1	1	4	1	0.25	0.2	1	1	17.5	12.5	1	0.05	70	0.131871794117615	1	1	0	0	0	0	0	0	0	0	0	0	0	0	16	20	1
46	MSITcl4p	100	0.05	0.75	0.3	2000	0.3	0.3	0.5	40	1	1	4	1	0.25	0.2	1	1	17.5	12.5	0	0.05	70	0.331823877058923	1	1	0	0	0	0	0	0	0	0	0	0	0	0	16	20	1
49	MSSAcl4p	100	0.05	0.75	0.3	2000	0.3	0.3	0.5	20	0.5	0.25	6	1	0.25	0.2	1	1	17.5	12.5	0	0.05	70	0.352007232606411	1	1	0	0	0	0	0	0	0	0	0	0	0	0	16	20	1
50	SECAcl3p	100	0.05	0.5	0.1	1000	0.1	0.6	0.5	60	0.5	0.25	2	1	0.25	0.2	1	1	17.5	12.5	1	0.05	70	0.998867323156446	1	1	0	0	0	0	0	0	0	0	0	0	0	0	16	20	1
52	SECTcl3p	100	0.05	0.5	0.1	1000	0.1	0.6	0.5	60	1	1	2	1	0.25	0.2	1	1	17.5	12.5	1	0.05	70	0.776323380181566	1	1	0	0	0	0	0	0	0	0	0	0	0	0	1	5	1
51	SECTp	100	0.05	0.5	0.1	1000	0.1	0.6	0.5	60	1	1	2	1	0.25	0.2	0	0	0	0	0	0	0	0.526108072604984	1	1	0	0	0	0	0	0	0	0	0	0	0	0	1	5	1
55	SEIAcl4p	100	0.05	0.5	0.1	1000	0.1	0.6	0.5	40	0.5	0.25	4	1	0.25	0.2	1	1	17.5	12.5	0	0.05	70	0.186051371973008	1	1	0	0	0	0	0	0	0	0	0	0	0	0	1	5	1
54	SEIAp	100	0.05	0.5	0.1	1000	0.1	0.6	0.5	40	0.5	0.25	4	1	0.25	0.2	0	0	0	0	0	0	0	0.943919450277463	1	1	0	0	0	0	0	0	0	0	0	0	0	0	16	20	1
57	SEITcl1p	100	0.05	0.5	0.1	1000	0.1	0.6	0.5	40	1	1	4	1	0.25	0.2	1	1	2.5	2.5	1	0.05	70	0.916946264449507	1	1	0	0	0	0	0	0	0	0	0	0	0	0	16	20	1
58	SEITcl3p	100	0.05	0.5	0.1	1000	0.1	0.6	0.5	40	1	1	4	1	0.25	0.2	1	1	17.5	12.5	1	0.05	70	0.942575150169432	1	1	0	0	0	0	0	0	0	0	0	0	0	0	1	5	1
59	SEITcl4p	100	0.05	0.5	0.1	1000	0.1	0.6	0.5	40	1	1	4	1	0.25	0.2	1	1	17.5	12.5	0	0.05	70	0.871848278678954	1	1	0	0	0	0	0	0	0	0	0	0	0	0	1	5	1
62	SESTcl4p	100	0.05	0.5	0.1	1000	0.1	0.6	0.5	20	1	1	6	1	0.25	0.2	1	1	17.5	12.5	0	0.05	70	0.668822728330269	1	1	0	0	0	0	0	0	0	0	0	0	0	0	16	20	1
64	SRIAcl1p	100	0.05	1	0.1	1000	0.1	0.6	0.5	40	0.5	0.25	4	1	0.25	0.2	1	1	2.5	2.5	1	0.05	70	0.230381468078122	1	1	0	0	0	0	0	0	0	0	0	0	0	0	16	20	1
63	SRIAcl1pf	100	0.05	1	0.1	1000	0.1	0.6	0.5	40	0.5	0.25	4	1	0.25	0.2	1	1	2.5	2.5	1	0.05	70	0.877213716972619	1	1	0	0	0	0	0	0	0	0	0	0	0	0	1	5	1
65	SRIAcl3p	100	0.05	1	0.1	1000	0.1	0.6	0.5	40	0.5	0.25	4	1	0.25	0.2	1	1	17.5	12.5	1	0.05	70	0.43718189955689	1	1	0	0	0	0	0	0	0	0	0	0	0	0	16	20	1
66	SRIAcl4p	100	0.05	1	0.1	1000	0.1	0.6	0.5	40	0.5	0.25	4	1	0.25	0.2	1	1	17.5	12.5	0	0.05	70	0.503583532990888	1	1	0	0	0	0	0	0	0	0	0	0	0	0	1	5	1
68	SRITcl3p	100	0.05	1	0.1	1000	0.1	0.6	0.5	40	1	1	4	1	0.25	0.2	1	1	17.5	12.5	1	0.05	70	0.409146709833294	1	1	0	0	0	0	0	0	0	0	0	0	0	0	16	20	1
67	SRITcl3pf	100	0.05	1	0.1	1000	0.1	0.6	0.5	40	1	1	4	1	0.25	0.2	1	1	17.5	12.5	1	0.05	70	0.833789157448336	1	1	0	0	0	0	0	0	0	0	0	0	0	0	1	5	1
69	SSCIcl1p	100	0.05	0.75	0.1	1000	0.1	0.6	0.5	60	0.75	0.5	2	1	0.25	0.2	1	1	2.5	2.5	1	0.05	70	0.768378852633759	1	1	0	0	0	0	0	0	0	0	0	0	0	0	16	20	1
70	SSCTp	100	0.05	0.75	0.1	1000	0.1	0.6	0.5	60	1	1	2	1	0.25	0.2	0	0	0	0	0	0	0	0.790749168256298	1	1	0	0	0	0	0	0	0	0	0	0	0	0	16	20	1
71	SSIAcl4p	100	0.05	0.75	0.1	1000	0.1	0.6	0.5	40	0.5	0.25	4	1	0.25	0.2	1	1	17.5	12.5	0	0.05	70	0.576098083285615	1	1	0	0	0	0	0	0	0	0	0	0	0	0	16	20	1
73	SSIIp	100	0.05	0.75	0.1	1000	0.1	0.6	0.5	40	0.75	0.5	4	1	0.25	0.2	0	0	0	0	0	0	0	0.519000149797648	1	1	0	0	0	0	0	0	0	0	0	0	0	0	16	20	1
