Herbicide scenario	PFT	year	mean.10	min.10	max.10	mean.10_20	min.10_20	max.10_20	mean.20_30	min.20_30	max.20_30	mean.30_40	min.30_40	max.30_40	mean.40_50	min.40_50	max.40_50	mean.50	min.50	max.50
0	MECIcl3plb	1	30	1	30	0	0	0	0	0	0	0	0	0	0	0	0	0	0	0
1	MECIcl3plb	1	30	1	30	0	0	0	0	0	0	0	0	0	0	0	0	0	0	0
0	MECIcl3plb	2	30	0	30	0	0	0	0	0	0	0	0	0	0	0	0	0	0	0
1	MECIcl3plb	2	30	0	30	0	0	0	0	0	0	0	0	0	0	0	0	0	0	0
0	MECIcl3plb	3	30	0	30	0	0	0	0	0	0	0	0	0	0	0	0	0	0	0
1	MECIcl3plb	3	30	0	30	0	0	0	0	0	0	0	0	0	0	0	0	0	0	0
0	MECIcl3plb	4	30	0	30	0	0	0	0	0	0	0	0	0	0	0	0	0	0	0
1	MECIcl3plb	4	30	0	30	0	0	0	0	0	0	0	0	0	0	0	0	0	0	0
0	MECIcl3plb	5	30	0	30	0	0	0	0	0	0	0	0	0	0	0	0	0	0	0
1	MECIcl3plb	5	30	2	30	0	0	0	0	0	0	0	0	0	0	0	0	0	0	0
0	MECIcl3plb	6	30	0	30	0	0	0	0	0	0	0	0	0	0	0	0	0	0	0
1	MECIcl3plb	6	30	0	30	0	0	0	0	0	0	0	0	0	0	0	0	0	0	0
0	MECIcl3plb	7	30	0	30	0	0	0	0	0	0	0	0	0	0	0	0	0	0	0
1	MECIcl3plb	7	30	0	30	0	0	0	0	0	0	0	0	0	0	0	0	0	0	0
0	MECIcl3plb	8	30	0	30	0	0	0	0	0	0	0	0	0	0	0	0	0	0	0
1	MECIcl3plb	8	30	0	30	0	0	0	0	0	0	0	0	0	0	0	0	0	0	0
0	MECIcl3plb	9	30	0	30	0	0	0	0	0	0	0	0	0	0	0	0	0	0	0
1	MECIcl3plb	9	30	0	30	0	0	0	0	0	0	0	0	0	0	0	0	0	0	0
0	MECIcl3plb	10	30	0	30	0	0	0	0	0	0	0	0	0	0	0	0	0	0	0
1	MECIcl3plb	10	30	0	30	0	0	0	0	0	0	0	0	0	0	0	0	0	0	0
0	MECIcl3plb	11	30	0	30	0	0	0	0	0	0	0	0	0	0	0	0	0	0	0
1	MECIcl3plb	11	30	0	30	0	0	0	0	0	0	0	0	0	0	0	0	0	0	0
0	MECIcl3plb	12	30	0	30	0	0	0	0	0	0	0	0	0	0	0	0	0	0	0
1	MECIcl3plb	12	30	0	30	0	0	0	0	0	0	0	0	0	0	0	0	0	0	0
0	MECIcl3plb	13	30	0	30	0	0	0	0	0	0	0	0	0	0	0	0	0	0	0
1	MECIcl3plb	13	30	0	30	0	0	0	0	0	0	0	0	0	0	0	0	0	0	0
0	MECIcl3plb	14	30	0	30	0	0	0	0	0	0	0	0	0	0	0	0	0	0	0
1	MECIcl3plb	14	30	0	30	0	0	0	0	0	0	0	0	0	0	0	0	0	0	0
0	MECIcl3plb	15	30	0	30	0	0	0	0	0	0	0	0	0	0	0	0	0	0	0
1	MECIcl3plb	15	30	0	30	0	0	0	0	0	0	0	0	0	0	0	0	0	0	0
0	MECIcl3plb	16	30	0	30	0	0	0	0	0	0	0	0	0	0	0	0	0	0	0
1	MECIcl3plb	16	30	0	30	0	0	0	0	0	0	0	0	0	0	0	0	0	0	0
0	MECIcl3plb	17	30	0	30	0	0	0	0	0	0	0	0	0	0	0	0	0	0	0
1	MECIcl3plb	17	30	0	30	0	0	0	0	0	0	0	0	0	0	0	0	0	0	0
0	MECIcl3plb	18	30	0	30	0	0	0	0	0	0	0	0	0	0	0	0	0	0	0
1	MECIcl3plb	18	30	0	30	0	0	0	0	0	0	0	0	0	0	0	0	0	0	0
0	MECIcl3plb	19	30	0	30	0	0	0	0	0	0	0	0	0	0	0	0	0	0	0
1	MECIcl3plb	19	30	0	30	0	0	0	0	0	0	0	0	0	0	0	0	0	0	0
0	MECIcl3plb	20	30	0	30	0	0	0	0	0	0	0	0	0	0	0	0	0	0	0
1	MECIcl3plb	20	30	0	30	0	0	0	0	0	0	0	0	0	0	0	0	0	0	0
0	MECIcl3plb	21	30	0	30	0	0	0	0	0	0	0	0	0	0	0	0	0	0	0
1	MECIcl3plb	21	30	0	30	0	0	0	0	0	0	0	0	0	0	0	0	0	0	0
0	MECIcl3plb	22	30	0	30	0	0	0	0	0	0	0	0	0	0	0	0	0	0	0
1	MECIcl3plb	22	30	0	30	0	0	0	0	0	0	0	0	0	0	0	0	0	0	0
0	MECIcl3plb	23	30	0	30	0	0	0	0	0	0	0	0	0	0	0	0	0	0	0
1	MECIcl3plb	23	30	0	30	0	0	0	0	0	0	0	0	0	0	0	0	0	0	0
0	MECIcl3plb	24	30	0	30	0	0	0	0	0	0	0	0	0	0	0	0	0	0	0
1	MECIcl3plb	24	30	0	30	0	0	0	0	0	0	0	0	0	0	0	0	0	0	0
0	MECIcl3plb	25	30	0	30	0	0	0	0	0	0	0	0	0	0	0	0	0	0	0
1	MECIcl3plb	25	30	0	30	0	0	0	0	0	0	0	0	0	0	0	0	0	0	0
0	MECIcl3plb	26	30	0	30	0	0	0	0	0	0	0	0	0	0	0	0	0	0	0
1	MECIcl3plb	26	30	0	30	0	0	0	0	0	0	0	0	0	0	0	0	0	0	0
0	MECIcl3plb	27	30	0	30	0	0	0	0	0	0	0	0	0	0	0	0	0	0	0
1	MECIcl3plb	27	30	0	30	0	0	0	0	0	0	0	0	0	0	0	0	0	0	0
0	MECIcl3plb	28	30	0	30	0	0	0	0	0	0	0	0	0	0	0	0	0	0	0
1	MECIcl3plb	28	30	16	30	0	0	0	0	0	0	0	0	0	0	0	0	0	0	0
0	MECIcl3plb	29	30	0	30	0	0	0	0	0	0	0	0	0	0	0	0	0	0	0
1	MECIcl3plb	29	30	28	30	0	0	0	0	0	0	0	0	0	0	0	0	0	0	0
0	MECIcl3plb	30	30	0	30	0	0	0	0	0	0	0	0	0	0	0	0	0	0	0
1	MECIcl3plb	30	30	18	30	0	0	0	0	0	0	0	0	0	0	0	0	0	0	0
0	MECIcl3plb	31	30	0	30	0	0	0	0	0	0	0	0	0	0	0	0	0	0	0
1	MECIcl3plb	31	30	21	30	0	0	0	0	0	0	0	0	0	0	0	0	0	0	0
0	MECIcl3plb	32	30	0	30	0	0	0	0	0	0	0	0	0	0	0	0	0	0	0
1	MECIcl3plb	32	30	21	30	0	0	0	0	0	0	0	0	0	0	0	0	0	0	0
0	MECIcl3plb	33	30	0	30	0	0	0	0	0	0	0	0	0	0	0	0	0	0	0
1	MECIcl3plb	33	30	4	30	0	0	0	0	0	0	0	0	0	0	0	0	0	0	0
0	MECIcl3plb	34	30	0	30	0	0	0	0	0	0	0	0	0	0	0	0	0	0	0
1	MECIcl3plb	34	30	0	30	0	0	0	0	0	0	0	0	0	0	0	0	0	0	0
0	MECIcl3plb	35	30	0	30	0	0	0	0	0	0	0	0	0	0	0	0	0	0	0
1	MECIcl3plb	35	30	0	30	0	0	0	0	0	0	0	0	0	0	0	0	0	0	0
0	MECIcl3plb	36	30	0	30	0	0	0	0	0	0	0	0	0	0	0	0	0	0	0
1	MECIcl3plb	36	30	0	30	0	0	0	0	0	0	0	0	0	0	0	0	0	0	0
0	MECIcl3plb	37	30	0	30	0	0	0	0	0	0	0	0	0	0	0	0	0	0	0
1	MECIcl3plb	37	30	0	30	0	0	0	0	0	0	0	0	0	0	0	0	0	0	0
0	MECIcl3plb	38	30	0	30	0	0	0	0	0	0	0	0	0	0	0	0	0	0	0
1	MECIcl3plb	38	30	0	30	0	0	0	0	0	0	0	0	0	0	0	0	0	0	0
0	MECIcl3plb	39	30	0	30	0	0	0	0	0	0	0	0	0	0	0	0	0	0	0
1	MECIcl3plb	39	30	0	30	0	0	0	0	0	0	0	0	0	0	0	0	0	0	0
0	MECIcl3plb	40	30	0	30	0	0	0	0	0	0	0	0	0	0	0	0	0	0	0
1	MECIcl3plb	40	30	0	30	0	0	0	0	0	0	0	0	0	0	0	0	0	0	0
0	MECIcl4plb	1	30	1	30	0	0	0	0	0	0	0	0	0	0	0	0	0	0	0
1	MECIcl4plb	1	30	5	30	0	0	0	0	0	0	0	0	0	0	0	0	0	0	0
0	MECIcl4plb	2	30	0	30	0	0	0	0	0	0	0	0	0	0	0	0	0	0	0
1	MECIcl4plb	2	30	1	30	0	0	0	0	0	0	0	0	0	0	0	0	0	0	0
0	MECIcl4plb	3	30	0	30	0	0	0	0	0	0	0	0	0	0	0	0	0	0	0
1	MECIcl4plb	3	30	0	30	0	0	0	0	0	0	0	0	0	0	0	0	0	0	0
0	MECIcl4plb	4	30	0	30	0	0	0	0	0	0	0	0	0	0	0	0	0	0	0
1	MECIcl4plb	4	30	0	30	0	0	0	0	0	0	0	0	0	0	0	0	0	0	0
0	MECIcl4plb	5	30	0	30	0	0	0	0	0	0	0	0	0	0	0	0	0	0	0
1	MECIcl4plb	5	30	0	30	0	0	0	0	0	0	0	0	0	0	0	0	0	0	0
0	MECIcl4plb	6	30	0	30	0	0	0	0	0	0	0	0	0	0	0	0	0	0	0
1	MECIcl4plb	6	30	0	30	0	0	0	0	0	0	0	0	0	0	0	0	0	0	0
0	MECIcl4plb	7	30	0	30	0	0	0	0	0	0	0	0	0	0	0	0	0	0	0
1	MECIcl4plb	7	30	0	30	0	0	0	0	0	0	0	0	0	0	0	0	0	0	0
0	MECIcl4plb	8	30	0	30	0	0	0	0	0	0	0	0	0	0	0	0	0	0	0
1	MECIcl4plb	8	30	0	30	0	0	0	0	0	0	0	0	0	0	0	0	0	0	0
0	MECIcl4plb	9	30	0	30	0	0	0	0	0	0	0	0	0	0	0	0	0	0	0
1	MECIcl4plb	9	30	0	30	0	0	0	0	0	0	0	0	0	0	0	0	0	0	0
0	MECIcl4plb	10	30	0	30	0	0	0	0	0	0	0	0	0	0	0	0	0	0	0
1	MECIcl4plb	10	30	0	30	0	0	0	0	0	0	0	0	0	0	0	0	0	0	0
0	MECIcl4plb	11	30	0	30	0	0	0	0	0	0	0	0	0	0	0	0	0	0	0
1	MECIcl4plb	11	30	0	30	0	0	0	0	0	0	0	0	0	0	0	0	0	0	0
0	MECIcl4plb	12	30	0	30	0	0	0	0	0	0	0	0	0	0	0	0	0	0	0
1	MECIcl4plb	12	30	0	30	0	0	0	0	0	0	0	0	0	0	0	0	0	0	0
0	MECIcl4plb	13	30	0	30	0	0	0	0	0	0	0	0	0	0	0	0	0	0	0
1	MECIcl4plb	13	30	0	30	0	0	0	0	0	0	0	0	0	0	0	0	0	0	0
0	MECIcl4plb	14	30	0	30	0	0	0	0	0	0	0	0	0	0	0	0	0	0	0
1	MECIcl4plb	14	30	0	30	0	0	0	0	0	0	0	0	0	0	0	0	0	0	0
0	MECIcl4plb	15	30	0	30	0	0	0	0	0	0	0	0	0	0	0	0	0	0	0
1	MECIcl4plb	15	30	0	30	0	0	0	0	0	0	0	0	0	0	0	0	0	0	0
0	MECIcl4plb	16	30	0	30	0	0	0	0	0	0	0	0	0	0	0	0	0	0	0
1	MECIcl4plb	16	30	0	30	0	0	0	0	0	0	0	0	0	0	0	0	0	0	0
0	MECIcl4plb	17	30	0	30	0	0	0	0	0	0	0	0	0	0	0	0	0	0	0
1	MECIcl4plb	17	30	0	30	0	0	0	0	0	0	0	0	0	0	0	0	0	0	0
0	MECIcl4plb	18	30	0	30	0	0	0	0	0	0	0	0	0	0	0	0	0	0	0
1	MECIcl4plb	18	30	0	30	0	0	0	0	0	0	0	0	0	0	0	0	0	0	0
0	MECIcl4plb	19	30	0	30	0	0	0	0	0	0	0	0	0	0	0	0	0	0	0
1	MECIcl4plb	19	30	0	30	0	0	0	0	0	0	0	0	0	0	0	0	0	0	0
0	MECIcl4plb	20	30	0	30	0	0	0	0	0	0	0	0	0	0	0	0	0	0	0
1	MECIcl4plb	20	30	0	30	0	0	0	0	0	0	0	0	0	0	0	0	0	0	0
0	MECIcl4plb	21	30	0	30	0	0	0	0	0	0	0	0	0	0	0	0	0	0	0
1	MECIcl4plb	21	30	0	30	0	0	0	0	0	0	0	0	0	0	0	0	0	0	0
0	MECIcl4plb	22	30	0	30	0	0	0	0	0	0	0	0	0	0	0	0	0	0	0
1	MECIcl4plb	22	30	0	30	0	0	0	0	0	0	0	0	0	0	0	0	0	0	0
0	MECIcl4plb	23	30	0	30	0	0	0	0	0	0	0	0	0	0	0	0	0	0	0
1	MECIcl4plb	23	30	0	30	0	0	0	0	0	0	0	0	0	0	0	0	0	0	0
0	MECIcl4plb	24	30	0	30	0	0	0	0	0	0	0	0	0	0	0	0	0	0	0
1	MECIcl4plb	24	30	0	30	0	0	0	0	0	0	0	0	0	0	0	0	0	0	0
0	MECIcl4plb	25	30	0	30	0	0	0	0	0	0	0	0	0	0	0	0	0	0	0
1	MECIcl4plb	25	30	0	30	0	0	0	0	0	0	0	0	0	0	0	0	0	0	0
0	MECIcl4plb	26	30	0	30	0	0	0	0	0	0	0	0	0	0	0	0	0	0	0
1	MECIcl4plb	26	30	0	30	0	0	0	0	0	0	0	0	0	0	0	0	0	0	0
0	MECIcl4plb	27	30	0	30	0	0	0	0	0	0	0	0	0	0	0	0	0	0	0
1	MECIcl4plb	27	30	0	30	0	0	0	0	0	0	0	0	0	0	0	0	0	0	0
0	MECIcl4plb	28	30	0	30	0	0	0	0	0	0	0	0	0	0	0	0	0	0	0
1	MECIcl4plb	28	30	0	30	0	0	0	0	0	0	0	0	0	0	0	0	0	0	0
0	MECIcl4plb	29	30	0	30	0	0	0	0	0	0	0	0	0	0	0	0	0	0	0
1	MECIcl4plb	29	30	0	30	0	0	0	0	0	0	0	0	0	0	0	0	0	0	0
0	MECIcl4plb	30	30	0	30	0	0	0	0	0	0	0	0	0	0	0	0	0	0	0
1	MECIcl4plb	30	30	0	30	0	0	0	0	0	0	0	0	0	0	0	0	0	0	0
0	MECIcl4plb	31	30	0	30	0	0	0	0	0	0	0	0	0	0	0	0	0	0	0
1	MECIcl4plb	31	30	0	30	0	0	0	0	0	0	0	0	0	0	0	0	0	0	0
0	MECIcl4plb	32	30	0	30	0	0	0	0	0	0	0	0	0	0	0	0	0	0	0
1	MECIcl4plb	32	30	0	30	0	0	0	0	0	0	0	0	0	0	0	0	0	0	0
0	MECIcl4plb	33	30	0	30	0	0	0	0	0	0	0	0	0	0	0	0	0	0	0
1	MECIcl4plb	33	30	0	30	0	0	0	0	0	0	0	0	0	0	0	0	0	0	0
0	MECIcl4plb	34	30	0	30	0	0	0	0	0	0	0	0	0	0	0	0	0	0	0
1	MECIcl4plb	34	30	0	30	0	0	0	0	0	0	0	0	0	0	0	0	0	0	0
0	MECIcl4plb	35	30	0	30	0	0	0	0	0	0	0	0	0	0	0	0	0	0	0
1	MECIcl4plb	35	30	0	30	0	0	0	0	0	0	0	0	0	0	0	0	0	0	0
0	MECIcl4plb	36	30	0	30	0	0	0	0	0	0	0	0	0	0	0	0	0	0	0
1	MECIcl4plb	36	30	0	30	0	0	0	0	0	0	0	0	0	0	0	0	0	0	0
0	MECIcl4plb	37	30	0	30	0	0	0	0	0	0	0	0	0	0	0	0	0	0	0
1	MECIcl4plb	37	30	0	30	0	0	0	0	0	0	0	0	0	0	0	0	0	0	0
0	MECIcl4plb	38	30	0	30	0	0	0	0	0	0	0	0	0	0	0	0	0	0	0
1	MECIcl4plb	38	30	0	30	0	0	0	0	0	0	0	0	0	0	0	0	0	0	0
0	MECIcl4plb	39	30	0	30	0	0	0	0	0	0	0	0	0	0	0	0	0	0	0
1	MECIcl4plb	39	30	0	30	0	0	0	0	0	0	0	0	0	0	0	0	0	0	0
0	MECIcl4plb	40	30	0	30	0	0	0	0	0	0	0	0	0	0	0	0	0	0	0
1	MECIcl4plb	40	30	0	30	0	0	0	0	0	0	0	0	0	0	0	0	0	0	0
0	MECTcl3peb	1	30	1	30	0	0	0	0	0	0	0	0	0	0	0	0	0	0	0
1	MECTcl3peb	1	30	1	30	0	0	0	0	0	0	0	0	0	0	0	0	0	0	0
0	MECTcl3peb	2	30	0	30	0	0	0	0	0	0	0	0	0	0	0	0	0	0	0
1	MECTcl3peb	2	30	0	30	0	0	0	0	0	0	0	0	0	0	0	0	0	0	0
0	MECTcl3peb	3	30	0	30	0	0	0	0	0	0	0	0	0	0	0	0	0	0	0
1	MECTcl3peb	3	30	0	30	0	0	0	0	0	0	0	0	0	0	0	0	0	0	0
0	MECTcl3peb	4	30	0	30	0	0	0	0	0	0	0	0	0	0	0	0	0	0	0
1	MECTcl3peb	4	30	0	30	0	0	0	0	0	0	0	0	0	0	0	0	0	0	0
0	MECTcl3peb	5	30	0	30	0	0	0	0	0	0	0	0	0	0	0	0	0	0	0
1	MECTcl3peb	5	30	0	30	0	0	0	0	0	0	0	0	0	0	0	0	0	0	0
0	MECTcl3peb	6	30	0	30	0	0	0	0	0	0	0	0	0	0	0	0	0	0	0
1	MECTcl3peb	6	30	0	30	0	0	0	0	0	0	0	0	0	0	0	0	0	0	0
0	MECTcl3peb	7	30	0	30	0	0	0	0	0	0	0	0	0	0	0	0	0	0	0
1	MECTcl3peb	7	30	0	30	0	0	0	0	0	0	0	0	0	0	0	0	0	0	0
0	MECTcl3peb	8	30	0	30	0	0	0	0	0	0	0	0	0	0	0	0	0	0	0
1	MECTcl3peb	8	30	0	30	0	0	0	0	0	0	0	0	0	0	0	0	0	0	0
0	MECTcl3peb	9	30	0	30	0	0	0	0	0	0	0	0	0	0	0	0	0	0	0
1	MECTcl3peb	9	30	0	30	0	0	0	0	0	0	0	0	0	0	0	0	0	0	0
0	MECTcl3peb	10	30	0	30	0	0	0	0	0	0	0	0	0	0	0	0	0	0	0
1	MECTcl3peb	10	30	0	30	0	0	0	0	0	0	0	0	0	0	0	0	0	0	0
0	MECTcl3peb	11	30	0	30	0	0	0	0	0	0	0	0	0	0	0	0	0	0	0
1	MECTcl3peb	11	30	0	30	0	0	0	0	0	0	0	0	0	0	0	0	0	0	0
0	MECTcl3peb	12	30	0	30	0	0	0	0	0	0	0	0	0	0	0	0	0	0	0
1	MECTcl3peb	12	30	0	30	0	0	0	0	0	0	0	0	0	0	0	0	0	0	0
0	MECTcl3peb	13	30	0	30	0	0	0	0	0	0	0	0	0	0	0	0	0	0	0
1	MECTcl3peb	13	30	0	30	0	0	0	0	0	0	0	0	0	0	0	0	0	0	0
0	MECTcl3peb	14	30	0	30	0	0	0	0	0	0	0	0	0	0	0	0	0	0	0
1	MECTcl3peb	14	30	0	30	0	0	0	0	0	0	0	0	0	0	0	0	0	0	0
0	MECTcl3peb	15	30	0	30	0	0	0	0	0	0	0	0	0	0	0	0	0	0	0
1	MECTcl3peb	15	30	0	30	0	0	0	0	0	0	0	0	0	0	0	0	0	0	0
0	MECTcl3peb	16	30	0	30	0	0	0	0	0	0	0	0	0	0	0	0	0	0	0
1	MECTcl3peb	16	30	0	30	0	0	0	0	0	0	0	0	0	0	0	0	0	0	0
0	MECTcl3peb	17	30	0	30	0	0	0	0	0	0	0	0	0	0	0	0	0	0	0
1	MECTcl3peb	17	30	0	30	0	0	0	0	0	0	0	0	0	0	0	0	0	0	0
0	MECTcl3peb	18	30	0	30	0	0	0	0	0	0	0	0	0	0	0	0	0	0	0
1	MECTcl3peb	18	30	0	30	0	0	0	0	0	0	0	0	0	0	0	0	0	0	0
0	MECTcl3peb	19	30	0	30	0	0	0	0	0	0	0	0	0	0	0	0	0	0	0
1	MECTcl3peb	19	30	0	30	0	0	0	0	0	0	0	0	0	0	0	0	0	0	0
0	MECTcl3peb	20	30	0	30	0	0	0	0	0	0	0	0	0	0	0	0	0	0	0
1	MECTcl3peb	20	30	0	30	0	0	0	0	0	0	0	0	0	0	0	0	0	0	0
0	MECTcl3peb	21	30	0	30	0	0	0	0	0	0	0	0	0	0	0	0	0	0	0
1	MECTcl3peb	21	30	0	30	0	0	0	0	0	0	0	0	0	0	0	0	0	0	0
0	MECTcl3peb	22	30	0	30	0	0	0	0	0	0	0	0	0	0	0	0	0	0	0
1	MECTcl3peb	22	30	0	30	0	0	0	0	0	0	0	0	0	0	0	0	0	0	0
0	MECTcl3peb	23	30	0	30	0	0	0	0	0	0	0	0	0	0	0	0	0	0	0
1	MECTcl3peb	23	30	0	30	0	0	0	0	0	0	0	0	0	0	0	0	0	0	0
0	MECTcl3peb	24	30	0	30	0	0	0	0	0	0	0	0	0	0	0	0	0	0	0
1	MECTcl3peb	24	30	0	30	0	0	0	0	0	0	0	0	0	0	0	0	0	0	0
0	MECTcl3peb	25	30	0	30	0	0	0	0	0	0	0	0	0	0	0	0	0	0	0
1	MECTcl3peb	25	30	0	30	0	0	0	0	0	0	0	0	0	0	0	0	0	0	0
0	MECTcl3peb	26	30	0	30	0	0	0	0	0	0	0	0	0	0	0	0	0	0	0
1	MECTcl3peb	26	30	0	30	0	0	0	0	0	0	0	0	0	0	0	0	0	0	0
0	MECTcl3peb	27	30	0	30	0	0	0	0	0	0	0	0	0	0	0	0	0	0	0
1	MECTcl3peb	27	30	0	30	0	0	0	0	0	0	0	0	0	0	0	0	0	0	0
0	MECTcl3peb	28	30	0	29	0	0	1	0	0	0	0	0	0	0	0	0	0	0	0
1	MECTcl3peb	28	30	0	29	0	0	1	0	0	0	0	0	0	0	0	0	0	0	0
0	MECTcl3peb	29	30	0	30	0	0	0	0	0	0	0	0	0	0	0	0	0	0	0
1	MECTcl3peb	29	30	0	30	0	0	0	0	0	0	0	0	0	0	0	0	0	0	0
0	MECTcl3peb	30	30	0	30	0	0	0	0	0	0	0	0	0	0	0	0	0	0	0
1	MECTcl3peb	30	30	0	30	0	0	0	0	0	0	0	0	0	0	0	0	0	0	0
0	MECTcl3peb	31	30	0	30	0	0	0	0	0	0	0	0	0	0	0	0	0	0	0
1	MECTcl3peb	31	30	0	30	0	0	0	0	0	0	0	0	0	0	0	0	0	0	0
0	MECTcl3peb	32	30	0	30	0	0	0	0	0	0	0	0	0	0	0	0	0	0	0
1	MECTcl3peb	32	30	0	30	0	0	0	0	0	0	0	0	0	0	0	0	0	0	0
0	MECTcl3peb	33	30	0	30	0	0	0	0	0	0	0	0	0	0	0	0	0	0	0
1	MECTcl3peb	33	30	0	30	0	0	0	0	0	0	0	0	0	0	0	0	0	0	0
0	MECTcl3peb	34	30	0	30	0	0	0	0	0	0	0	0	0	0	0	0	0	0	0
1	MECTcl3peb	34	30	0	30	0	0	0	0	0	0	0	0	0	0	0	0	0	0	0
0	MECTcl3peb	35	30	0	30	0	0	0	0	0	0	0	0	0	0	0	0	0	0	0
1	MECTcl3peb	35	30	0	30	0	0	0	0	0	0	0	0	0	0	0	0	0	0	0
0	MECTcl3peb	36	30	0	30	0	0	0	0	0	0	0	0	0	0	0	0	0	0	0
1	MECTcl3peb	36	30	0	29	0	0	1	0	0	0	0	0	0	0	0	0	0	0	0
0	MECTcl3peb	37	30	0	30	0	0	0	0	0	0	0	0	0	0	0	0	0	0	0
1	MECTcl3peb	37	30	0	29	0	0	1	0	0	0	0	0	0	0	0	0	0	0	0
0	MECTcl3peb	38	30	0	30	0	0	0	0	0	0	0	0	0	0	0	0	0	0	0
1	MECTcl3peb	38	30	0	29	0	0	1	0	0	0	0	0	0	0	0	0	0	0	0
0	MECTcl3peb	39	30	0	30	0	0	0	0	0	0	0	0	0	0	0	0	0	0	0
1	MECTcl3peb	39	30	0	29	0	0	1	0	0	0	0	0	0	0	0	0	0	0	0
0	MECTcl3peb	40	30	0	30	0	0	0	0	0	0	0	0	0	0	0	0	0	0	0
1	MECTcl3peb	40	30	0	30	0	0	0	0	0	0	0	0	0	0	0	0	0	0	0
0	MECTplb	1	30	1	30	0	0	0	0	0	0	0	0	0	0	0	0	0	0	0
1	MECTplb	1	30	1	30	0	0	0	0	0	0	0	0	0	0	0	0	0	0	0
0	MECTplb	2	30	0	30	0	0	0	0	0	0	0	0	0	0	0	0	0	0	0
1	MECTplb	2	30	0	30	0	0	0	0	0	0	0	0	0	0	0	0	0	0	0
0	MECTplb	3	30	0	30	0	0	0	0	0	0	0	0	0	0	0	0	0	0	0
1	MECTplb	3	30	0	30	0	0	0	0	0	0	0	0	0	0	0	0	0	0	0
0	MECTplb	4	30	0	30	0	0	0	0	0	0	0	0	0	0	0	0	0	0	0
1	MECTplb	4	30	0	30	0	0	0	0	0	0	0	0	0	0	0	0	0	0	0
0	MECTplb	5	30	0	30	0	0	0	0	0	0	0	0	0	0	0	0	0	0	0
1	MECTplb	5	30	0	30	0	0	0	0	0	0	0	0	0	0	0	0	0	0	0
0	MECTplb	6	30	0	30	0	0	0	0	0	0	0	0	0	0	0	0	0	0	0
1	MECTplb	6	30	0	30	0	0	0	0	0	0	0	0	0	0	0	0	0	0	0
0	MECTplb	7	30	0	30	0	0	0	0	0	0	0	0	0	0	0	0	0	0	0
1	MECTplb	7	30	0	30	0	0	0	0	0	0	0	0	0	0	0	0	0	0	0
0	MECTplb	8	30	0	30	0	0	0	0	0	0	0	0	0	0	0	0	0	0	0
1	MECTplb	8	30	0	30	0	0	0	0	0	0	0	0	0	0	0	0	0	0	0
0	MECTplb	9	30	0	30	0	0	0	0	0	0	0	0	0	0	0	0	0	0	0
1	MECTplb	9	30	0	30	0	0	0	0	0	0	0	0	0	0	0	0	0	0	0
0	MECTplb	10	30	0	30	0	0	0	0	0	0	0	0	0	0	0	0	0	0	0
1	MECTplb	10	30	0	30	0	0	0	0	0	0	0	0	0	0	0	0	0	0	0
0	MECTplb	11	30	0	30	0	0	0	0	0	0	0	0	0	0	0	0	0	0	0
1	MECTplb	11	30	0	30	0	0	0	0	0	0	0	0	0	0	0	0	0	0	0
0	MECTplb	12	30	0	30	0	0	0	0	0	0	0	0	0	0	0	0	0	0	0
1	MECTplb	12	30	0	30	0	0	0	0	0	0	0	0	0	0	0	0	0	0	0
0	MECTplb	13	30	0	30	0	0	0	0	0	0	0	0	0	0	0	0	0	0	0
1	MECTplb	13	30	0	30	0	0	0	0	0	0	0	0	0	0	0	0	0	0	0
0	MECTplb	14	30	0	30	0	0	0	0	0	0	0	0	0	0	0	0	0	0	0
1	MECTplb	14	30	0	30	0	0	0	0	0	0	0	0	0	0	0	0	0	0	0
0	MECTplb	15	30	0	30	0	0	0	0	0	0	0	0	0	0	0	0	0	0	0
1	MECTplb	15	30	0	30	0	0	0	0	0	0	0	0	0	0	0	0	0	0	0
0	MECTplb	16	30	0	30	0	0	0	0	0	0	0	0	0	0	0	0	0	0	0
1	MECTplb	16	30	0	30	0	0	0	0	0	0	0	0	0	0	0	0	0	0	0
0	MECTplb	17	30	0	30	0	0	0	0	0	0	0	0	0	0	0	0	0	0	0
1	MECTplb	17	30	0	30	0	0	0	0	0	0	0	0	0	0	0	0	0	0	0
0	MECTplb	18	30	0	30	0	0	0	0	0	0	0	0	0	0	0	0	0	0	0
1	MECTplb	18	30	0	30	0	0	0	0	0	0	0	0	0	0	0	0	0	0	0
0	MECTplb	19	30	0	30	0	0	0	0	0	0	0	0	0	0	0	0	0	0	0
1	MECTplb	19	30	0	30	0	0	0	0	0	0	0	0	0	0	0	0	0	0	0
0	MECTplb	20	30	0	30	0	0	0	0	0	0	0	0	0	0	0	0	0	0	0
1	MECTplb	20	30	0	30	0	0	0	0	0	0	0	0	0	0	0	0	0	0	0
0	MECTplb	21	30	0	30	0	0	0	0	0	0	0	0	0	0	0	0	0	0	0
1	MECTplb	21	30	0	30	0	0	0	0	0	0	0	0	0	0	0	0	0	0	0
0	MECTplb	22	30	0	30	0	0	0	0	0	0	0	0	0	0	0	0	0	0	0
1	MECTplb	22	30	0	30	0	0	0	0	0	0	0	0	0	0	0	0	0	0	0
0	MECTplb	23	30	0	30	0	0	0	0	0	0	0	0	0	0	0	0	0	0	0
1	MECTplb	23	30	0	30	0	0	0	0	0	0	0	0	0	0	0	0	0	0	0
0	MECTplb	24	30	0	30	0	0	0	0	0	0	0	0	0	0	0	0	0	0	0
1	MECTplb	24	30	0	30	0	0	0	0	0	0	0	0	0	0	0	0	0	0	0
0	MECTplb	25	30	0	30	0	0	0	0	0	0	0	0	0	0	0	0	0	0	0
1	MECTplb	25	30	0	30	0	0	0	0	0	0	0	0	0	0	0	0	0	0	0
0	MECTplb	26	30	0	30	0	0	0	0	0	0	0	0	0	0	0	0	0	0	0
1	MECTplb	26	30	0	30	0	0	0	0	0	0	0	0	0	0	0	0	0	0	0
0	MECTplb	27	30	0	30	0	0	0	0	0	0	0	0	0	0	0	0	0	0	0
1	MECTplb	27	30	0	30	0	0	0	0	0	0	0	0	0	0	0	0	0	0	0
0	MECTplb	28	30	0	30	0	0	0	0	0	0	0	0	0	0	0	0	0	0	0
1	MECTplb	28	30	0	30	0	0	0	0	0	0	0	0	0	0	0	0	0	0	0
0	MECTplb	29	30	0	30	0	0	0	0	0	0	0	0	0	0	0	0	0	0	0
1	MECTplb	29	30	0	30	0	0	0	0	0	0	0	0	0	0	0	0	0	0	0
0	MECTplb	30	30	0	30	0	0	0	0	0	0	0	0	0	0	0	0	0	0	0
1	MECTplb	30	30	0	30	0	0	0	0	0	0	0	0	0	0	0	0	0	0	0
0	MECTplb	31	30	0	30	0	0	0	0	0	0	0	0	0	0	0	0	0	0	0
1	MECTplb	31	30	0	30	0	0	0	0	0	0	0	0	0	0	0	0	0	0	0
0	MECTplb	32	30	0	30	0	0	0	0	0	0	0	0	0	0	0	0	0	0	0
1	MECTplb	32	30	0	30	0	0	0	0	0	0	0	0	0	0	0	0	0	0	0
0	MECTplb	33	30	0	30	0	0	0	0	0	0	0	0	0	0	0	0	0	0	0
1	MECTplb	33	30	0	30	0	0	0	0	0	0	0	0	0	0	0	0	0	0	0
0	MECTplb	34	30	0	30	0	0	0	0	0	0	0	0	0	0	0	0	0	0	0
1	MECTplb	34	30	0	30	0	0	0	0	0	0	0	0	0	0	0	0	0	0	0
0	MECTplb	35	30	0	30	0	0	0	0	0	0	0	0	0	0	0	0	0	0	0
1	MECTplb	35	30	0	30	0	0	0	0	0	0	0	0	0	0	0	0	0	0	0
0	MECTplb	36	30	0	30	0	0	0	0	0	0	0	0	0	0	0	0	0	0	0
1	MECTplb	36	30	0	30	0	0	0	0	0	0	0	0	0	0	0	0	0	0	0
0	MECTplb	37	30	0	30	0	0	0	0	0	0	0	0	0	0	0	0	0	0	0
1	MECTplb	37	30	0	30	0	0	0	0	0	0	0	0	0	0	0	0	0	0	0
0	MECTplb	38	30	0	30	0	0	0	0	0	0	0	0	0	0	0	0	0	0	0
1	MECTplb	38	30	0	30	0	0	0	0	0	0	0	0	0	0	0	0	0	0	0
0	MECTplb	39	30	0	30	0	0	0	0	0	0	0	0	0	0	0	0	0	0	0
1	MECTplb	39	30	0	30	0	0	0	0	0	0	0	0	0	0	0	0	0	0	0
0	MECTplb	40	30	0	30	0	0	0	0	0	0	0	0	0	0	0	0	0	0	0
1	MECTplb	40	30	0	30	0	0	0	0	0	0	0	0	0	0	0	0	0	0	0
0	MEITplb	1	30	1	30	0	0	0	0	0	0	0	0	0	0	0	0	0	0	0
1	MEITplb	1	30	1	30	0	0	0	0	0	0	0	0	0	0	0	0	0	0	0
0	MEITplb	2	30	0	30	0	0	0	0	0	0	0	0	0	0	0	0	0	0	0
1	MEITplb	2	30	0	30	0	0	0	0	0	0	0	0	0	0	0	0	0	0	0
0	MEITplb	3	30	0	30	0	0	0	0	0	0	0	0	0	0	0	0	0	0	0
1	MEITplb	3	30	0	30	0	0	0	0	0	0	0	0	0	0	0	0	0	0	0
0	MEITplb	4	30	0	30	0	0	0	0	0	0	0	0	0	0	0	0	0	0	0
1	MEITplb	4	30	0	30	0	0	0	0	0	0	0	0	0	0	0	0	0	0	0
0	MEITplb	5	30	0	30	0	0	0	0	0	0	0	0	0	0	0	0	0	0	0
1	MEITplb	5	30	0	30	0	0	0	0	0	0	0	0	0	0	0	0	0	0	0
0	MEITplb	6	30	0	30	0	0	0	0	0	0	0	0	0	0	0	0	0	0	0
1	MEITplb	6	30	0	27	0	0	3	0	0	0	0	0	0	0	0	0	0	0	0
0	MEITplb	7	30	0	30	0	0	0	0	0	0	0	0	0	0	0	0	0	0	0
1	MEITplb	7	30	0	25	0	0	5	0	0	0	0	0	0	0	0	0	0	0	0
0	MEITplb	8	30	0	30	0	0	0	0	0	0	0	0	0	0	0	0	0	0	0
1	MEITplb	8	30	0	23	0	0	7	0	0	0	0	0	0	0	0	0	0	0	0
0	MEITplb	9	30	0	30	0	0	0	0	0	0	0	0	0	0	0	0	0	0	0
1	MEITplb	9	30	0	18	0	0	12	0	0	0	0	0	0	0	0	0	0	0	0
0	MEITplb	10	30	0	30	0	0	0	0	0	0	0	0	0	0	0	0	0	0	0
1	MEITplb	10	30	0	20	0	0	10	0	0	0	0	0	0	0	0	0	0	0	0
0	MEITplb	11	30	0	30	0	0	0	0	0	0	0	0	0	0	0	0	0	0	0
1	MEITplb	11	30	0	20	0	0	10	0	0	0	0	0	0	0	0	0	0	0	0
0	MEITplb	12	30	0	30	0	0	0	0	0	0	0	0	0	0	0	0	0	0	0
1	MEITplb	12	30	0	19	0	0	11	0	0	0	0	0	0	0	0	0	0	0	0
0	MEITplb	13	30	0	26	0	0	4	0	0	0	0	0	0	0	0	0	0	0	0
1	MEITplb	13	30	0	24	0	0	6	0	0	0	0	0	0	0	0	0	0	0	0
0	MEITplb	14	30	0	25	0	0	5	0	0	0	0	0	0	0	0	0	0	0	0
1	MEITplb	14	30	0	28	0	0	2	0	0	0	0	0	0	0	0	0	0	0	0
0	MEITplb	15	30	0	26	0	0	4	0	0	0	0	0	0	0	0	0	0	0	0
1	MEITplb	15	30	0	25	0	0	5	0	0	0	0	0	0	0	0	0	0	0	0
0	MEITplb	16	30	0	28	0	0	2	0	0	0	0	0	0	0	0	0	0	0	0
1	MEITplb	16	30	0	24	0	0	6	0	0	0	0	0	0	0	0	0	0	0	0
0	MEITplb	17	30	0	27	0	0	3	0	0	0	0	0	0	0	0	0	0	0	0
1	MEITplb	17	30	0	23	0	0	7	0	0	0	0	0	0	0	0	0	0	0	0
0	MEITplb	18	30	0	28	0	0	2	0	0	0	0	0	0	0	0	0	0	0	0
1	MEITplb	18	30	0	19	0	0	11	0	0	0	0	0	0	0	0	0	0	0	0
0	MEITplb	19	30	0	30	0	0	0	0	0	0	0	0	0	0	0	0	0	0	0
1	MEITplb	19	30	0	30	0	0	0	0	0	0	0	0	0	0	0	0	0	0	0
0	MEITplb	20	30	0	30	0	0	0	0	0	0	0	0	0	0	0	0	0	0	0
1	MEITplb	20	30	0	30	0	0	0	0	0	0	0	0	0	0	0	0	0	0	0
0	MEITplb	21	30	0	30	0	0	0	0	0	0	0	0	0	0	0	0	0	0	0
1	MEITplb	21	30	0	30	0	0	0	0	0	0	0	0	0	0	0	0	0	0	0
0	MEITplb	22	30	0	30	0	0	0	0	0	0	0	0	0	0	0	0	0	0	0
1	MEITplb	22	30	0	30	0	0	0	0	0	0	0	0	0	0	0	0	0	0	0
0	MEITplb	23	30	0	30	0	0	0	0	0	0	0	0	0	0	0	0	0	0	0
1	MEITplb	23	30	0	25	0	0	5	0	0	0	0	0	0	0	0	0	0	0	0
0	MEITplb	24	30	0	27	0	0	3	0	0	0	0	0	0	0	0	0	0	0	0
1	MEITplb	24	30	0	29	0	0	1	0	0	0	0	0	0	0	0	0	0	0	0
0	MEITplb	25	30	0	30	0	0	0	0	0	0	0	0	0	0	0	0	0	0	0
1	MEITplb	25	30	0	30	0	0	0	0	0	0	0	0	0	0	0	0	0	0	0
0	MEITplb	26	30	0	28	0	0	2	0	0	0	0	0	0	0	0	0	0	0	0
1	MEITplb	26	30	0	23	0	0	7	0	0	0	0	0	0	0	0	0	0	0	0
0	MEITplb	27	30	0	26	0	0	4	0	0	0	0	0	0	0	0	0	0	0	0
1	MEITplb	27	30	0	18	0	0	12	0	0	0	0	0	0	0	0	0	0	0	0
0	MEITplb	28	30	0	26	0	0	4	0	0	0	0	0	0	0	0	0	0	0	0
1	MEITplb	28	30	0	17	0	0	13	0	0	0	0	0	0	0	0	0	0	0	0
0	MEITplb	29	30	0	28	0	0	2	0	0	0	0	0	0	0	0	0	0	0	0
1	MEITplb	29	30	0	17	0	0	13	0	0	0	0	0	0	0	0	0	0	0	0
0	MEITplb	30	30	0	28	0	0	2	0	0	0	0	0	0	0	0	0	0	0	0
1	MEITplb	30	30	0	15	0	0	15	0	0	0	0	0	0	0	0	0	0	0	0
0	MEITplb	31	30	0	28	0	0	2	0	0	0	0	0	0	0	0	0	0	0	0
1	MEITplb	31	30	0	13	0	0	17	0	0	0	0	0	0	0	0	0	0	0	0
0	MEITplb	32	30	0	30	0	0	0	0	0	0	0	0	0	0	0	0	0	0	0
1	MEITplb	32	30	0	15	0	0	15	0	0	0	0	0	0	0	0	0	0	0	0
0	MEITplb	33	30	0	30	0	0	0	0	0	0	0	0	0	0	0	0	0	0	0
1	MEITplb	33	30	0	16	0	0	14	0	0	0	0	0	0	0	0	0	0	0	0
0	MEITplb	34	30	0	30	0	0	0	0	0	0	0	0	0	0	0	0	0	0	0
1	MEITplb	34	30	0	15	0	0	15	0	0	0	0	0	0	0	0	0	0	0	0
0	MEITplb	35	30	0	30	0	0	0	0	0	0	0	0	0	0	0	0	0	0	0
1	MEITplb	35	30	0	13	0	0	17	0	0	0	0	0	0	0	0	0	0	0	0
0	MEITplb	36	30	0	25	0	0	5	0	0	0	0	0	0	0	0	0	0	0	0
1	MEITplb	36	30	0	13	0	0	17	0	0	0	0	0	0	0	0	0	0	0	0
0	MEITplb	37	30	0	27	0	0	3	0	0	0	0	0	0	0	0	0	0	0	0
1	MEITplb	37	30	0	16	0	0	14	0	0	0	0	0	0	0	0	0	0	0	0
0	MEITplb	38	30	0	26	0	0	4	0	0	0	0	0	0	0	0	0	0	0	0
1	MEITplb	38	30	0	16	0	0	14	0	0	0	0	0	0	0	0	0	0	0	0
0	MEITplb	39	30	0	30	0	0	0	0	0	0	0	0	0	0	0	0	0	0	0
1	MEITplb	39	30	0	17	0	0	13	0	0	0	0	0	0	0	0	0	0	0	0
0	MEITplb	40	30	0	30	0	0	0	0	0	0	0	0	0	0	0	0	0	0	0
1	MEITplb	40	30	0	16	0	0	14	0	0	0	0	0	0	0	0	0	0	0	0
0	MSCIplb	1	30	1	30	0	0	0	0	0	0	0	0	0	0	0	0	0	0	0
1	MSCIplb	1	30	1	30	0	0	0	0	0	0	0	0	0	0	0	0	0	0	0
0	MSCIplb	2	30	0	30	0	0	0	0	0	0	0	0	0	0	0	0	0	0	0
1	MSCIplb	2	30	0	30	0	0	0	0	0	0	0	0	0	0	0	0	0	0	0
0	MSCIplb	3	30	0	30	0	0	0	0	0	0	0	0	0	0	0	0	0	0	0
1	MSCIplb	3	30	0	30	0	0	0	0	0	0	0	0	0	0	0	0	0	0	0
0	MSCIplb	4	30	0	30	0	0	0	0	0	0	0	0	0	0	0	0	0	0	0
1	MSCIplb	4	30	0	30	0	0	0	0	0	0	0	0	0	0	0	0	0	0	0
0	MSCIplb	5	30	0	30	0	0	0	0	0	0	0	0	0	0	0	0	0	0	0
1	MSCIplb	5	30	0	30	0	0	0	0	0	0	0	0	0	0	0	0	0	0	0
0	MSCIplb	6	30	0	30	0	0	0	0	0	0	0	0	0	0	0	0	0	0	0
1	MSCIplb	6	30	0	30	0	0	0	0	0	0	0	0	0	0	0	0	0	0	0
0	MSCIplb	7	30	0	30	0	0	0	0	0	0	0	0	0	0	0	0	0	0	0
1	MSCIplb	7	30	0	30	0	0	0	0	0	0	0	0	0	0	0	0	0	0	0
0	MSCIplb	8	30	0	30	0	0	0	0	0	0	0	0	0	0	0	0	0	0	0
1	MSCIplb	8	30	0	30	0	0	0	0	0	0	0	0	0	0	0	0	0	0	0
0	MSCIplb	9	30	0	30	0	0	0	0	0	0	0	0	0	0	0	0	0	0	0
1	MSCIplb	9	30	0	30	0	0	0	0	0	0	0	0	0	0	0	0	0	0	0
0	MSCIplb	10	30	0	30	0	0	0	0	0	0	0	0	0	0	0	0	0	0	0
1	MSCIplb	10	30	0	30	0	0	0	0	0	0	0	0	0	0	0	0	0	0	0
0	MSCIplb	11	30	0	30	0	0	0	0	0	0	0	0	0	0	0	0	0	0	0
1	MSCIplb	11	30	0	30	0	0	0	0	0	0	0	0	0	0	0	0	0	0	0
0	MSCIplb	12	30	0	30	0	0	0	0	0	0	0	0	0	0	0	0	0	0	0
1	MSCIplb	12	30	0	30	0	0	0	0	0	0	0	0	0	0	0	0	0	0	0
0	MSCIplb	13	30	0	30	0	0	0	0	0	0	0	0	0	0	0	0	0	0	0
1	MSCIplb	13	30	0	30	0	0	0	0	0	0	0	0	0	0	0	0	0	0	0
0	MSCIplb	14	30	0	30	0	0	0	0	0	0	0	0	0	0	0	0	0	0	0
1	MSCIplb	14	30	0	30	0	0	0	0	0	0	0	0	0	0	0	0	0	0	0
0	MSCIplb	15	30	0	30	0	0	0	0	0	0	0	0	0	0	0	0	0	0	0
1	MSCIplb	15	30	0	30	0	0	0	0	0	0	0	0	0	0	0	0	0	0	0
0	MSCIplb	16	30	0	30	0	0	0	0	0	0	0	0	0	0	0	0	0	0	0
1	MSCIplb	16	30	0	30	0	0	0	0	0	0	0	0	0	0	0	0	0	0	0
0	MSCIplb	17	30	0	30	0	0	0	0	0	0	0	0	0	0	0	0	0	0	0
1	MSCIplb	17	30	0	30	0	0	0	0	0	0	0	0	0	0	0	0	0	0	0
0	MSCIplb	18	30	0	30	0	0	0	0	0	0	0	0	0	0	0	0	0	0	0
1	MSCIplb	18	30	0	30	0	0	0	0	0	0	0	0	0	0	0	0	0	0	0
0	MSCIplb	19	30	0	30	0	0	0	0	0	0	0	0	0	0	0	0	0	0	0
1	MSCIplb	19	30	0	30	0	0	0	0	0	0	0	0	0	0	0	0	0	0	0
0	MSCIplb	20	30	0	30	0	0	0	0	0	0	0	0	0	0	0	0	0	0	0
1	MSCIplb	20	30	0	30	0	0	0	0	0	0	0	0	0	0	0	0	0	0	0
0	MSCIplb	21	30	0	30	0	0	0	0	0	0	0	0	0	0	0	0	0	0	0
1	MSCIplb	21	30	0	30	0	0	0	0	0	0	0	0	0	0	0	0	0	0	0
0	MSCIplb	22	30	0	30	0	0	0	0	0	0	0	0	0	0	0	0	0	0	0
1	MSCIplb	22	30	0	30	0	0	0	0	0	0	0	0	0	0	0	0	0	0	0
0	MSCIplb	23	30	0	30	0	0	0	0	0	0	0	0	0	0	0	0	0	0	0
1	MSCIplb	23	30	0	30	0	0	0	0	0	0	0	0	0	0	0	0	0	0	0
0	MSCIplb	24	30	0	30	0	0	0	0	0	0	0	0	0	0	0	0	0	0	0
1	MSCIplb	24	30	0	30	0	0	0	0	0	0	0	0	0	0	0	0	0	0	0
0	MSCIplb	25	30	0	30	0	0	0	0	0	0	0	0	0	0	0	0	0	0	0
1	MSCIplb	25	30	0	30	0	0	0	0	0	0	0	0	0	0	0	0	0	0	0
0	MSCIplb	26	30	0	30	0	0	0	0	0	0	0	0	0	0	0	0	0	0	0
1	MSCIplb	26	30	0	30	0	0	0	0	0	0	0	0	0	0	0	0	0	0	0
0	MSCIplb	27	30	0	30	0	0	0	0	0	0	0	0	0	0	0	0	0	0	0
1	MSCIplb	27	30	0	30	0	0	0	0	0	0	0	0	0	0	0	0	0	0	0
0	MSCIplb	28	30	0	30	0	0	0	0	0	0	0	0	0	0	0	0	0	0	0
1	MSCIplb	28	30	0	30	0	0	0	0	0	0	0	0	0	0	0	0	0	0	0
0	MSCIplb	29	30	0	30	0	0	0	0	0	0	0	0	0	0	0	0	0	0	0
1	MSCIplb	29	30	0	30	0	0	0	0	0	0	0	0	0	0	0	0	0	0	0
0	MSCIplb	30	30	0	30	0	0	0	0	0	0	0	0	0	0	0	0	0	0	0
1	MSCIplb	30	30	0	30	0	0	0	0	0	0	0	0	0	0	0	0	0	0	0
0	MSCIplb	31	30	0	30	0	0	0	0	0	0	0	0	0	0	0	0	0	0	0
1	MSCIplb	31	30	0	30	0	0	0	0	0	0	0	0	0	0	0	0	0	0	0
0	MSCIplb	32	30	0	30	0	0	0	0	0	0	0	0	0	0	0	0	0	0	0
1	MSCIplb	32	30	0	30	0	0	0	0	0	0	0	0	0	0	0	0	0	0	0
0	MSCIplb	33	30	0	30	0	0	0	0	0	0	0	0	0	0	0	0	0	0	0
1	MSCIplb	33	30	0	30	0	0	0	0	0	0	0	0	0	0	0	0	0	0	0
0	MSCIplb	34	30	0	30	0	0	0	0	0	0	0	0	0	0	0	0	0	0	0
1	MSCIplb	34	30	0	30	0	0	0	0	0	0	0	0	0	0	0	0	0	0	0
0	MSCIplb	35	30	0	30	0	0	0	0	0	0	0	0	0	0	0	0	0	0	0
1	MSCIplb	35	30	0	30	0	0	0	0	0	0	0	0	0	0	0	0	0	0	0
0	MSCIplb	36	30	0	30	0	0	0	0	0	0	0	0	0	0	0	0	0	0	0
1	MSCIplb	36	30	0	30	0	0	0	0	0	0	0	0	0	0	0	0	0	0	0
0	MSCIplb	37	30	0	30	0	0	0	0	0	0	0	0	0	0	0	0	0	0	0
1	MSCIplb	37	30	0	30	0	0	0	0	0	0	0	0	0	0	0	0	0	0	0
0	MSCIplb	38	30	0	30	0	0	0	0	0	0	0	0	0	0	0	0	0	0	0
1	MSCIplb	38	30	0	30	0	0	0	0	0	0	0	0	0	0	0	0	0	0	0
0	MSCIplb	39	30	0	30	0	0	0	0	0	0	0	0	0	0	0	0	0	0	0
1	MSCIplb	39	30	0	30	0	0	0	0	0	0	0	0	0	0	0	0	0	0	0
0	MSCIplb	40	30	0	30	0	0	0	0	0	0	0	0	0	0	0	0	0	0	0
1	MSCIplb	40	30	0	30	0	0	0	0	0	0	0	0	0	0	0	0	0	0	0
0	MSCTcl1plb	1	30	1	30	0	0	0	0	0	0	0	0	0	0	0	0	0	0	0
1	MSCTcl1plb	1	30	1	30	0	0	0	0	0	0	0	0	0	0	0	0	0	0	0
0	MSCTcl1plb	2	30	0	30	0	0	0	0	0	0	0	0	0	0	0	0	0	0	0
1	MSCTcl1plb	2	30	0	30	0	0	0	0	0	0	0	0	0	0	0	0	0	0	0
0	MSCTcl1plb	3	30	0	30	0	0	0	0	0	0	0	0	0	0	0	0	0	0	0
1	MSCTcl1plb	3	30	0	30	0	0	0	0	0	0	0	0	0	0	0	0	0	0	0
0	MSCTcl1plb	4	30	0	30	0	0	0	0	0	0	0	0	0	0	0	0	0	0	0
1	MSCTcl1plb	4	30	0	30	0	0	0	0	0	0	0	0	0	0	0	0	0	0	0
0	MSCTcl1plb	5	30	0	30	0	0	0	0	0	0	0	0	0	0	0	0	0	0	0
1	MSCTcl1plb	5	30	0	30	0	0	0	0	0	0	0	0	0	0	0	0	0	0	0
0	MSCTcl1plb	6	30	0	30	0	0	0	0	0	0	0	0	0	0	0	0	0	0	0
1	MSCTcl1plb	6	30	0	30	0	0	0	0	0	0	0	0	0	0	0	0	0	0	0
0	MSCTcl1plb	7	30	0	30	0	0	0	0	0	0	0	0	0	0	0	0	0	0	0
1	MSCTcl1plb	7	30	0	30	0	0	0	0	0	0	0	0	0	0	0	0	0	0	0
0	MSCTcl1plb	8	30	0	30	0	0	0	0	0	0	0	0	0	0	0	0	0	0	0
1	MSCTcl1plb	8	30	0	30	0	0	0	0	0	0	0	0	0	0	0	0	0	0	0
0	MSCTcl1plb	9	30	0	30	0	0	0	0	0	0	0	0	0	0	0	0	0	0	0
1	MSCTcl1plb	9	30	0	30	0	0	0	0	0	0	0	0	0	0	0	0	0	0	0
0	MSCTcl1plb	10	30	0	30	0	0	0	0	0	0	0	0	0	0	0	0	0	0	0
1	MSCTcl1plb	10	30	0	30	0	0	0	0	0	0	0	0	0	0	0	0	0	0	0
0	MSCTcl1plb	11	30	0	30	0	0	0	0	0	0	0	0	0	0	0	0	0	0	0
1	MSCTcl1plb	11	30	0	30	0	0	0	0	0	0	0	0	0	0	0	0	0	0	0
0	MSCTcl1plb	12	30	0	30	0	0	0	0	0	0	0	0	0	0	0	0	0	0	0
1	MSCTcl1plb	12	30	0	30	0	0	0	0	0	0	0	0	0	0	0	0	0	0	0
0	MSCTcl1plb	13	30	0	30	0	0	0	0	0	0	0	0	0	0	0	0	0	0	0
1	MSCTcl1plb	13	30	0	30	0	0	0	0	0	0	0	0	0	0	0	0	0	0	0
0	MSCTcl1plb	14	30	0	30	0	0	0	0	0	0	0	0	0	0	0	0	0	0	0
1	MSCTcl1plb	14	30	0	30	0	0	0	0	0	0	0	0	0	0	0	0	0	0	0
0	MSCTcl1plb	15	30	0	30	0	0	0	0	0	0	0	0	0	0	0	0	0	0	0
1	MSCTcl1plb	15	30	0	30	0	0	0	0	0	0	0	0	0	0	0	0	0	0	0
0	MSCTcl1plb	16	30	0	30	0	0	0	0	0	0	0	0	0	0	0	0	0	0	0
1	MSCTcl1plb	16	30	0	30	0	0	0	0	0	0	0	0	0	0	0	0	0	0	0
0	MSCTcl1plb	17	30	0	30	0	0	0	0	0	0	0	0	0	0	0	0	0	0	0
1	MSCTcl1plb	17	30	0	30	0	0	0	0	0	0	0	0	0	0	0	0	0	0	0
0	MSCTcl1plb	18	30	0	30	0	0	0	0	0	0	0	0	0	0	0	0	0	0	0
1	MSCTcl1plb	18	30	0	30	0	0	0	0	0	0	0	0	0	0	0	0	0	0	0
0	MSCTcl1plb	19	30	0	30	0	0	0	0	0	0	0	0	0	0	0	0	0	0	0
1	MSCTcl1plb	19	30	0	30	0	0	0	0	0	0	0	0	0	0	0	0	0	0	0
0	MSCTcl1plb	20	30	0	30	0	0	0	0	0	0	0	0	0	0	0	0	0	0	0
1	MSCTcl1plb	20	30	0	30	0	0	0	0	0	0	0	0	0	0	0	0	0	0	0
0	MSCTcl1plb	21	30	0	30	0	0	0	0	0	0	0	0	0	0	0	0	0	0	0
1	MSCTcl1plb	21	30	0	30	0	0	0	0	0	0	0	0	0	0	0	0	0	0	0
0	MSCTcl1plb	22	30	0	30	0	0	0	0	0	0	0	0	0	0	0	0	0	0	0
1	MSCTcl1plb	22	30	0	30	0	0	0	0	0	0	0	0	0	0	0	0	0	0	0
0	MSCTcl1plb	23	30	0	30	0	0	0	0	0	0	0	0	0	0	0	0	0	0	0
1	MSCTcl1plb	23	30	0	30	0	0	0	0	0	0	0	0	0	0	0	0	0	0	0
0	MSCTcl1plb	24	30	0	30	0	0	0	0	0	0	0	0	0	0	0	0	0	0	0
1	MSCTcl1plb	24	30	0	30	0	0	0	0	0	0	0	0	0	0	0	0	0	0	0
0	MSCTcl1plb	25	30	0	30	0	0	0	0	0	0	0	0	0	0	0	0	0	0	0
1	MSCTcl1plb	25	30	0	30	0	0	0	0	0	0	0	0	0	0	0	0	0	0	0
0	MSCTcl1plb	26	30	0	30	0	0	0	0	0	0	0	0	0	0	0	0	0	0	0
1	MSCTcl1plb	26	30	0	30	0	0	0	0	0	0	0	0	0	0	0	0	0	0	0
0	MSCTcl1plb	27	30	0	30	0	0	0	0	0	0	0	0	0	0	0	0	0	0	0
1	MSCTcl1plb	27	30	0	30	0	0	0	0	0	0	0	0	0	0	0	0	0	0	0
0	MSCTcl1plb	28	30	0	30	0	0	0	0	0	0	0	0	0	0	0	0	0	0	0
1	MSCTcl1plb	28	30	0	30	0	0	0	0	0	0	0	0	0	0	0	0	0	0	0
0	MSCTcl1plb	29	30	0	30	0	0	0	0	0	0	0	0	0	0	0	0	0	0	0
1	MSCTcl1plb	29	30	0	30	0	0	0	0	0	0	0	0	0	0	0	0	0	0	0
0	MSCTcl1plb	30	30	0	30	0	0	0	0	0	0	0	0	0	0	0	0	0	0	0
1	MSCTcl1plb	30	30	0	30	0	0	0	0	0	0	0	0	0	0	0	0	0	0	0
0	MSCTcl1plb	31	30	0	30	0	0	0	0	0	0	0	0	0	0	0	0	0	0	0
1	MSCTcl1plb	31	30	0	30	0	0	0	0	0	0	0	0	0	0	0	0	0	0	0
0	MSCTcl1plb	32	30	0	30	0	0	0	0	0	0	0	0	0	0	0	0	0	0	0
1	MSCTcl1plb	32	30	0	30	0	0	0	0	0	0	0	0	0	0	0	0	0	0	0
0	MSCTcl1plb	33	30	0	30	0	0	0	0	0	0	0	0	0	0	0	0	0	0	0
1	MSCTcl1plb	33	30	0	30	0	0	0	0	0	0	0	0	0	0	0	0	0	0	0
0	MSCTcl1plb	34	30	0	30	0	0	0	0	0	0	0	0	0	0	0	0	0	0	0
1	MSCTcl1plb	34	30	0	30	0	0	0	0	0	0	0	0	0	0	0	0	0	0	0
0	MSCTcl1plb	35	30	0	30	0	0	0	0	0	0	0	0	0	0	0	0	0	0	0
1	MSCTcl1plb	35	30	0	30	0	0	0	0	0	0	0	0	0	0	0	0	0	0	0
0	MSCTcl1plb	36	30	0	30	0	0	0	0	0	0	0	0	0	0	0	0	0	0	0
1	MSCTcl1plb	36	30	0	30	0	0	0	0	0	0	0	0	0	0	0	0	0	0	0
0	MSCTcl1plb	37	30	0	30	0	0	0	0	0	0	0	0	0	0	0	0	0	0	0
1	MSCTcl1plb	37	30	0	30	0	0	0	0	0	0	0	0	0	0	0	0	0	0	0
0	MSCTcl1plb	38	30	0	30	0	0	0	0	0	0	0	0	0	0	0	0	0	0	0
1	MSCTcl1plb	38	30	0	30	0	0	0	0	0	0	0	0	0	0	0	0	0	0	0
0	MSCTcl1plb	39	30	0	30	0	0	0	0	0	0	0	0	0	0	0	0	0	0	0
1	MSCTcl1plb	39	30	0	30	0	0	0	0	0	0	0	0	0	0	0	0	0	0	0
0	MSCTcl1plb	40	30	0	30	0	0	0	0	0	0	0	0	0	0	0	0	0	0	0
1	MSCTcl1plb	40	30	0	30	0	0	0	0	0	0	0	0	0	0	0	0	0	0	0
0	MSCTcl2plb	1	30	1	30	0	0	0	0	0	0	0	0	0	0	0	0	0	0	0
1	MSCTcl2plb	1	30	1	30	0	0	0	0	0	0	0	0	0	0	0	0	0	0	0
0	MSCTcl2plb	2	30	0	30	0	0	0	0	0	0	0	0	0	0	0	0	0	0	0
1	MSCTcl2plb	2	30	0	30	0	0	0	0	0	0	0	0	0	0	0	0	0	0	0
0	MSCTcl2plb	3	30	0	30	0	0	0	0	0	0	0	0	0	0	0	0	0	0	0
1	MSCTcl2plb	3	30	0	30	0	0	0	0	0	0	0	0	0	0	0	0	0	0	0
0	MSCTcl2plb	4	30	0	30	0	0	0	0	0	0	0	0	0	0	0	0	0	0	0
1	MSCTcl2plb	4	30	0	30	0	0	0	0	0	0	0	0	0	0	0	0	0	0	0
0	MSCTcl2plb	5	30	0	30	0	0	0	0	0	0	0	0	0	0	0	0	0	0	0
1	MSCTcl2plb	5	30	0	30	0	0	0	0	0	0	0	0	0	0	0	0	0	0	0
0	MSCTcl2plb	6	30	0	30	0	0	0	0	0	0	0	0	0	0	0	0	0	0	0
1	MSCTcl2plb	6	30	0	30	0	0	0	0	0	0	0	0	0	0	0	0	0	0	0
0	MSCTcl2plb	7	30	0	30	0	0	0	0	0	0	0	0	0	0	0	0	0	0	0
1	MSCTcl2plb	7	30	0	30	0	0	0	0	0	0	0	0	0	0	0	0	0	0	0
0	MSCTcl2plb	8	30	0	30	0	0	0	0	0	0	0	0	0	0	0	0	0	0	0
1	MSCTcl2plb	8	30	0	30	0	0	0	0	0	0	0	0	0	0	0	0	0	0	0
0	MSCTcl2plb	9	30	0	30	0	0	0	0	0	0	0	0	0	0	0	0	0	0	0
1	MSCTcl2plb	9	30	0	30	0	0	0	0	0	0	0	0	0	0	0	0	0	0	0
0	MSCTcl2plb	10	30	0	30	0	0	0	0	0	0	0	0	0	0	0	0	0	0	0
1	MSCTcl2plb	10	30	0	30	0	0	0	0	0	0	0	0	0	0	0	0	0	0	0
0	MSCTcl2plb	11	30	0	30	0	0	0	0	0	0	0	0	0	0	0	0	0	0	0
1	MSCTcl2plb	11	30	0	30	0	0	0	0	0	0	0	0	0	0	0	0	0	0	0
0	MSCTcl2plb	12	30	0	30	0	0	0	0	0	0	0	0	0	0	0	0	0	0	0
1	MSCTcl2plb	12	30	0	30	0	0	0	0	0	0	0	0	0	0	0	0	0	0	0
0	MSCTcl2plb	13	30	0	30	0	0	0	0	0	0	0	0	0	0	0	0	0	0	0
1	MSCTcl2plb	13	30	0	30	0	0	0	0	0	0	0	0	0	0	0	0	0	0	0
0	MSCTcl2plb	14	30	0	30	0	0	0	0	0	0	0	0	0	0	0	0	0	0	0
1	MSCTcl2plb	14	30	0	30	0	0	0	0	0	0	0	0	0	0	0	0	0	0	0
0	MSCTcl2plb	15	30	0	30	0	0	0	0	0	0	0	0	0	0	0	0	0	0	0
1	MSCTcl2plb	15	30	0	30	0	0	0	0	0	0	0	0	0	0	0	0	0	0	0
0	MSCTcl2plb	16	30	0	30	0	0	0	0	0	0	0	0	0	0	0	0	0	0	0
1	MSCTcl2plb	16	30	0	30	0	0	0	0	0	0	0	0	0	0	0	0	0	0	0
0	MSCTcl2plb	17	30	0	30	0	0	0	0	0	0	0	0	0	0	0	0	0	0	0
1	MSCTcl2plb	17	30	0	30	0	0	0	0	0	0	0	0	0	0	0	0	0	0	0
0	MSCTcl2plb	18	30	0	30	0	0	0	0	0	0	0	0	0	0	0	0	0	0	0
1	MSCTcl2plb	18	30	0	30	0	0	0	0	0	0	0	0	0	0	0	0	0	0	0
0	MSCTcl2plb	19	30	0	30	0	0	0	0	0	0	0	0	0	0	0	0	0	0	0
1	MSCTcl2plb	19	30	0	30	0	0	0	0	0	0	0	0	0	0	0	0	0	0	0
0	MSCTcl2plb	20	30	0	30	0	0	0	0	0	0	0	0	0	0	0	0	0	0	0
1	MSCTcl2plb	20	30	0	30	0	0	0	0	0	0	0	0	0	0	0	0	0	0	0
0	MSCTcl2plb	21	30	0	30	0	0	0	0	0	0	0	0	0	0	0	0	0	0	0
1	MSCTcl2plb	21	30	0	30	0	0	0	0	0	0	0	0	0	0	0	0	0	0	0
0	MSCTcl2plb	22	30	0	30	0	0	0	0	0	0	0	0	0	0	0	0	0	0	0
1	MSCTcl2plb	22	30	0	30	0	0	0	0	0	0	0	0	0	0	0	0	0	0	0
0	MSCTcl2plb	23	30	0	30	0	0	0	0	0	0	0	0	0	0	0	0	0	0	0
1	MSCTcl2plb	23	30	0	30	0	0	0	0	0	0	0	0	0	0	0	0	0	0	0
0	MSCTcl2plb	24	30	0	30	0	0	0	0	0	0	0	0	0	0	0	0	0	0	0
1	MSCTcl2plb	24	30	0	30	0	0	0	0	0	0	0	0	0	0	0	0	0	0	0
0	MSCTcl2plb	25	30	0	30	0	0	0	0	0	0	0	0	0	0	0	0	0	0	0
1	MSCTcl2plb	25	30	0	30	0	0	0	0	0	0	0	0	0	0	0	0	0	0	0
0	MSCTcl2plb	26	30	0	30	0	0	0	0	0	0	0	0	0	0	0	0	0	0	0
1	MSCTcl2plb	26	30	0	30	0	0	0	0	0	0	0	0	0	0	0	0	0	0	0
0	MSCTcl2plb	27	30	0	30	0	0	0	0	0	0	0	0	0	0	0	0	0	0	0
1	MSCTcl2plb	27	30	0	30	0	0	0	0	0	0	0	0	0	0	0	0	0	0	0
0	MSCTcl2plb	28	30	0	30	0	0	0	0	0	0	0	0	0	0	0	0	0	0	0
1	MSCTcl2plb	28	30	0	30	0	0	0	0	0	0	0	0	0	0	0	0	0	0	0
0	MSCTcl2plb	29	30	0	30	0	0	0	0	0	0	0	0	0	0	0	0	0	0	0
1	MSCTcl2plb	29	30	0	30	0	0	0	0	0	0	0	0	0	0	0	0	0	0	0
0	MSCTcl2plb	30	30	0	30	0	0	0	0	0	0	0	0	0	0	0	0	0	0	0
1	MSCTcl2plb	30	30	0	30	0	0	0	0	0	0	0	0	0	0	0	0	0	0	0
0	MSCTcl2plb	31	30	0	30	0	0	0	0	0	0	0	0	0	0	0	0	0	0	0
1	MSCTcl2plb	31	30	0	30	0	0	0	0	0	0	0	0	0	0	0	0	0	0	0
0	MSCTcl2plb	32	30	0	30	0	0	0	0	0	0	0	0	0	0	0	0	0	0	0
1	MSCTcl2plb	32	30	0	30	0	0	0	0	0	0	0	0	0	0	0	0	0	0	0
0	MSCTcl2plb	33	30	0	30	0	0	0	0	0	0	0	0	0	0	0	0	0	0	0
1	MSCTcl2plb	33	30	0	30	0	0	0	0	0	0	0	0	0	0	0	0	0	0	0
0	MSCTcl2plb	34	30	0	30	0	0	0	0	0	0	0	0	0	0	0	0	0	0	0
1	MSCTcl2plb	34	30	0	30	0	0	0	0	0	0	0	0	0	0	0	0	0	0	0
0	MSCTcl2plb	35	30	0	30	0	0	0	0	0	0	0	0	0	0	0	0	0	0	0
1	MSCTcl2plb	35	30	0	30	0	0	0	0	0	0	0	0	0	0	0	0	0	0	0
0	MSCTcl2plb	36	30	0	30	0	0	0	0	0	0	0	0	0	0	0	0	0	0	0
1	MSCTcl2plb	36	30	0	30	0	0	0	0	0	0	0	0	0	0	0	0	0	0	0
0	MSCTcl2plb	37	30	0	30	0	0	0	0	0	0	0	0	0	0	0	0	0	0	0
1	MSCTcl2plb	37	30	0	30	0	0	0	0	0	0	0	0	0	0	0	0	0	0	0
0	MSCTcl2plb	38	30	0	30	0	0	0	0	0	0	0	0	0	0	0	0	0	0	0
1	MSCTcl2plb	38	30	0	30	0	0	0	0	0	0	0	0	0	0	0	0	0	0	0
0	MSCTcl2plb	39	30	0	30	0	0	0	0	0	0	0	0	0	0	0	0	0	0	0
1	MSCTcl2plb	39	30	0	30	0	0	0	0	0	0	0	0	0	0	0	0	0	0	0
0	MSCTcl2plb	40	30	0	30	0	0	0	0	0	0	0	0	0	0	0	0	0	0	0
1	MSCTcl2plb	40	30	0	30	0	0	0	0	0	0	0	0	0	0	0	0	0	0	0
0	MSIIplb	1	30	1	30	0	0	0	0	0	0	0	0	0	0	0	0	0	0	0
1	MSIIplb	1	30	1	30	0	0	0	0	0	0	0	0	0	0	0	0	0	0	0
0	MSIIplb	2	30	0	30	0	0	0	0	0	0	0	0	0	0	0	0	0	0	0
1	MSIIplb	2	30	0	30	0	0	0	0	0	0	0	0	0	0	0	0	0	0	0
0	MSIIplb	3	30	0	30	0	0	0	0	0	0	0	0	0	0	0	0	0	0	0
1	MSIIplb	3	30	0	30	0	0	0	0	0	0	0	0	0	0	0	0	0	0	0
0	MSIIplb	4	30	0	30	0	0	0	0	0	0	0	0	0	0	0	0	0	0	0
1	MSIIplb	4	30	0	30	0	0	0	0	0	0	0	0	0	0	0	0	0	0	0
0	MSIIplb	5	30	0	30	0	0	0	0	0	0	0	0	0	0	0	0	0	0	0
1	MSIIplb	5	30	0	30	0	0	0	0	0	0	0	0	0	0	0	0	0	0	0
0	MSIIplb	6	30	0	30	0	0	0	0	0	0	0	0	0	0	0	0	0	0	0
1	MSIIplb	6	30	0	30	0	0	0	0	0	0	0	0	0	0	0	0	0	0	0
0	MSIIplb	7	30	0	30	0	0	0	0	0	0	0	0	0	0	0	0	0	0	0
1	MSIIplb	7	30	0	30	0	0	0	0	0	0	0	0	0	0	0	0	0	0	0
0	MSIIplb	8	30	0	30	0	0	0	0	0	0	0	0	0	0	0	0	0	0	0
1	MSIIplb	8	30	0	30	0	0	0	0	0	0	0	0	0	0	0	0	0	0	0
0	MSIIplb	9	30	0	30	0	0	0	0	0	0	0	0	0	0	0	0	0	0	0
1	MSIIplb	9	30	0	30	0	0	0	0	0	0	0	0	0	0	0	0	0	0	0
0	MSIIplb	10	30	0	30	0	0	0	0	0	0	0	0	0	0	0	0	0	0	0
1	MSIIplb	10	30	0	30	0	0	0	0	0	0	0	0	0	0	0	0	0	0	0
0	MSIIplb	11	30	0	30	0	0	0	0	0	0	0	0	0	0	0	0	0	0	0
1	MSIIplb	11	30	0	30	0	0	0	0	0	0	0	0	0	0	0	0	0	0	0
0	MSIIplb	12	30	0	30	0	0	0	0	0	0	0	0	0	0	0	0	0	0	0
1	MSIIplb	12	30	0	30	0	0	0	0	0	0	0	0	0	0	0	0	0	0	0
0	MSIIplb	13	30	0	30	0	0	0	0	0	0	0	0	0	0	0	0	0	0	0
1	MSIIplb	13	30	0	30	0	0	0	0	0	0	0	0	0	0	0	0	0	0	0
0	MSIIplb	14	30	0	30	0	0	0	0	0	0	0	0	0	0	0	0	0	0	0
1	MSIIplb	14	30	0	30	0	0	0	0	0	0	0	0	0	0	0	0	0	0	0
0	MSIIplb	15	30	0	30	0	0	0	0	0	0	0	0	0	0	0	0	0	0	0
1	MSIIplb	15	30	0	30	0	0	0	0	0	0	0	0	0	0	0	0	0	0	0
0	MSIIplb	16	30	0	30	0	0	0	0	0	0	0	0	0	0	0	0	0	0	0
1	MSIIplb	16	30	0	30	0	0	0	0	0	0	0	0	0	0	0	0	0	0	0
0	MSIIplb	17	30	0	30	0	0	0	0	0	0	0	0	0	0	0	0	0	0	0
1	MSIIplb	17	30	0	30	0	0	0	0	0	0	0	0	0	0	0	0	0	0	0
0	MSIIplb	18	30	0	30	0	0	0	0	0	0	0	0	0	0	0	0	0	0	0
1	MSIIplb	18	30	0	30	0	0	0	0	0	0	0	0	0	0	0	0	0	0	0
0	MSIIplb	19	30	0	30	0	0	0	0	0	0	0	0	0	0	0	0	0	0	0
1	MSIIplb	19	30	0	30	0	0	0	0	0	0	0	0	0	0	0	0	0	0	0
0	MSIIplb	20	30	0	30	0	0	0	0	0	0	0	0	0	0	0	0	0	0	0
1	MSIIplb	20	30	0	30	0	0	0	0	0	0	0	0	0	0	0	0	0	0	0
0	MSIIplb	21	30	0	30	0	0	0	0	0	0	0	0	0	0	0	0	0	0	0
1	MSIIplb	21	30	3	30	0	0	0	0	0	0	0	0	0	0	0	0	0	0	0
0	MSIIplb	22	30	0	30	0	0	0	0	0	0	0	0	0	0	0	0	0	0	0
1	MSIIplb	22	30	0	30	0	0	0	0	0	0	0	0	0	0	0	0	0	0	0
0	MSIIplb	23	30	0	30	0	0	0	0	0	0	0	0	0	0	0	0	0	0	0
1	MSIIplb	23	30	0	30	0	0	0	0	0	0	0	0	0	0	0	0	0	0	0
0	MSIIplb	24	30	0	30	0	0	0	0	0	0	0	0	0	0	0	0	0	0	0
1	MSIIplb	24	30	0	30	0	0	0	0	0	0	0	0	0	0	0	0	0	0	0
0	MSIIplb	25	30	0	30	0	0	0	0	0	0	0	0	0	0	0	0	0	0	0
1	MSIIplb	25	30	0	30	0	0	0	0	0	0	0	0	0	0	0	0	0	0	0
0	MSIIplb	26	30	0	30	0	0	0	0	0	0	0	0	0	0	0	0	0	0	0
1	MSIIplb	26	30	0	30	0	0	0	0	0	0	0	0	0	0	0	0	0	0	0
0	MSIIplb	27	30	0	30	0	0	0	0	0	0	0	0	0	0	0	0	0	0	0
1	MSIIplb	27	30	0	30	0	0	0	0	0	0	0	0	0	0	0	0	0	0	0
0	MSIIplb	28	30	0	30	0	0	0	0	0	0	0	0	0	0	0	0	0	0	0
1	MSIIplb	28	30	13	30	0	0	0	0	0	0	0	0	0	0	0	0	0	0	0
0	MSIIplb	29	30	0	30	0	0	0	0	0	0	0	0	0	0	0	0	0	0	0
1	MSIIplb	29	30	3	30	0	0	0	0	0	0	0	0	0	0	0	0	0	0	0
0	MSIIplb	30	30	0	30	0	0	0	0	0	0	0	0	0	0	0	0	0	0	0
1	MSIIplb	30	30	0	30	0	0	0	0	0	0	0	0	0	0	0	0	0	0	0
0	MSIIplb	31	30	0	30	0	0	0	0	0	0	0	0	0	0	0	0	0	0	0
1	MSIIplb	31	30	6	30	0	0	0	0	0	0	0	0	0	0	0	0	0	0	0
0	MSIIplb	32	30	0	30	0	0	0	0	0	0	0	0	0	0	0	0	0	0	0
1	MSIIplb	32	30	1	30	0	0	0	0	0	0	0	0	0	0	0	0	0	0	0
0	MSIIplb	33	30	0	30	0	0	0	0	0	0	0	0	0	0	0	0	0	0	0
1	MSIIplb	33	30	28	30	0	0	0	0	0	0	0	0	0	0	0	0	0	0	0
0	MSIIplb	34	30	0	30	0	0	0	0	0	0	0	0	0	0	0	0	0	0	0
1	MSIIplb	34	30	19	30	0	0	0	0	0	0	0	0	0	0	0	0	0	0	0
0	MSIIplb	35	30	0	30	0	0	0	0	0	0	0	0	0	0	0	0	0	0	0
1	MSIIplb	35	30	0	30	0	0	0	0	0	0	0	0	0	0	0	0	0	0	0
0	MSIIplb	36	30	0	30	0	0	0	0	0	0	0	0	0	0	0	0	0	0	0
1	MSIIplb	36	30	0	30	0	0	0	0	0	0	0	0	0	0	0	0	0	0	0
0	MSIIplb	37	30	0	30	0	0	0	0	0	0	0	0	0	0	0	0	0	0	0
1	MSIIplb	37	30	0	30	0	0	0	0	0	0	0	0	0	0	0	0	0	0	0
0	MSIIplb	38	30	0	30	0	0	0	0	0	0	0	0	0	0	0	0	0	0	0
1	MSIIplb	38	30	0	30	0	0	0	0	0	0	0	0	0	0	0	0	0	0	0
0	MSIIplb	39	30	0	30	0	0	0	0	0	0	0	0	0	0	0	0	0	0	0
1	MSIIplb	39	30	6	30	0	0	0	0	0	0	0	0	0	0	0	0	0	0	0
0	MSIIplb	40	30	0	30	0	0	0	0	0	0	0	0	0	0	0	0	0	0	0
1	MSIIplb	40	30	19	30	0	0	0	0	0	0	0	0	0	0	0	0	0	0	0
0	MSITcl3plb	1	30	1	30	0	0	0	0	0	0	0	0	0	0	0	0	0	0	0
1	MSITcl3plb	1	30	1	30	0	0	0	0	0	0	0	0	0	0	0	0	0	0	0
0	MSITcl3plb	2	30	0	30	0	0	0	0	0	0	0	0	0	0	0	0	0	0	0
1	MSITcl3plb	2	30	0	30	0	0	0	0	0	0	0	0	0	0	0	0	0	0	0
0	MSITcl3plb	3	30	0	30	0	0	0	0	0	0	0	0	0	0	0	0	0	0	0
1	MSITcl3plb	3	30	0	30	0	0	0	0	0	0	0	0	0	0	0	0	0	0	0
0	MSITcl3plb	4	30	0	30	0	0	0	0	0	0	0	0	0	0	0	0	0	0	0
1	MSITcl3plb	4	30	0	30	0	0	0	0	0	0	0	0	0	0	0	0	0	0	0
0	MSITcl3plb	5	30	0	30	0	0	0	0	0	0	0	0	0	0	0	0	0	0	0
1	MSITcl3plb	5	30	0	30	0	0	0	0	0	0	0	0	0	0	0	0	0	0	0
0	MSITcl3plb	6	30	0	30	0	0	0	0	0	0	0	0	0	0	0	0	0	0	0
1	MSITcl3plb	6	30	0	30	0	0	0	0	0	0	0	0	0	0	0	0	0	0	0
0	MSITcl3plb	7	30	0	30	0	0	0	0	0	0	0	0	0	0	0	0	0	0	0
1	MSITcl3plb	7	30	0	30	0	0	0	0	0	0	0	0	0	0	0	0	0	0	0
0	MSITcl3plb	8	30	0	30	0	0	0	0	0	0	0	0	0	0	0	0	0	0	0
1	MSITcl3plb	8	30	0	30	0	0	0	0	0	0	0	0	0	0	0	0	0	0	0
0	MSITcl3plb	9	30	0	30	0	0	0	0	0	0	0	0	0	0	0	0	0	0	0
1	MSITcl3plb	9	30	0	30	0	0	0	0	0	0	0	0	0	0	0	0	0	0	0
0	MSITcl3plb	10	30	0	30	0	0	0	0	0	0	0	0	0	0	0	0	0	0	0
1	MSITcl3plb	10	30	0	30	0	0	0	0	0	0	0	0	0	0	0	0	0	0	0
0	MSITcl3plb	11	30	0	30	0	0	0	0	0	0	0	0	0	0	0	0	0	0	0
1	MSITcl3plb	11	30	0	30	0	0	0	0	0	0	0	0	0	0	0	0	0	0	0
0	MSITcl3plb	12	30	0	30	0	0	0	0	0	0	0	0	0	0	0	0	0	0	0
1	MSITcl3plb	12	30	0	30	0	0	0	0	0	0	0	0	0	0	0	0	0	0	0
0	MSITcl3plb	13	30	0	30	0	0	0	0	0	0	0	0	0	0	0	0	0	0	0
1	MSITcl3plb	13	30	0	30	0	0	0	0	0	0	0	0	0	0	0	0	0	0	0
0	MSITcl3plb	14	30	0	30	0	0	0	0	0	0	0	0	0	0	0	0	0	0	0
1	MSITcl3plb	14	30	0	30	0	0	0	0	0	0	0	0	0	0	0	0	0	0	0
0	MSITcl3plb	15	30	0	30	0	0	0	0	0	0	0	0	0	0	0	0	0	0	0
1	MSITcl3plb	15	30	0	30	0	0	0	0	0	0	0	0	0	0	0	0	0	0	0
0	MSITcl3plb	16	30	0	30	0	0	0	0	0	0	0	0	0	0	0	0	0	0	0
1	MSITcl3plb	16	30	0	30	0	0	0	0	0	0	0	0	0	0	0	0	0	0	0
0	MSITcl3plb	17	30	0	30	0	0	0	0	0	0	0	0	0	0	0	0	0	0	0
1	MSITcl3plb	17	30	0	30	0	0	0	0	0	0	0	0	0	0	0	0	0	0	0
0	MSITcl3plb	18	30	0	30	0	0	0	0	0	0	0	0	0	0	0	0	0	0	0
1	MSITcl3plb	18	30	0	30	0	0	0	0	0	0	0	0	0	0	0	0	0	0	0
0	MSITcl3plb	19	30	0	30	0	0	0	0	0	0	0	0	0	0	0	0	0	0	0
1	MSITcl3plb	19	30	0	30	0	0	0	0	0	0	0	0	0	0	0	0	0	0	0
0	MSITcl3plb	20	30	0	30	0	0	0	0	0	0	0	0	0	0	0	0	0	0	0
1	MSITcl3plb	20	30	0	30	0	0	0	0	0	0	0	0	0	0	0	0	0	0	0
0	MSITcl3plb	21	30	0	30	0	0	0	0	0	0	0	0	0	0	0	0	0	0	0
1	MSITcl3plb	21	30	0	30	0	0	0	0	0	0	0	0	0	0	0	0	0	0	0
0	MSITcl3plb	22	30	0	30	0	0	0	0	0	0	0	0	0	0	0	0	0	0	0
1	MSITcl3plb	22	30	0	30	0	0	0	0	0	0	0	0	0	0	0	0	0	0	0
0	MSITcl3plb	23	30	0	30	0	0	0	0	0	0	0	0	0	0	0	0	0	0	0
1	MSITcl3plb	23	30	0	30	0	0	0	0	0	0	0	0	0	0	0	0	0	0	0
0	MSITcl3plb	24	30	0	30	0	0	0	0	0	0	0	0	0	0	0	0	0	0	0
1	MSITcl3plb	24	30	0	30	0	0	0	0	0	0	0	0	0	0	0	0	0	0	0
0	MSITcl3plb	25	30	0	30	0	0	0	0	0	0	0	0	0	0	0	0	0	0	0
1	MSITcl3plb	25	30	0	30	0	0	0	0	0	0	0	0	0	0	0	0	0	0	0
0	MSITcl3plb	26	30	0	30	0	0	0	0	0	0	0	0	0	0	0	0	0	0	0
1	MSITcl3plb	26	30	0	30	0	0	0	0	0	0	0	0	0	0	0	0	0	0	0
0	MSITcl3plb	27	30	0	30	0	0	0	0	0	0	0	0	0	0	0	0	0	0	0
1	MSITcl3plb	27	30	0	30	0	0	0	0	0	0	0	0	0	0	0	0	0	0	0
0	MSITcl3plb	28	30	0	30	0	0	0	0	0	0	0	0	0	0	0	0	0	0	0
1	MSITcl3plb	28	30	0	30	0	0	0	0	0	0	0	0	0	0	0	0	0	0	0
0	MSITcl3plb	29	30	0	30	0	0	0	0	0	0	0	0	0	0	0	0	0	0	0
1	MSITcl3plb	29	30	0	30	0	0	0	0	0	0	0	0	0	0	0	0	0	0	0
0	MSITcl3plb	30	30	0	30	0	0	0	0	0	0	0	0	0	0	0	0	0	0	0
1	MSITcl3plb	30	30	0	30	0	0	0	0	0	0	0	0	0	0	0	0	0	0	0
0	MSITcl3plb	31	30	0	30	0	0	0	0	0	0	0	0	0	0	0	0	0	0	0
1	MSITcl3plb	31	30	0	30	0	0	0	0	0	0	0	0	0	0	0	0	0	0	0
0	MSITcl3plb	32	30	0	30	0	0	0	0	0	0	0	0	0	0	0	0	0	0	0
1	MSITcl3plb	32	30	0	30	0	0	0	0	0	0	0	0	0	0	0	0	0	0	0
0	MSITcl3plb	33	30	0	30	0	0	0	0	0	0	0	0	0	0	0	0	0	0	0
1	MSITcl3plb	33	30	15	30	0	0	0	0	0	0	0	0	0	0	0	0	0	0	0
0	MSITcl3plb	34	30	0	30	0	0	0	0	0	0	0	0	0	0	0	0	0	0	0
1	MSITcl3plb	34	30	26	30	0	0	0	0	0	0	0	0	0	0	0	0	0	0	0
0	MSITcl3plb	35	30	0	30	0	0	0	0	0	0	0	0	0	0	0	0	0	0	0
1	MSITcl3plb	35	30	14	30	0	0	0	0	0	0	0	0	0	0	0	0	0	0	0
0	MSITcl3plb	36	30	0	30	0	0	0	0	0	0	0	0	0	0	0	0	0	0	0
1	MSITcl3plb	36	30	0	30	0	0	0	0	0	0	0	0	0	0	0	0	0	0	0
0	MSITcl3plb	37	30	0	30	0	0	0	0	0	0	0	0	0	0	0	0	0	0	0
1	MSITcl3plb	37	30	0	30	0	0	0	0	0	0	0	0	0	0	0	0	0	0	0
0	MSITcl3plb	38	30	0	30	0	0	0	0	0	0	0	0	0	0	0	0	0	0	0
1	MSITcl3plb	38	30	0	30	0	0	0	0	0	0	0	0	0	0	0	0	0	0	0
0	MSITcl3plb	39	30	0	30	0	0	0	0	0	0	0	0	0	0	0	0	0	0	0
1	MSITcl3plb	39	30	0	30	0	0	0	0	0	0	0	0	0	0	0	0	0	0	0
0	MSITcl3plb	40	30	0	30	0	0	0	0	0	0	0	0	0	0	0	0	0	0	0
1	MSITcl3plb	40	30	0	30	0	0	0	0	0	0	0	0	0	0	0	0	0	0	0
0	MSITcl4plb	1	30	1	30	0	0	0	0	0	0	0	0	0	0	0	0	0	0	0
1	MSITcl4plb	1	30	1	30	0	0	0	0	0	0	0	0	0	0	0	0	0	0	0
0	MSITcl4plb	2	30	0	30	0	0	0	0	0	0	0	0	0	0	0	0	0	0	0
1	MSITcl4plb	2	30	0	30	0	0	0	0	0	0	0	0	0	0	0	0	0	0	0
0	MSITcl4plb	3	30	0	30	0	0	0	0	0	0	0	0	0	0	0	0	0	0	0
1	MSITcl4plb	3	30	0	30	0	0	0	0	0	0	0	0	0	0	0	0	0	0	0
0	MSITcl4plb	4	30	0	30	0	0	0	0	0	0	0	0	0	0	0	0	0	0	0
1	MSITcl4plb	4	30	0	30	0	0	0	0	0	0	0	0	0	0	0	0	0	0	0
0	MSITcl4plb	5	30	0	30	0	0	0	0	0	0	0	0	0	0	0	0	0	0	0
1	MSITcl4plb	5	30	0	30	0	0	0	0	0	0	0	0	0	0	0	0	0	0	0
0	MSITcl4plb	6	30	0	30	0	0	0	0	0	0	0	0	0	0	0	0	0	0	0
1	MSITcl4plb	6	30	0	30	0	0	0	0	0	0	0	0	0	0	0	0	0	0	0
0	MSITcl4plb	7	30	0	30	0	0	0	0	0	0	0	0	0	0	0	0	0	0	0
1	MSITcl4plb	7	30	0	30	0	0	0	0	0	0	0	0	0	0	0	0	0	0	0
0	MSITcl4plb	8	30	0	30	0	0	0	0	0	0	0	0	0	0	0	0	0	0	0
1	MSITcl4plb	8	30	0	30	0	0	0	0	0	0	0	0	0	0	0	0	0	0	0
0	MSITcl4plb	9	30	0	30	0	0	0	0	0	0	0	0	0	0	0	0	0	0	0
1	MSITcl4plb	9	30	0	30	0	0	0	0	0	0	0	0	0	0	0	0	0	0	0
0	MSITcl4plb	10	30	0	30	0	0	0	0	0	0	0	0	0	0	0	0	0	0	0
1	MSITcl4plb	10	30	0	30	0	0	0	0	0	0	0	0	0	0	0	0	0	0	0
0	MSITcl4plb	11	30	0	30	0	0	0	0	0	0	0	0	0	0	0	0	0	0	0
1	MSITcl4plb	11	30	0	30	0	0	0	0	0	0	0	0	0	0	0	0	0	0	0
0	MSITcl4plb	12	30	0	30	0	0	0	0	0	0	0	0	0	0	0	0	0	0	0
1	MSITcl4plb	12	30	0	30	0	0	0	0	0	0	0	0	0	0	0	0	0	0	0
0	MSITcl4plb	13	30	0	30	0	0	0	0	0	0	0	0	0	0	0	0	0	0	0
1	MSITcl4plb	13	30	0	30	0	0	0	0	0	0	0	0	0	0	0	0	0	0	0
0	MSITcl4plb	14	30	0	30	0	0	0	0	0	0	0	0	0	0	0	0	0	0	0
1	MSITcl4plb	14	30	0	30	0	0	0	0	0	0	0	0	0	0	0	0	0	0	0
0	MSITcl4plb	15	30	0	30	0	0	0	0	0	0	0	0	0	0	0	0	0	0	0
1	MSITcl4plb	15	30	0	30	0	0	0	0	0	0	0	0	0	0	0	0	0	0	0
0	MSITcl4plb	16	30	0	30	0	0	0	0	0	0	0	0	0	0	0	0	0	0	0
1	MSITcl4plb	16	30	0	30	0	0	0	0	0	0	0	0	0	0	0	0	0	0	0
0	MSITcl4plb	17	30	0	30	0	0	0	0	0	0	0	0	0	0	0	0	0	0	0
1	MSITcl4plb	17	30	0	30	0	0	0	0	0	0	0	0	0	0	0	0	0	0	0
0	MSITcl4plb	18	30	0	30	0	0	0	0	0	0	0	0	0	0	0	0	0	0	0
1	MSITcl4plb	18	30	0	30	0	0	0	0	0	0	0	0	0	0	0	0	0	0	0
0	MSITcl4plb	19	30	0	30	0	0	0	0	0	0	0	0	0	0	0	0	0	0	0
1	MSITcl4plb	19	30	0	30	0	0	0	0	0	0	0	0	0	0	0	0	0	0	0
0	MSITcl4plb	20	30	0	30	0	0	0	0	0	0	0	0	0	0	0	0	0	0	0
1	MSITcl4plb	20	30	0	30	0	0	0	0	0	0	0	0	0	0	0	0	0	0	0
0	MSITcl4plb	21	30	0	30	0	0	0	0	0	0	0	0	0	0	0	0	0	0	0
1	MSITcl4plb	21	30	0	30	0	0	0	0	0	0	0	0	0	0	0	0	0	0	0
0	MSITcl4plb	22	30	0	30	0	0	0	0	0	0	0	0	0	0	0	0	0	0	0
1	MSITcl4plb	22	30	0	30	0	0	0	0	0	0	0	0	0	0	0	0	0	0	0
0	MSITcl4plb	23	30	0	30	0	0	0	0	0	0	0	0	0	0	0	0	0	0	0
1	MSITcl4plb	23	30	0	30	0	0	0	0	0	0	0	0	0	0	0	0	0	0	0
0	MSITcl4plb	24	30	0	30	0	0	0	0	0	0	0	0	0	0	0	0	0	0	0
1	MSITcl4plb	24	30	0	30	0	0	0	0	0	0	0	0	0	0	0	0	0	0	0
0	MSITcl4plb	25	30	0	30	0	0	0	0	0	0	0	0	0	0	0	0	0	0	0
1	MSITcl4plb	25	30	0	30	0	0	0	0	0	0	0	0	0	0	0	0	0	0	0
0	MSITcl4plb	26	30	0	30	0	0	0	0	0	0	0	0	0	0	0	0	0	0	0
1	MSITcl4plb	26	30	0	30	0	0	0	0	0	0	0	0	0	0	0	0	0	0	0
0	MSITcl4plb	27	30	0	30	0	0	0	0	0	0	0	0	0	0	0	0	0	0	0
1	MSITcl4plb	27	30	0	30	0	0	0	0	0	0	0	0	0	0	0	0	0	0	0
0	MSITcl4plb	28	30	0	30	0	0	0	0	0	0	0	0	0	0	0	0	0	0	0
1	MSITcl4plb	28	30	0	30	0	0	0	0	0	0	0	0	0	0	0	0	0	0	0
0	MSITcl4plb	29	30	0	30	0	0	0	0	0	0	0	0	0	0	0	0	0	0	0
1	MSITcl4plb	29	30	0	30	0	0	0	0	0	0	0	0	0	0	0	0	0	0	0
0	MSITcl4plb	30	30	0	30	0	0	0	0	0	0	0	0	0	0	0	0	0	0	0
1	MSITcl4plb	30	30	0	30	0	0	0	0	0	0	0	0	0	0	0	0	0	0	0
0	MSITcl4plb	31	30	0	30	0	0	0	0	0	0	0	0	0	0	0	0	0	0	0
1	MSITcl4plb	31	30	0	30	0	0	0	0	0	0	0	0	0	0	0	0	0	0	0
0	MSITcl4plb	32	30	0	30	0	0	0	0	0	0	0	0	0	0	0	0	0	0	0
1	MSITcl4plb	32	30	0	30	0	0	0	0	0	0	0	0	0	0	0	0	0	0	0
0	MSITcl4plb	33	30	0	30	0	0	0	0	0	0	0	0	0	0	0	0	0	0	0
1	MSITcl4plb	33	30	0	30	0	0	0	0	0	0	0	0	0	0	0	0	0	0	0
0	MSITcl4plb	34	30	0	30	0	0	0	0	0	0	0	0	0	0	0	0	0	0	0
1	MSITcl4plb	34	30	0	30	0	0	0	0	0	0	0	0	0	0	0	0	0	0	0
0	MSITcl4plb	35	30	0	30	0	0	0	0	0	0	0	0	0	0	0	0	0	0	0
1	MSITcl4plb	35	30	0	30	0	0	0	0	0	0	0	0	0	0	0	0	0	0	0
0	MSITcl4plb	36	30	0	30	0	0	0	0	0	0	0	0	0	0	0	0	0	0	0
1	MSITcl4plb	36	30	0	30	0	0	0	0	0	0	0	0	0	0	0	0	0	0	0
0	MSITcl4plb	37	30	0	30	0	0	0	0	0	0	0	0	0	0	0	0	0	0	0
1	MSITcl4plb	37	30	0	30	0	0	0	0	0	0	0	0	0	0	0	0	0	0	0
0	MSITcl4plb	38	30	0	30	0	0	0	0	0	0	0	0	0	0	0	0	0	0	0
1	MSITcl4plb	38	30	0	30	0	0	0	0	0	0	0	0	0	0	0	0	0	0	0
0	MSITcl4plb	39	30	0	30	0	0	0	0	0	0	0	0	0	0	0	0	0	0	0
1	MSITcl4plb	39	30	0	30	0	0	0	0	0	0	0	0	0	0	0	0	0	0	0
0	MSITcl4plb	40	30	0	30	0	0	0	0	0	0	0	0	0	0	0	0	0	0	0
1	MSITcl4plb	40	30	0	30	0	0	0	0	0	0	0	0	0	0	0	0	0	0	0
0	SECTcl3peb	1	30	1	30	0	0	0	0	0	0	0	0	0	0	0	0	0	0	0
1	SECTcl3peb	1	30	1	30	0	0	0	0	0	0	0	0	0	0	0	0	0	0	0
0	SECTcl3peb	2	30	0	30	0	0	0	0	0	0	0	0	0	0	0	0	0	0	0
1	SECTcl3peb	2	30	0	30	0	0	0	0	0	0	0	0	0	0	0	0	0	0	0
0	SECTcl3peb	3	30	0	30	0	0	0	0	0	0	0	0	0	0	0	0	0	0	0
1	SECTcl3peb	3	30	0	30	0	0	0	0	0	0	0	0	0	0	0	0	0	0	0
0	SECTcl3peb	4	30	0	30	0	0	0	0	0	0	0	0	0	0	0	0	0	0	0
1	SECTcl3peb	4	30	0	30	0	0	0	0	0	0	0	0	0	0	0	0	0	0	0
0	SECTcl3peb	5	30	0	30	0	0	0	0	0	0	0	0	0	0	0	0	0	0	0
1	SECTcl3peb	5	30	0	30	0	0	0	0	0	0	0	0	0	0	0	0	0	0	0
0	SECTcl3peb	6	30	0	30	0	0	0	0	0	0	0	0	0	0	0	0	0	0	0
1	SECTcl3peb	6	30	0	30	0	0	0	0	0	0	0	0	0	0	0	0	0	0	0
0	SECTcl3peb	7	30	0	30	0	0	0	0	0	0	0	0	0	0	0	0	0	0	0
1	SECTcl3peb	7	30	0	30	0	0	0	0	0	0	0	0	0	0	0	0	0	0	0
0	SECTcl3peb	8	30	0	30	0	0	0	0	0	0	0	0	0	0	0	0	0	0	0
1	SECTcl3peb	8	30	0	30	0	0	0	0	0	0	0	0	0	0	0	0	0	0	0
0	SECTcl3peb	9	30	0	30	0	0	0	0	0	0	0	0	0	0	0	0	0	0	0
1	SECTcl3peb	9	30	0	30	0	0	0	0	0	0	0	0	0	0	0	0	0	0	0
0	SECTcl3peb	10	30	0	30	0	0	0	0	0	0	0	0	0	0	0	0	0	0	0
1	SECTcl3peb	10	30	0	30	0	0	0	0	0	0	0	0	0	0	0	0	0	0	0
0	SECTcl3peb	11	30	0	30	0	0	0	0	0	0	0	0	0	0	0	0	0	0	0
1	SECTcl3peb	11	30	0	30	0	0	0	0	0	0	0	0	0	0	0	0	0	0	0
0	SECTcl3peb	12	30	0	29	0	0	1	0	0	0	0	0	0	0	0	0	0	0	0
1	SECTcl3peb	12	30	0	30	0	0	0	0	0	0	0	0	0	0	0	0	0	0	0
0	SECTcl3peb	13	30	0	30	0	0	0	0	0	0	0	0	0	0	0	0	0	0	0
1	SECTcl3peb	13	30	0	30	0	0	0	0	0	0	0	0	0	0	0	0	0	0	0
0	SECTcl3peb	14	30	0	30	0	0	0	0	0	0	0	0	0	0	0	0	0	0	0
1	SECTcl3peb	14	30	0	30	0	0	0	0	0	0	0	0	0	0	0	0	0	0	0
0	SECTcl3peb	15	30	0	30	0	0	0	0	0	0	0	0	0	0	0	0	0	0	0
1	SECTcl3peb	15	30	0	30	0	0	0	0	0	0	0	0	0	0	0	0	0	0	0
0	SECTcl3peb	16	30	0	30	0	0	0	0	0	0	0	0	0	0	0	0	0	0	0
1	SECTcl3peb	16	30	0	30	0	0	0	0	0	0	0	0	0	0	0	0	0	0	0
0	SECTcl3peb	17	30	0	30	0	0	0	0	0	0	0	0	0	0	0	0	0	0	0
1	SECTcl3peb	17	30	0	30	0	0	0	0	0	0	0	0	0	0	0	0	0	0	0
0	SECTcl3peb	18	30	0	30	0	0	0	0	0	0	0	0	0	0	0	0	0	0	0
1	SECTcl3peb	18	30	0	30	0	0	0	0	0	0	0	0	0	0	0	0	0	0	0
0	SECTcl3peb	19	30	0	30	0	0	0	0	0	0	0	0	0	0	0	0	0	0	0
1	SECTcl3peb	19	30	0	30	0	0	0	0	0	0	0	0	0	0	0	0	0	0	0
0	SECTcl3peb	20	30	0	30	0	0	0	0	0	0	0	0	0	0	0	0	0	0	0
1	SECTcl3peb	20	30	0	30	0	0	0	0	0	0	0	0	0	0	0	0	0	0	0
0	SECTcl3peb	21	30	0	30	0	0	0	0	0	0	0	0	0	0	0	0	0	0	0
1	SECTcl3peb	21	30	0	30	0	0	0	0	0	0	0	0	0	0	0	0	0	0	0
0	SECTcl3peb	22	30	0	30	0	0	0	0	0	0	0	0	0	0	0	0	0	0	0
1	SECTcl3peb	22	30	0	30	0	0	0	0	0	0	0	0	0	0	0	0	0	0	0
0	SECTcl3peb	23	30	0	30	0	0	0	0	0	0	0	0	0	0	0	0	0	0	0
1	SECTcl3peb	23	30	0	30	0	0	0	0	0	0	0	0	0	0	0	0	0	0	0
0	SECTcl3peb	24	30	0	30	0	0	0	0	0	0	0	0	0	0	0	0	0	0	0
1	SECTcl3peb	24	30	1	30	0	0	0	0	0	0	0	0	0	0	0	0	0	0	0
0	SECTcl3peb	25	30	0	30	0	0	0	0	0	0	0	0	0	0	0	0	0	0	0
1	SECTcl3peb	25	30	1	30	0	0	0	0	0	0	0	0	0	0	0	0	0	0	0
0	SECTcl3peb	26	30	0	30	0	0	0	0	0	0	0	0	0	0	0	0	0	0	0
1	SECTcl3peb	26	30	0	29	0	0	1	0	0	0	0	0	0	0	0	0	0	0	0
0	SECTcl3peb	27	30	0	28	0	0	2	0	0	0	0	0	0	0	0	0	0	0	0
1	SECTcl3peb	27	30	0	28	0	0	2	0	0	0	0	0	0	0	0	0	0	0	0
0	SECTcl3peb	28	30	0	28	0	0	2	0	0	0	0	0	0	0	0	0	0	0	0
1	SECTcl3peb	28	30	0	27	0	0	3	0	0	0	0	0	0	0	0	0	0	0	0
0	SECTcl3peb	29	30	0	29	0	0	1	0	0	0	0	0	0	0	0	0	0	0	0
1	SECTcl3peb	29	30	0	26	0	0	4	0	0	0	0	0	0	0	0	0	0	0	0
0	SECTcl3peb	30	30	0	30	0	0	0	0	0	0	0	0	0	0	0	0	0	0	0
1	SECTcl3peb	30	30	0	26	0	0	4	0	0	0	0	0	0	0	0	0	0	0	0
0	SECTcl3peb	31	30	0	30	0	0	0	0	0	0	0	0	0	0	0	0	0	0	0
1	SECTcl3peb	31	30	0	26	0	0	4	0	0	0	0	0	0	0	0	0	0	0	0
0	SECTcl3peb	32	30	0	30	0	0	0	0	0	0	0	0	0	0	0	0	0	0	0
1	SECTcl3peb	32	30	0	26	0	0	4	0	0	0	0	0	0	0	0	0	0	0	0
0	SECTcl3peb	33	30	0	30	0	0	0	0	0	0	0	0	0	0	0	0	0	0	0
1	SECTcl3peb	33	30	0	26	0	0	4	0	0	0	0	0	0	0	0	0	0	0	0
0	SECTcl3peb	34	30	0	30	0	0	0	0	0	0	0	0	0	0	0	0	0	0	0
1	SECTcl3peb	34	30	0	28	0	0	2	0	0	0	0	0	0	0	0	0	0	0	0
0	SECTcl3peb	35	30	0	30	0	0	0	0	0	0	0	0	0	0	0	0	0	0	0
1	SECTcl3peb	35	30	0	26	0	0	4	0	0	0	0	0	0	0	0	0	0	0	0
0	SECTcl3peb	36	30	0	29	0	0	1	0	0	0	0	0	0	0	0	0	0	0	0
1	SECTcl3peb	36	30	0	26	0	0	4	0	0	0	0	0	0	0	0	0	0	0	0
0	SECTcl3peb	37	30	0	30	0	0	0	0	0	0	0	0	0	0	0	0	0	0	0
1	SECTcl3peb	37	30	0	26	0	0	4	0	0	0	0	0	0	0	0	0	0	0	0
0	SECTcl3peb	38	30	0	30	0	0	0	0	0	0	0	0	0	0	0	0	0	0	0
1	SECTcl3peb	38	30	0	26	0	0	4	0	0	0	0	0	0	0	0	0	0	0	0
0	SECTcl3peb	39	30	0	30	0	0	0	0	0	0	0	0	0	0	0	0	0	0	0
1	SECTcl3peb	39	30	0	26	0	0	4	0	0	0	0	0	0	0	0	0	0	0	0
0	SECTcl3peb	40	30	0	30	0	0	0	0	0	0	0	0	0	0	0	0	0	0	0
1	SECTcl3peb	40	30	0	26	0	0	4	0	0	0	0	0	0	0	0	0	0	0	0
0	SECTpeb	1	30	1	30	0	0	0	0	0	0	0	0	0	0	0	0	0	0	0
1	SECTpeb	1	30	1	30	0	0	0	0	0	0	0	0	0	0	0	0	0	0	0
0	SECTpeb	2	30	0	30	0	0	0	0	0	0	0	0	0	0	0	0	0	0	0
1	SECTpeb	2	30	0	30	0	0	0	0	0	0	0	0	0	0	0	0	0	0	0
0	SECTpeb	3	30	0	30	0	0	0	0	0	0	0	0	0	0	0	0	0	0	0
1	SECTpeb	3	30	0	26	0	0	4	0	0	0	0	0	0	0	0	0	0	0	0
0	SECTpeb	4	30	0	30	0	0	0	0	0	0	0	0	0	0	0	0	0	0	0
1	SECTpeb	4	30	0	25	0	0	5	0	0	0	0	0	0	0	0	0	0	0	0
0	SECTpeb	5	30	0	30	0	0	0	0	0	0	0	0	0	0	0	0	0	0	0
1	SECTpeb	5	30	0	19	0	0	11	0	0	0	0	0	0	0	0	0	0	0	0
0	SECTpeb	6	30	0	29	0	0	1	0	0	0	0	0	0	0	0	0	0	0	0
1	SECTpeb	6	30	0	19	0	0	11	0	0	0	0	0	0	0	0	0	0	0	0
0	SECTpeb	7	30	0	27	0	0	3	0	0	0	0	0	0	0	0	0	0	0	0
1	SECTpeb	7	30	0	20	0	0	10	0	0	0	0	0	0	0	0	0	0	0	0
0	SECTpeb	8	30	0	28	0	0	2	0	0	0	0	0	0	0	0	0	0	0	0
1	SECTpeb	8	30	0	20	0	0	10	0	0	0	0	0	0	0	0	0	0	0	0
0	SECTpeb	9	30	0	30	0	0	0	0	0	0	0	0	0	0	0	0	0	0	0
1	SECTpeb	9	30	0	23	0	0	7	0	0	0	0	0	0	0	0	0	0	0	0
0	SECTpeb	10	30	0	30	0	0	0	0	0	0	0	0	0	0	0	0	0	0	0
1	SECTpeb	10	30	0	29	0	0	1	0	0	0	0	0	0	0	0	0	0	0	0
0	SECTpeb	11	30	0	30	0	0	0	0	0	0	0	0	0	0	0	0	0	0	0
1	SECTpeb	11	30	0	30	0	0	0	0	0	0	0	0	0	0	0	0	0	0	0
0	SECTpeb	12	30	0	25	0	0	5	0	0	0	0	0	0	0	0	0	0	0	0
1	SECTpeb	12	30	0	30	0	0	0	0	0	0	0	0	0	0	0	0	0	0	0
0	SECTpeb	13	30	0	24	0	0	6	0	0	0	0	0	0	0	0	0	0	0	0
1	SECTpeb	13	30	0	30	0	0	0	0	0	0	0	0	0	0	0	0	0	0	0
0	SECTpeb	14	30	0	27	0	0	3	0	0	0	0	0	0	0	0	0	0	0	0
1	SECTpeb	14	30	0	30	0	0	0	0	0	0	0	0	0	0	0	0	0	0	0
0	SECTpeb	15	30	0	30	0	0	0	0	0	0	0	0	0	0	0	0	0	0	0
1	SECTpeb	15	30	0	27	0	0	3	0	0	0	0	0	0	0	0	0	0	0	0
0	SECTpeb	16	30	0	30	0	0	0	0	0	0	0	0	0	0	0	0	0	0	0
1	SECTpeb	16	30	0	30	0	0	0	0	0	0	0	0	0	0	0	0	0	0	0
0	SECTpeb	17	30	0	27	0	0	3	0	0	0	0	0	0	0	0	0	0	0	0
1	SECTpeb	17	30	0	30	0	0	0	0	0	0	0	0	0	0	0	0	0	0	0
0	SECTpeb	18	30	0	27	0	0	3	0	0	0	0	0	0	0	0	0	0	0	0
1	SECTpeb	18	30	0	30	0	0	0	0	0	0	0	0	0	0	0	0	0	0	0
0	SECTpeb	19	30	0	30	0	0	0	0	0	0	0	0	0	0	0	0	0	0	0
1	SECTpeb	19	30	0	27	0	0	3	0	0	0	0	0	0	0	0	0	0	0	0
0	SECTpeb	20	30	0	30	0	0	0	0	0	0	0	0	0	0	0	0	0	0	0
1	SECTpeb	20	30	0	27	0	0	3	0	0	0	0	0	0	0	0	0	0	0	0
0	SECTpeb	21	30	0	30	0	0	0	0	0	0	0	0	0	0	0	0	0	0	0
1	SECTpeb	21	30	0	30	0	0	0	0	0	0	0	0	0	0	0	0	0	0	0
0	SECTpeb	22	30	0	30	0	0	0	0	0	0	0	0	0	0	0	0	0	0	0
1	SECTpeb	22	30	0	30	0	0	0	0	0	0	0	0	0	0	0	0	0	0	0
0	SECTpeb	23	30	0	30	0	0	0	0	0	0	0	0	0	0	0	0	0	0	0
1	SECTpeb	23	30	0	30	0	0	0	0	0	0	0	0	0	0	0	0	0	0	0
0	SECTpeb	24	30	0	30	0	0	0	0	0	0	0	0	0	0	0	0	0	0	0
1	SECTpeb	24	30	0	27	0	0	3	0	0	0	0	0	0	0	0	0	0	0	0
0	SECTpeb	25	30	0	28	0	0	2	0	0	0	0	0	0	0	0	0	0	0	0
1	SECTpeb	25	30	0	30	0	0	0	0	0	0	0	0	0	0	0	0	0	0	0
0	SECTpeb	26	30	0	30	0	0	0	0	0	0	0	0	0	0	0	0	0	0	0
1	SECTpeb	26	30	0	24	0	0	6	0	0	0	0	0	0	0	0	0	0	0	0
0	SECTpeb	27	30	0	23	0	0	6	0	0	1	0	0	0	0	0	0	0	0	0
1	SECTpeb	27	30	0	18	0	0	12	0	0	0	0	0	0	0	0	0	0	0	0
0	SECTpeb	28	30	0	18	0	0	12	0	0	0	0	0	0	0	0	0	0	0	0
1	SECTpeb	28	30	0	18	0	0	11	0	0	1	0	0	0	0	0	0	0	0	0
0	SECTpeb	29	30	0	21	0	0	9	0	0	0	0	0	0	0	0	0	0	0	0
1	SECTpeb	29	30	0	17	0	0	12	0	0	1	0	0	0	0	0	0	0	0	0
0	SECTpeb	30	30	0	27	0	0	3	0	0	0	0	0	0	0	0	0	0	0	0
1	SECTpeb	30	30	0	16	0	0	13	0	0	1	0	0	0	0	0	0	0	0	0
0	SECTpeb	31	30	0	26	0	0	4	0	0	0	0	0	0	0	0	0	0	0	0
1	SECTpeb	31	30	0	17	0	0	12	0	0	1	0	0	0	0	0	0	0	0	0
0	SECTpeb	32	30	0	30	0	0	0	0	0	0	0	0	0	0	0	0	0	0	0
1	SECTpeb	32	30	0	15	0	0	13	0	0	2	0	0	0	0	0	0	0	0	0
0	SECTpeb	33	30	0	30	0	0	0	0	0	0	0	0	0	0	0	0	0	0	0
1	SECTpeb	33	30	0	14	0	0	14	0	0	2	0	0	0	0	0	0	0	0	0
0	SECTpeb	34	30	0	30	0	0	0	0	0	0	0	0	0	0	0	0	0	0	0
1	SECTpeb	34	30	0	14	0	0	14	0	0	2	0	0	0	0	0	0	0	0	0
0	SECTpeb	35	30	0	30	0	0	0	0	0	0	0	0	0	0	0	0	0	0	0
1	SECTpeb	35	30	0	14	0	0	14	0	0	2	0	0	0	0	0	0	0	0	0
0	SECTpeb	36	30	0	27	0	0	3	0	0	0	0	0	0	0	0	0	0	0	0
1	SECTpeb	36	30	0	15	0	0	13	0	0	2	0	0	0	0	0	0	0	0	0
0	SECTpeb	37	30	0	28	0	0	2	0	0	0	0	0	0	0	0	0	0	0	0
1	SECTpeb	37	30	0	14	0	0	14	0	0	2	0	0	0	0	0	0	0	0	0
0	SECTpeb	38	30	0	30	0	0	0	0	0	0	0	0	0	0	0	0	0	0	0
1	SECTpeb	38	30	0	14	0	0	14	0	0	2	0	0	0	0	0	0	0	0	0
0	SECTpeb	39	30	0	30	0	0	0	0	0	0	0	0	0	0	0	0	0	0	0
1	SECTpeb	39	30	0	14	0	0	14	0	0	2	0	0	0	0	0	0	0	0	0
0	SECTpeb	40	30	0	27	0	0	3	0	0	0	0	0	0	0	0	0	0	0	0
1	SECTpeb	40	30	0	14	0	0	15	0	0	1	0	0	0	0	0	0	0	0	0
0	SEIIcl1peb	1	30	1	30	0	0	0	0	0	0	0	0	0	0	0	0	0	0	0
1	SEIIcl1peb	1	30	1	30	0	0	0	0	0	0	0	0	0	0	0	0	0	0	0
0	SEIIcl1peb	2	30	0	30	0	0	0	0	0	0	0	0	0	0	0	0	0	0	0
1	SEIIcl1peb	2	30	0	30	0	0	0	0	0	0	0	0	0	0	0	0	0	0	0
0	SEIIcl1peb	3	30	0	30	0	0	0	0	0	0	0	0	0	0	0	0	0	0	0
1	SEIIcl1peb	3	30	0	30	0	0	0	0	0	0	0	0	0	0	0	0	0	0	0
0	SEIIcl1peb	4	30	0	30	0	0	0	0	0	0	0	0	0	0	0	0	0	0	0
1	SEIIcl1peb	4	30	0	30	0	0	0	0	0	0	0	0	0	0	0	0	0	0	0
0	SEIIcl1peb	5	30	0	30	0	0	0	0	0	0	0	0	0	0	0	0	0	0	0
1	SEIIcl1peb	5	30	0	30	0	0	0	0	0	0	0	0	0	0	0	0	0	0	0
0	SEIIcl1peb	6	30	0	30	0	0	0	0	0	0	0	0	0	0	0	0	0	0	0
1	SEIIcl1peb	6	30	0	30	0	0	0	0	0	0	0	0	0	0	0	0	0	0	0
0	SEIIcl1peb	7	30	0	30	0	0	0	0	0	0	0	0	0	0	0	0	0	0	0
1	SEIIcl1peb	7	30	0	30	0	0	0	0	0	0	0	0	0	0	0	0	0	0	0
0	SEIIcl1peb	8	30	0	30	0	0	0	0	0	0	0	0	0	0	0	0	0	0	0
1	SEIIcl1peb	8	30	0	30	0	0	0	0	0	0	0	0	0	0	0	0	0	0	0
0	SEIIcl1peb	9	30	0	30	0	0	0	0	0	0	0	0	0	0	0	0	0	0	0
1	SEIIcl1peb	9	30	0	30	0	0	0	0	0	0	0	0	0	0	0	0	0	0	0
0	SEIIcl1peb	10	30	0	30	0	0	0	0	0	0	0	0	0	0	0	0	0	0	0
1	SEIIcl1peb	10	30	0	30	0	0	0	0	0	0	0	0	0	0	0	0	0	0	0
0	SEIIcl1peb	11	30	0	30	0	0	0	0	0	0	0	0	0	0	0	0	0	0	0
1	SEIIcl1peb	11	30	0	30	0	0	0	0	0	0	0	0	0	0	0	0	0	0	0
0	SEIIcl1peb	12	30	0	30	0	0	0	0	0	0	0	0	0	0	0	0	0	0	0
1	SEIIcl1peb	12	30	0	30	0	0	0	0	0	0	0	0	0	0	0	0	0	0	0
0	SEIIcl1peb	13	30	0	30	0	0	0	0	0	0	0	0	0	0	0	0	0	0	0
1	SEIIcl1peb	13	30	0	30	0	0	0	0	0	0	0	0	0	0	0	0	0	0	0
0	SEIIcl1peb	14	30	0	30	0	0	0	0	0	0	0	0	0	0	0	0	0	0	0
1	SEIIcl1peb	14	30	0	30	0	0	0	0	0	0	0	0	0	0	0	0	0	0	0
0	SEIIcl1peb	15	30	0	30	0	0	0	0	0	0	0	0	0	0	0	0	0	0	0
1	SEIIcl1peb	15	30	0	30	0	0	0	0	0	0	0	0	0	0	0	0	0	0	0
0	SEIIcl1peb	16	30	0	30	0	0	0	0	0	0	0	0	0	0	0	0	0	0	0
1	SEIIcl1peb	16	30	0	30	0	0	0	0	0	0	0	0	0	0	0	0	0	0	0
0	SEIIcl1peb	17	30	0	30	0	0	0	0	0	0	0	0	0	0	0	0	0	0	0
1	SEIIcl1peb	17	30	0	30	0	0	0	0	0	0	0	0	0	0	0	0	0	0	0
0	SEIIcl1peb	18	30	0	30	0	0	0	0	0	0	0	0	0	0	0	0	0	0	0
1	SEIIcl1peb	18	30	0	30	0	0	0	0	0	0	0	0	0	0	0	0	0	0	0
0	SEIIcl1peb	19	30	0	30	0	0	0	0	0	0	0	0	0	0	0	0	0	0	0
1	SEIIcl1peb	19	30	0	30	0	0	0	0	0	0	0	0	0	0	0	0	0	0	0
0	SEIIcl1peb	20	30	0	30	0	0	0	0	0	0	0	0	0	0	0	0	0	0	0
1	SEIIcl1peb	20	30	0	30	0	0	0	0	0	0	0	0	0	0	0	0	0	0	0
0	SEIIcl1peb	21	30	0	30	0	0	0	0	0	0	0	0	0	0	0	0	0	0	0
1	SEIIcl1peb	21	30	0	30	0	0	0	0	0	0	0	0	0	0	0	0	0	0	0
0	SEIIcl1peb	22	30	0	30	0	0	0	0	0	0	0	0	0	0	0	0	0	0	0
1	SEIIcl1peb	22	30	0	30	0	0	0	0	0	0	0	0	0	0	0	0	0	0	0
0	SEIIcl1peb	23	30	0	30	0	0	0	0	0	0	0	0	0	0	0	0	0	0	0
1	SEIIcl1peb	23	30	0	30	0	0	0	0	0	0	0	0	0	0	0	0	0	0	0
0	SEIIcl1peb	24	30	0	30	0	0	0	0	0	0	0	0	0	0	0	0	0	0	0
1	SEIIcl1peb	24	30	0	30	0	0	0	0	0	0	0	0	0	0	0	0	0	0	0
0	SEIIcl1peb	25	30	0	30	0	0	0	0	0	0	0	0	0	0	0	0	0	0	0
1	SEIIcl1peb	25	30	0	30	0	0	0	0	0	0	0	0	0	0	0	0	0	0	0
0	SEIIcl1peb	26	30	0	30	0	0	0	0	0	0	0	0	0	0	0	0	0	0	0
1	SEIIcl1peb	26	30	0	30	0	0	0	0	0	0	0	0	0	0	0	0	0	0	0
0	SEIIcl1peb	27	30	0	30	0	0	0	0	0	0	0	0	0	0	0	0	0	0	0
1	SEIIcl1peb	27	30	0	30	0	0	0	0	0	0	0	0	0	0	0	0	0	0	0
0	SEIIcl1peb	28	30	0	30	0	0	0	0	0	0	0	0	0	0	0	0	0	0	0
1	SEIIcl1peb	28	30	0	30	0	0	0	0	0	0	0	0	0	0	0	0	0	0	0
0	SEIIcl1peb	29	30	0	30	0	0	0	0	0	0	0	0	0	0	0	0	0	0	0
1	SEIIcl1peb	29	30	0	30	0	0	0	0	0	0	0	0	0	0	0	0	0	0	0
0	SEIIcl1peb	30	30	0	30	0	0	0	0	0	0	0	0	0	0	0	0	0	0	0
1	SEIIcl1peb	30	30	0	30	0	0	0	0	0	0	0	0	0	0	0	0	0	0	0
0	SEIIcl1peb	31	30	0	30	0	0	0	0	0	0	0	0	0	0	0	0	0	0	0
1	SEIIcl1peb	31	30	0	30	0	0	0	0	0	0	0	0	0	0	0	0	0	0	0
0	SEIIcl1peb	32	30	0	30	0	0	0	0	0	0	0	0	0	0	0	0	0	0	0
1	SEIIcl1peb	32	30	0	30	0	0	0	0	0	0	0	0	0	0	0	0	0	0	0
0	SEIIcl1peb	33	30	0	30	0	0	0	0	0	0	0	0	0	0	0	0	0	0	0
1	SEIIcl1peb	33	30	0	30	0	0	0	0	0	0	0	0	0	0	0	0	0	0	0
0	SEIIcl1peb	34	30	0	30	0	0	0	0	0	0	0	0	0	0	0	0	0	0	0
1	SEIIcl1peb	34	30	0	30	0	0	0	0	0	0	0	0	0	0	0	0	0	0	0
0	SEIIcl1peb	35	30	0	30	0	0	0	0	0	0	0	0	0	0	0	0	0	0	0
1	SEIIcl1peb	35	30	0	30	0	0	0	0	0	0	0	0	0	0	0	0	0	0	0
0	SEIIcl1peb	36	30	0	30	0	0	0	0	0	0	0	0	0	0	0	0	0	0	0
1	SEIIcl1peb	36	30	0	30	0	0	0	0	0	0	0	0	0	0	0	0	0	0	0
0	SEIIcl1peb	37	30	0	30	0	0	0	0	0	0	0	0	0	0	0	0	0	0	0
1	SEIIcl1peb	37	30	0	30	0	0	0	0	0	0	0	0	0	0	0	0	0	0	0
0	SEIIcl1peb	38	30	0	30	0	0	0	0	0	0	0	0	0	0	0	0	0	0	0
1	SEIIcl1peb	38	30	0	30	0	0	0	0	0	0	0	0	0	0	0	0	0	0	0
0	SEIIcl1peb	39	30	0	30	0	0	0	0	0	0	0	0	0	0	0	0	0	0	0
1	SEIIcl1peb	39	30	0	30	0	0	0	0	0	0	0	0	0	0	0	0	0	0	0
0	SEIIcl1peb	40	30	0	30	0	0	0	0	0	0	0	0	0	0	0	0	0	0	0
1	SEIIcl1peb	40	30	0	30	0	0	0	0	0	0	0	0	0	0	0	0	0	0	0
0	SEITcl1plb	1	30	1	30	0	0	0	0	0	0	0	0	0	0	0	0	0	0	0
1	SEITcl1plb	1	30	1	30	0	0	0	0	0	0	0	0	0	0	0	0	0	0	0
0	SEITcl1plb	2	30	0	30	0	0	0	0	0	0	0	0	0	0	0	0	0	0	0
1	SEITcl1plb	2	30	0	30	0	0	0	0	0	0	0	0	0	0	0	0	0	0	0
0	SEITcl1plb	3	30	0	30	0	0	0	0	0	0	0	0	0	0	0	0	0	0	0
1	SEITcl1plb	3	30	0	30	0	0	0	0	0	0	0	0	0	0	0	0	0	0	0
0	SEITcl1plb	4	30	0	30	0	0	0	0	0	0	0	0	0	0	0	0	0	0	0
1	SEITcl1plb	4	30	0	30	0	0	0	0	0	0	0	0	0	0	0	0	0	0	0
0	SEITcl1plb	5	30	0	30	0	0	0	0	0	0	0	0	0	0	0	0	0	0	0
1	SEITcl1plb	5	30	0	30	0	0	0	0	0	0	0	0	0	0	0	0	0	0	0
0	SEITcl1plb	6	30	0	30	0	0	0	0	0	0	0	0	0	0	0	0	0	0	0
1	SEITcl1plb	6	30	0	30	0	0	0	0	0	0	0	0	0	0	0	0	0	0	0
0	SEITcl1plb	7	30	0	30	0	0	0	0	0	0	0	0	0	0	0	0	0	0	0
1	SEITcl1plb	7	30	0	30	0	0	0	0	0	0	0	0	0	0	0	0	0	0	0
0	SEITcl1plb	8	30	0	30	0	0	0	0	0	0	0	0	0	0	0	0	0	0	0
1	SEITcl1plb	8	30	0	30	0	0	0	0	0	0	0	0	0	0	0	0	0	0	0
0	SEITcl1plb	9	30	0	30	0	0	0	0	0	0	0	0	0	0	0	0	0	0	0
1	SEITcl1plb	9	30	0	30	0	0	0	0	0	0	0	0	0	0	0	0	0	0	0
0	SEITcl1plb	10	30	0	30	0	0	0	0	0	0	0	0	0	0	0	0	0	0	0
1	SEITcl1plb	10	30	0	30	0	0	0	0	0	0	0	0	0	0	0	0	0	0	0
0	SEITcl1plb	11	30	0	30	0	0	0	0	0	0	0	0	0	0	0	0	0	0	0
1	SEITcl1plb	11	30	0	30	0	0	0	0	0	0	0	0	0	0	0	0	0	0	0
0	SEITcl1plb	12	30	0	30	0	0	0	0	0	0	0	0	0	0	0	0	0	0	0
1	SEITcl1plb	12	30	0	30	0	0	0	0	0	0	0	0	0	0	0	0	0	0	0
0	SEITcl1plb	13	30	0	30	0	0	0	0	0	0	0	0	0	0	0	0	0	0	0
1	SEITcl1plb	13	30	0	30	0	0	0	0	0	0	0	0	0	0	0	0	0	0	0
0	SEITcl1plb	14	30	0	30	0	0	0	0	0	0	0	0	0	0	0	0	0	0	0
1	SEITcl1plb	14	30	0	30	0	0	0	0	0	0	0	0	0	0	0	0	0	0	0
0	SEITcl1plb	15	30	0	30	0	0	0	0	0	0	0	0	0	0	0	0	0	0	0
1	SEITcl1plb	15	30	0	30	0	0	0	0	0	0	0	0	0	0	0	0	0	0	0
0	SEITcl1plb	16	30	0	30	0	0	0	0	0	0	0	0	0	0	0	0	0	0	0
1	SEITcl1plb	16	30	0	30	0	0	0	0	0	0	0	0	0	0	0	0	0	0	0
0	SEITcl1plb	17	30	0	30	0	0	0	0	0	0	0	0	0	0	0	0	0	0	0
1	SEITcl1plb	17	30	0	30	0	0	0	0	0	0	0	0	0	0	0	0	0	0	0
0	SEITcl1plb	18	30	0	30	0	0	0	0	0	0	0	0	0	0	0	0	0	0	0
1	SEITcl1plb	18	30	0	30	0	0	0	0	0	0	0	0	0	0	0	0	0	0	0
0	SEITcl1plb	19	30	0	30	0	0	0	0	0	0	0	0	0	0	0	0	0	0	0
1	SEITcl1plb	19	30	0	30	0	0	0	0	0	0	0	0	0	0	0	0	0	0	0
0	SEITcl1plb	20	30	0	30	0	0	0	0	0	0	0	0	0	0	0	0	0	0	0
1	SEITcl1plb	20	30	0	30	0	0	0	0	0	0	0	0	0	0	0	0	0	0	0
0	SEITcl1plb	21	30	0	30	0	0	0	0	0	0	0	0	0	0	0	0	0	0	0
1	SEITcl1plb	21	30	0	30	0	0	0	0	0	0	0	0	0	0	0	0	0	0	0
0	SEITcl1plb	22	30	0	30	0	0	0	0	0	0	0	0	0	0	0	0	0	0	0
1	SEITcl1plb	22	30	0	30	0	0	0	0	0	0	0	0	0	0	0	0	0	0	0
0	SEITcl1plb	23	30	0	30	0	0	0	0	0	0	0	0	0	0	0	0	0	0	0
1	SEITcl1plb	23	30	0	30	0	0	0	0	0	0	0	0	0	0	0	0	0	0	0
0	SEITcl1plb	24	30	0	30	0	0	0	0	0	0	0	0	0	0	0	0	0	0	0
1	SEITcl1plb	24	30	0	30	0	0	0	0	0	0	0	0	0	0	0	0	0	0	0
0	SEITcl1plb	25	30	0	30	0	0	0	0	0	0	0	0	0	0	0	0	0	0	0
1	SEITcl1plb	25	30	0	30	0	0	0	0	0	0	0	0	0	0	0	0	0	0	0
0	SEITcl1plb	26	30	0	30	0	0	0	0	0	0	0	0	0	0	0	0	0	0	0
1	SEITcl1plb	26	30	0	30	0	0	0	0	0	0	0	0	0	0	0	0	0	0	0
0	SEITcl1plb	27	30	0	30	0	0	0	0	0	0	0	0	0	0	0	0	0	0	0
1	SEITcl1plb	27	30	0	28	0	0	2	0	0	0	0	0	0	0	0	0	0	0	0
0	SEITcl1plb	28	30	0	30	0	0	0	0	0	0	0	0	0	0	0	0	0	0	0
1	SEITcl1plb	28	30	0	28	0	0	2	0	0	0	0	0	0	0	0	0	0	0	0
0	SEITcl1plb	29	30	0	30	0	0	0	0	0	0	0	0	0	0	0	0	0	0	0
1	SEITcl1plb	29	30	0	28	0	0	2	0	0	0	0	0	0	0	0	0	0	0	0
0	SEITcl1plb	30	30	0	30	0	0	0	0	0	0	0	0	0	0	0	0	0	0	0
1	SEITcl1plb	30	30	0	24	0	0	6	0	0	0	0	0	0	0	0	0	0	0	0
0	SEITcl1plb	31	30	0	30	0	0	0	0	0	0	0	0	0	0	0	0	0	0	0
1	SEITcl1plb	31	30	0	23	0	0	7	0	0	0	0	0	0	0	0	0	0	0	0
0	SEITcl1plb	32	30	0	30	0	0	0	0	0	0	0	0	0	0	0	0	0	0	0
1	SEITcl1plb	32	30	0	23	0	0	7	0	0	0	0	0	0	0	0	0	0	0	0
0	SEITcl1plb	33	30	0	30	0	0	0	0	0	0	0	0	0	0	0	0	0	0	0
1	SEITcl1plb	33	30	0	25	0	0	5	0	0	0	0	0	0	0	0	0	0	0	0
0	SEITcl1plb	34	30	0	30	0	0	0	0	0	0	0	0	0	0	0	0	0	0	0
1	SEITcl1plb	34	30	0	23	0	0	7	0	0	0	0	0	0	0	0	0	0	0	0
0	SEITcl1plb	35	30	0	30	0	0	0	0	0	0	0	0	0	0	0	0	0	0	0
1	SEITcl1plb	35	30	0	22	0	0	8	0	0	0	0	0	0	0	0	0	0	0	0
0	SEITcl1plb	36	30	0	30	0	0	0	0	0	0	0	0	0	0	0	0	0	0	0
1	SEITcl1plb	36	30	0	25	0	0	5	0	0	0	0	0	0	0	0	0	0	0	0
0	SEITcl1plb	37	30	0	30	0	0	0	0	0	0	0	0	0	0	0	0	0	0	0
1	SEITcl1plb	37	30	0	26	0	0	4	0	0	0	0	0	0	0	0	0	0	0	0
0	SEITcl1plb	38	30	0	30	0	0	0	0	0	0	0	0	0	0	0	0	0	0	0
1	SEITcl1plb	38	30	0	25	0	0	5	0	0	0	0	0	0	0	0	0	0	0	0
0	SEITcl1plb	39	30	0	30	0	0	0	0	0	0	0	0	0	0	0	0	0	0	0
1	SEITcl1plb	39	30	0	23	0	0	7	0	0	0	0	0	0	0	0	0	0	0	0
0	SEITcl1plb	40	30	0	30	0	0	0	0	0	0	0	0	0	0	0	0	0	0	0
1	SEITcl1plb	40	30	0	23	0	0	7	0	0	0	0	0	0	0	0	0	0	0	0
0	SEITcl3peb	1	30	1	30	0	0	0	0	0	0	0	0	0	0	0	0	0	0	0
1	SEITcl3peb	1	30	1	30	0	0	0	0	0	0	0	0	0	0	0	0	0	0	0
0	SEITcl3peb	2	30	0	30	0	0	0	0	0	0	0	0	0	0	0	0	0	0	0
1	SEITcl3peb	2	30	0	30	0	0	0	0	0	0	0	0	0	0	0	0	0	0	0
0	SEITcl3peb	3	30	0	30	0	0	0	0	0	0	0	0	0	0	0	0	0	0	0
1	SEITcl3peb	3	30	0	30	0	0	0	0	0	0	0	0	0	0	0	0	0	0	0
0	SEITcl3peb	4	30	0	30	0	0	0	0	0	0	0	0	0	0	0	0	0	0	0
1	SEITcl3peb	4	30	0	27	0	0	3	0	0	0	0	0	0	0	0	0	0	0	0
0	SEITcl3peb	5	30	0	30	0	0	0	0	0	0	0	0	0	0	0	0	0	0	0
1	SEITcl3peb	5	30	0	26	0	0	4	0	0	0	0	0	0	0	0	0	0	0	0
0	SEITcl3peb	6	30	0	30	0	0	0	0	0	0	0	0	0	0	0	0	0	0	0
1	SEITcl3peb	6	30	0	29	0	0	1	0	0	0	0	0	0	0	0	0	0	0	0
0	SEITcl3peb	7	30	0	30	0	0	0	0	0	0	0	0	0	0	0	0	0	0	0
1	SEITcl3peb	7	30	0	30	0	0	0	0	0	0	0	0	0	0	0	0	0	0	0
0	SEITcl3peb	8	30	0	30	0	0	0	0	0	0	0	0	0	0	0	0	0	0	0
1	SEITcl3peb	8	30	0	27	0	0	3	0	0	0	0	0	0	0	0	0	0	0	0
0	SEITcl3peb	9	30	0	30	0	0	0	0	0	0	0	0	0	0	0	0	0	0	0
1	SEITcl3peb	9	30	0	30	0	0	0	0	0	0	0	0	0	0	0	0	0	0	0
0	SEITcl3peb	10	30	0	30	0	0	0	0	0	0	0	0	0	0	0	0	0	0	0
1	SEITcl3peb	10	30	0	30	0	0	0	0	0	0	0	0	0	0	0	0	0	0	0
0	SEITcl3peb	11	30	0	30	0	0	0	0	0	0	0	0	0	0	0	0	0	0	0
1	SEITcl3peb	11	30	0	30	0	0	0	0	0	0	0	0	0	0	0	0	0	0	0
0	SEITcl3peb	12	30	0	28	0	0	2	0	0	0	0	0	0	0	0	0	0	0	0
1	SEITcl3peb	12	30	0	30	0	0	0	0	0	0	0	0	0	0	0	0	0	0	0
0	SEITcl3peb	13	30	0	30	0	0	0	0	0	0	0	0	0	0	0	0	0	0	0
1	SEITcl3peb	13	30	0	30	0	0	0	0	0	0	0	0	0	0	0	0	0	0	0
0	SEITcl3peb	14	30	0	30	0	0	0	0	0	0	0	0	0	0	0	0	0	0	0
1	SEITcl3peb	14	30	0	30	0	0	0	0	0	0	0	0	0	0	0	0	0	0	0
0	SEITcl3peb	15	30	0	30	0	0	0	0	0	0	0	0	0	0	0	0	0	0	0
1	SEITcl3peb	15	30	0	28	0	0	2	0	0	0	0	0	0	0	0	0	0	0	0
0	SEITcl3peb	16	30	0	30	0	0	0	0	0	0	0	0	0	0	0	0	0	0	0
1	SEITcl3peb	16	30	0	30	0	0	0	0	0	0	0	0	0	0	0	0	0	0	0
0	SEITcl3peb	17	30	0	30	0	0	0	0	0	0	0	0	0	0	0	0	0	0	0
1	SEITcl3peb	17	30	0	30	0	0	0	0	0	0	0	0	0	0	0	0	0	0	0
0	SEITcl3peb	18	30	0	30	0	0	0	0	0	0	0	0	0	0	0	0	0	0	0
1	SEITcl3peb	18	30	0	30	0	0	0	0	0	0	0	0	0	0	0	0	0	0	0
0	SEITcl3peb	19	30	0	30	0	0	0	0	0	0	0	0	0	0	0	0	0	0	0
1	SEITcl3peb	19	30	0	30	0	0	0	0	0	0	0	0	0	0	0	0	0	0	0
0	SEITcl3peb	20	30	0	30	0	0	0	0	0	0	0	0	0	0	0	0	0	0	0
1	SEITcl3peb	20	30	0	30	0	0	0	0	0	0	0	0	0	0	0	0	0	0	0
0	SEITcl3peb	21	30	0	30	0	0	0	0	0	0	0	0	0	0	0	0	0	0	0
1	SEITcl3peb	21	30	0	30	0	0	0	0	0	0	0	0	0	0	0	0	0	0	0
0	SEITcl3peb	22	30	0	30	0	0	0	0	0	0	0	0	0	0	0	0	0	0	0
1	SEITcl3peb	22	30	0	30	0	0	0	0	0	0	0	0	0	0	0	0	0	0	0
0	SEITcl3peb	23	30	0	30	0	0	0	0	0	0	0	0	0	0	0	0	0	0	0
1	SEITcl3peb	23	30	0	30	0	0	0	0	0	0	0	0	0	0	0	0	0	0	0
0	SEITcl3peb	24	30	0	30	0	0	0	0	0	0	0	0	0	0	0	0	0	0	0
1	SEITcl3peb	24	30	0	30	0	0	0	0	0	0	0	0	0	0	0	0	0	0	0
0	SEITcl3peb	25	30	0	30	0	0	0	0	0	0	0	0	0	0	0	0	0	0	0
1	SEITcl3peb	25	30	0	30	0	0	0	0	0	0	0	0	0	0	0	0	0	0	0
0	SEITcl3peb	26	30	0	30	0	0	0	0	0	0	0	0	0	0	0	0	0	0	0
1	SEITcl3peb	26	30	0	24	0	0	6	0	0	0	0	0	0	0	0	0	0	0	0
0	SEITcl3peb	27	30	0	24	0	0	6	0	0	0	0	0	0	0	0	0	0	0	0
1	SEITcl3peb	27	30	0	19	0	0	11	0	0	0	0	0	0	0	0	0	0	0	0
0	SEITcl3peb	28	30	0	30	0	0	0	0	0	0	0	0	0	0	0	0	0	0	0
1	SEITcl3peb	28	30	0	18	0	0	12	0	0	0	0	0	0	0	0	0	0	0	0
0	SEITcl3peb	29	30	0	30	0	0	0	0	0	0	0	0	0	0	0	0	0	0	0
1	SEITcl3peb	29	30	0	18	0	0	12	0	0	0	0	0	0	0	0	0	0	0	0
0	SEITcl3peb	30	30	0	30	0	0	0	0	0	0	0	0	0	0	0	0	0	0	0
1	SEITcl3peb	30	30	0	16	0	0	14	0	0	0	0	0	0	0	0	0	0	0	0
0	SEITcl3peb	31	30	0	30	0	0	0	0	0	0	0	0	0	0	0	0	0	0	0
1	SEITcl3peb	31	30	0	17	0	0	13	0	0	0	0	0	0	0	0	0	0	0	0
0	SEITcl3peb	32	30	0	30	0	0	0	0	0	0	0	0	0	0	0	0	0	0	0
1	SEITcl3peb	32	30	0	16	0	0	14	0	0	0	0	0	0	0	0	0	0	0	0
0	SEITcl3peb	33	30	0	30	0	0	0	0	0	0	0	0	0	0	0	0	0	0	0
1	SEITcl3peb	33	30	0	16	0	0	14	0	0	0	0	0	0	0	0	0	0	0	0
0	SEITcl3peb	34	30	0	30	0	0	0	0	0	0	0	0	0	0	0	0	0	0	0
1	SEITcl3peb	34	30	0	16	0	0	14	0	0	0	0	0	0	0	0	0	0	0	0
0	SEITcl3peb	35	30	0	30	0	0	0	0	0	0	0	0	0	0	0	0	0	0	0
1	SEITcl3peb	35	30	0	16	0	0	14	0	0	0	0	0	0	0	0	0	0	0	0
0	SEITcl3peb	36	30	0	30	0	0	0	0	0	0	0	0	0	0	0	0	0	0	0
1	SEITcl3peb	36	30	0	15	0	0	15	0	0	0	0	0	0	0	0	0	0	0	0
0	SEITcl3peb	37	30	0	30	0	0	0	0	0	0	0	0	0	0	0	0	0	0	0
1	SEITcl3peb	37	30	0	15	0	0	15	0	0	0	0	0	0	0	0	0	0	0	0
0	SEITcl3peb	38	30	0	30	0	0	0	0	0	0	0	0	0	0	0	0	0	0	0
1	SEITcl3peb	38	30	0	15	0	0	15	0	0	0	0	0	0	0	0	0	0	0	0
0	SEITcl3peb	39	30	0	30	0	0	0	0	0	0	0	0	0	0	0	0	0	0	0
1	SEITcl3peb	39	30	0	16	0	0	14	0	0	0	0	0	0	0	0	0	0	0	0
0	SEITcl3peb	40	30	0	30	0	0	0	0	0	0	0	0	0	0	0	0	0	0	0
1	SEITcl3peb	40	30	0	15	0	0	15	0	0	0	0	0	0	0	0	0	0	0	0
0	SEITcl4peb	1	30	1	30	0	0	0	0	0	0	0	0	0	0	0	0	0	0	0
1	SEITcl4peb	1	30	1	30	0	0	0	0	0	0	0	0	0	0	0	0	0	0	0
0	SEITcl4peb	2	30	0	30	0	0	0	0	0	0	0	0	0	0	0	0	0	0	0
1	SEITcl4peb	2	30	0	30	0	0	0	0	0	0	0	0	0	0	0	0	0	0	0
0	SEITcl4peb	3	30	0	30	0	0	0	0	0	0	0	0	0	0	0	0	0	0	0
1	SEITcl4peb	3	30	0	30	0	0	0	0	0	0	0	0	0	0	0	0	0	0	0
0	SEITcl4peb	4	30	0	30	0	0	0	0	0	0	0	0	0	0	0	0	0	0	0
1	SEITcl4peb	4	30	0	25	0	0	5	0	0	0	0	0	0	0	0	0	0	0	0
0	SEITcl4peb	5	30	0	30	0	0	0	0	0	0	0	0	0	0	0	0	0	0	0
1	SEITcl4peb	5	30	0	25	0	0	5	0	0	0	0	0	0	0	0	0	0	0	0
0	SEITcl4peb	6	30	0	30	0	0	0	0	0	0	0	0	0	0	0	0	0	0	0
1	SEITcl4peb	6	30	0	27	0	0	3	0	0	0	0	0	0	0	0	0	0	0	0
0	SEITcl4peb	7	30	0	30	0	0	0	0	0	0	0	0	0	0	0	0	0	0	0
1	SEITcl4peb	7	30	0	30	0	0	0	0	0	0	0	0	0	0	0	0	0	0	0
0	SEITcl4peb	8	30	0	30	0	0	0	0	0	0	0	0	0	0	0	0	0	0	0
1	SEITcl4peb	8	30	0	27	0	0	3	0	0	0	0	0	0	0	0	0	0	0	0
0	SEITcl4peb	9	30	0	30	0	0	0	0	0	0	0	0	0	0	0	0	0	0	0
1	SEITcl4peb	9	30	0	30	0	0	0	0	0	0	0	0	0	0	0	0	0	0	0
0	SEITcl4peb	10	30	0	30	0	0	0	0	0	0	0	0	0	0	0	0	0	0	0
1	SEITcl4peb	10	30	0	30	0	0	0	0	0	0	0	0	0	0	0	0	0	0	0
0	SEITcl4peb	11	30	0	30	0	0	0	0	0	0	0	0	0	0	0	0	0	0	0
1	SEITcl4peb	11	30	0	30	0	0	0	0	0	0	0	0	0	0	0	0	0	0	0
0	SEITcl4peb	12	30	0	28	0	0	2	0	0	0	0	0	0	0	0	0	0	0	0
1	SEITcl4peb	12	30	0	26	0	0	0	0	0	0	0	0	0	0	0	0	0	0	0
0	SEITcl4peb	13	30	0	30	0	0	0	0	0	0	0	0	0	0	0	0	0	0	0
1	SEITcl4peb	13	30	0	29	0	0	0	0	0	0	0	0	0	0	0	0	0	0	0
0	SEITcl4peb	14	30	0	30	0	0	0	0	0	0	0	0	0	0	0	0	0	0	0
1	SEITcl4peb	14	30	0	30	0	0	0	0	0	0	0	0	0	0	0	0	0	0	0
0	SEITcl4peb	15	30	0	30	0	0	0	0	0	0	0	0	0	0	0	0	0	0	0
1	SEITcl4peb	15	30	0	30	0	0	0	0	0	0	0	0	0	0	0	0	0	0	0
0	SEITcl4peb	16	30	0	30	0	0	0	0	0	0	0	0	0	0	0	0	0	0	0
1	SEITcl4peb	16	30	0	30	0	0	0	0	0	0	0	0	0	0	0	0	0	0	0
0	SEITcl4peb	17	30	0	30	0	0	0	0	0	0	0	0	0	0	0	0	0	0	0
1	SEITcl4peb	17	30	0	30	0	0	0	0	0	0	0	0	0	0	0	0	0	0	0
0	SEITcl4peb	18	30	0	29	0	0	1	0	0	0	0	0	0	0	0	0	0	0	0
1	SEITcl4peb	18	30	0	30	0	0	0	0	0	0	0	0	0	0	0	0	0	0	0
0	SEITcl4peb	19	30	0	30	0	0	0	0	0	0	0	0	0	0	0	0	0	0	0
1	SEITcl4peb	19	30	0	30	0	0	0	0	0	0	0	0	0	0	0	0	0	0	0
0	SEITcl4peb	20	30	0	30	0	0	0	0	0	0	0	0	0	0	0	0	0	0	0
1	SEITcl4peb	20	30	0	30	0	0	0	0	0	0	0	0	0	0	0	0	0	0	0
0	SEITcl4peb	21	30	0	30	0	0	0	0	0	0	0	0	0	0	0	0	0	0	0
1	SEITcl4peb	21	30	0	30	0	0	0	0	0	0	0	0	0	0	0	0	0	0	0
0	SEITcl4peb	22	30	0	30	0	0	0	0	0	0	0	0	0	0	0	0	0	0	0
1	SEITcl4peb	22	30	1	30	0	0	0	0	0	0	0	0	0	0	0	0	0	0	0
0	SEITcl4peb	23	30	0	30	0	0	0	0	0	0	0	0	0	0	0	0	0	0	0
1	SEITcl4peb	23	30	0	30	0	0	0	0	0	0	0	0	0	0	0	0	0	0	0
0	SEITcl4peb	24	30	0	30	0	0	0	0	0	0	0	0	0	0	0	0	0	0	0
1	SEITcl4peb	24	30	0	30	0	0	0	0	0	0	0	0	0	0	0	0	0	0	0
0	SEITcl4peb	25	30	0	30	0	0	0	0	0	0	0	0	0	0	0	0	0	0	0
1	SEITcl4peb	25	30	0	30	0	0	0	0	0	0	0	0	0	0	0	0	0	0	0
0	SEITcl4peb	26	30	0	30	0	0	0	0	0	0	0	0	0	0	0	0	0	0	0
1	SEITcl4peb	26	30	0	25	0	0	5	0	0	0	0	0	0	0	0	0	0	0	0
0	SEITcl4peb	27	30	0	25	0	0	5	0	0	0	0	0	0	0	0	0	0	0	0
1	SEITcl4peb	27	30	0	22	0	0	8	0	0	0	0	0	0	0	0	0	0	0	0
0	SEITcl4peb	28	30	0	30	0	0	0	0	0	0	0	0	0	0	0	0	0	0	0
1	SEITcl4peb	28	30	0	24	0	0	6	0	0	0	0	0	0	0	0	0	0	0	0
0	SEITcl4peb	29	30	0	30	0	0	0	0	0	0	0	0	0	0	0	0	0	0	0
1	SEITcl4peb	29	30	0	19	0	0	11	0	0	0	0	0	0	0	0	0	0	0	0
0	SEITcl4peb	30	30	0	30	0	0	0	0	0	0	0	0	0	0	0	0	0	0	0
1	SEITcl4peb	30	30	0	19	0	0	11	0	0	0	0	0	0	0	0	0	0	0	0
0	SEITcl4peb	31	30	0	30	0	0	0	0	0	0	0	0	0	0	0	0	0	0	0
1	SEITcl4peb	31	30	0	17	0	0	13	0	0	0	0	0	0	0	0	0	0	0	0
0	SEITcl4peb	32	30	0	30	0	0	0	0	0	0	0	0	0	0	0	0	0	0	0
1	SEITcl4peb	32	30	0	17	0	0	13	0	0	0	0	0	0	0	0	0	0	0	0
0	SEITcl4peb	33	30	0	30	0	0	0	0	0	0	0	0	0	0	0	0	0	0	0
1	SEITcl4peb	33	30	0	16	0	0	14	0	0	0	0	0	0	0	0	0	0	0	0
0	SEITcl4peb	34	30	0	30	0	0	0	0	0	0	0	0	0	0	0	0	0	0	0
1	SEITcl4peb	34	30	0	16	0	0	14	0	0	0	0	0	0	0	0	0	0	0	0
0	SEITcl4peb	35	30	0	30	0	0	0	0	0	0	0	0	0	0	0	0	0	0	0
1	SEITcl4peb	35	30	0	16	0	0	14	0	0	0	0	0	0	0	0	0	0	0	0
0	SEITcl4peb	36	30	0	30	0	0	0	0	0	0	0	0	0	0	0	0	0	0	0
1	SEITcl4peb	36	30	0	17	0	0	13	0	0	0	0	0	0	0	0	0	0	0	0
0	SEITcl4peb	37	30	0	30	0	0	0	0	0	0	0	0	0	0	0	0	0	0	0
1	SEITcl4peb	37	30	0	19	0	0	11	0	0	0	0	0	0	0	0	0	0	0	0
0	SEITcl4peb	38	30	0	30	0	0	0	0	0	0	0	0	0	0	0	0	0	0	0
1	SEITcl4peb	38	30	0	30	0	0	0	0	0	0	0	0	0	0	0	0	0	0	0
0	SEITcl4peb	39	30	0	30	0	0	0	0	0	0	0	0	0	0	0	0	0	0	0
1	SEITcl4peb	39	30	0	30	0	0	0	0	0	0	0	0	0	0	0	0	0	0	0
0	SEITcl4peb	40	30	0	30	0	0	0	0	0	0	0	0	0	0	0	0	0	0	0
1	SEITcl4peb	40	30	0	30	0	0	0	0	0	0	0	0	0	0	0	0	0	0	0
