scenario	year	period	mean.effects.Inds	mean.effects.abovemass	mean.effects.NPFT	mean.effects.eveness	mean.effects.shannon	mean.effects.simpson	mean.effects.simpsoninv	min.effects.Inds	min.effects.abovemass	min.effects.NPFT	min.effects.eveness	min.effects.shannon	min.effects.simpson	min.effects.simpsoninv	max.effects.Inds	max.effects.abovemass	max.effects.NPFT	max.effects.eveness	max.effects.shannon	max.effects.simpson	max.effects.simpsoninv
0	1	before	1	1	1	1	1	1	1	1.03037974683544	1.02054831547673	1	1.00163303060804	1.00262217198688	1.00025106440323	1.0220248618204	0.954733822123048	0.976250925748971	1	0.997298803882225	0.995671792514595	0.999544538173111	0.961891327494887
1	1	before	0.992536931046161	0.995851577646867	1	0.99981263728392	0.999542631668465	0.999952046525094	0.996181491516808	1.02635597158601	1.01186307543206	1	1.00168585116494	1.00261402331158	1.00026939732608	1.02353401878251	0.947779006811434	0.971663658549454	1	0.994878554277708	0.991775797310432	0.999130337344243	0.929907386723883
0	2	before	1	1	1	1	1	1	1	1.09276019798375	1.07953024771284	1	1.00658827605766	1.01432665486803	1.0017409674762	1.08786028230406	0.863152652040562	0.722210344397684	1	0.991010768274068	0.976076979220854	0.996709091945695	0.851422942061381
1	2	before	1.01716839989235	1.00830371245531	1.00003159557662	0.999126311931512	0.998782004083266	0.999798614012915	0.988564905999022	1.14002965525723	1.11064216546358	1	1.00548514702694	1.01478863295306	1.00140768809403	1.07565149501432	0.834119203789748	0.704007152500137	1	0.986925860058835	0.967439099281132	0.995985042584934	0.818961603856776
0	3	before	1	1	1	1	1	1	1	1.11141839956111	1.07452761002544	1.00189035916824	1.0086676045635	1.02110678857953	1.00270296062254	1.11173244862166	0.849124169252967	0.790377252272466	0.984848484848485	0.988747246740266	0.97682287547168	0.996152306196045	0.856913116426693
1	3	before	1.00797961246402	1.01479095768243	0.999556997255551	0.999505801614668	0.997967072923034	0.99954517544613	0.983464267213079	1.12548481629196	1.10457854928874	1.00189035916824	1.00870039685315	1.02068823325604	1.00223154144786	1.10496869508869	0.835468683325533	0.859896749417787	0.984848484848485	0.982804814359874	0.968370973089145	0.994869574900695	0.824654163836797
0	4	before	1	1	1	1	1	1	1	1.11480737531592	1.08094718501733	1.00189035916824	1.01554696500572	1.02346100433583	1.00390307371037	1.1201817101712	0.838103852903539	0.819020906021062	0.99090118920257	0.979090707003381	0.95811651443221	0.991710743500554	0.808070999324817
1	4	before	1.00010768282523	0.990911921730096	1.00026872916469	0.999326408832756	1.00225143033854	0.999815717104692	0.998533211505472	1.13747669431172	1.07600834905883	1.00189035916824	1.01458180732608	1.02975675689221	1.00419275440763	1.12813940270614	0.839652369513322	0.676227586308437	0.991080277502478	0.960039164527829	0.921555699820198	0.984717597608901	0.693564523915344
0	5	before	1	1	1	1	1	1	1	1.12980278152762	1.07566492483186	1.00569259962049	1.01581955858678	1.02287812524782	1.00405125506967	1.10087342339551	0.807141021410531	0.840141037783553	0.983935742971888	0.976893563452913	0.960445438840203	0.992448902506131	0.848025443810026
1	5	before	0.978860506642234	1.00003940275954	1.0000494253682	0.999025914244247	1.00707401301875	0.999939682544431	1.00415849548181	1.12687192154495	1.08267263787064	1.00569259962049	1.01643042159851	1.04345284206835	1.00493221969471	1.11888536528526	0.764891649059032	0.872329169545832	0.98391674550615	0.95650881342452	0.942458656501745	0.986279716896821	0.7543640778329
0	6	before	1	1	1	1	1	1	1	1.11440883737548	1.06587063488797	1.00283822138127	1.01861295619163	1.02951640345273	1.00441270084151	1.09028251865197	0.823291957174947	0.833434105934724	0.98391674550615	0.977961315581207	0.956029085783865	0.993438636900817	0.881012737390864
1	6	before	0.97915795954764	0.989306229950662	1.00010428721931	0.999285235870491	1.01206422198093	1.00097995094992	1.025467124985	1.12444016482703	1.0679811834311	1.00283822138127	1.0188706750218	1.06334880433637	1.00855434109268	1.19859951485535	0.799505646203484	0.784562590315181	0.98391674550615	0.96743007110119	0.960665325690991	0.990652655722779	0.842011500806978
0	7	before	1	1	1	1	1	1	1	1.10324712411082	1.078665317183	1.00283822138127	1.0153416838038	1.03456306838039	1.00519651572479	1.10077144638341	0.849618383568023	0.787721540776755	0.985781990521327	0.976358391672297	0.951693110769526	0.992316341787113	0.875018863365726
1	7	before	0.971185596703447	0.993749124694976	0.999828738489406	1.00090446984743	1.01541825837213	1.00207915922985	1.04260563013733	1.08525484361522	1.07201591851019	1.00283822138127	1.01823299727374	1.05339837647864	1.00756269668547	1.15544922040545	0.773211810318425	0.767345381417466	0.985735359395948	0.980604440006653	0.969443468957329	0.994108931010814	0.899852495753859
0	8	before	1	1	1	1	1	1	1	1.13516872716513	1.07789521762703	1.00378787878788	1.01945636586834	1.03688230173553	1.00539663965382	1.10114226861767	0.795373516498907	0.764165112177042	0.987654320987654	0.973290832814521	0.945048565563471	0.991699590067918	0.869003537009145
1	8	before	0.99215186019358	1.00077842035968	0.999604259437628	0.994103785742031	1.00458075518322	0.999784650403804	1.00105966298213	1.08990856010646	1.09014613196325	1.00378787878788	1.01609808663062	1.04881813877542	1.00682144323502	1.12991407789025	0.818612345418925	0.687357103989903	0.984848484848485	0.94708103248129	0.922594114216449	0.982673990406215	0.763623577175553
0	9	before	1	1	1	1	1	1	1	1.10735143597365	1.08183157547293	1.00378787878788	1.02331943469431	1.02884155471625	1.0039860696062	1.06905687741655	0.837051711865054	0.806778146347703	0.982963561943625	0.971667301179879	0.943273772295992	0.992239911132159	0.878287013032451
1	9	before	1.01854713257631	1.01640591114881	1.00019390189388	0.997986374219311	1.00013349998271	0.998964975172947	0.989456278085892	1.15728170398468	1.11637451535382	1.00378787878788	1.02595569633097	1.04532695336548	1.0072711887355	1.14222316436	0.840983213429257	0.911352120253591	0.984848484848485	0.959143169495116	0.930073161666824	0.984250709334677	0.785298977710879
0	10	before	1	1	1	1	1	1	1	1.11350236685389	1.07087754729265	1.00856327307326	1.02559002368683	1.0292010246022	1.00433533274654	1.07440650099761	0.83891801598014	0.887076186267162	0.971428571428571	0.974786230759008	0.948946475098862	0.993303301218506	0.89710106923986
1	10	before	1.01592602297325	0.999084356970889	1.00019327029611	0.999319007393288	1.00113727143207	0.99933042007418	0.992893232289492	1.13800297392514	1.07904188362389	1.00856327307326	1.02009554010344	1.03686258293507	1.00458517733456	1.07969736051136	0.861168500474184	0.878625003760691	0.986717267552182	0.968105633828681	0.941795694499342	0.986986588003214	0.814677955025753
0	11	before	1	1	1	1	1	1	1	1.11513169181102	1.06310476760005	1.00473933649289	1.0214759719504	1.03418867987132	1.00480962982678	1.08006114579185	0.835211530023477	0.898584853718171	0.985781990521327	0.971005498842153	0.96263880760027	0.99405683794886	0.910853524250836
1	11	before	0.998662056828337	0.980792874426495	1.00018930806355	0.994342590202066	1.00223865852772	0.999258454308974	0.991979018091086	1.09369145917728	1.0610570259574	1.00473933649289	1.0186462018008	1.03431954996956	1.00494774174346	1.08414807060576	0.854985751860212	0.763963866307615	0.981132075471698	0.949194304030076	0.9307222890588	0.981625258604394	0.767915831116565
0	12	before	1	1	1	1	1	1	1	1.10067112527216	1.07563726596266	1.00760456273764	1.02476736375606	1.03295333663502	1.0049221423142	1.07660714496134	0.860966860346187	0.824075981047492	0.972354623450906	0.949989358747122	0.947263700381268	0.984279128711503	0.801279255603531
1	12	before	1.01604939762181	1.0035529794496	1.00041001984115	0.998744892352387	1.00486166149556	1.00033153582633	1.00544833148991	1.14292499362429	1.0817422584872	1.00760456273764	1.0171967061969	1.03560138181085	1.00563596751984	1.09472678119027	0.838108013010142	0.845640543440566	0.987654320987654	0.957591615234146	0.943515935852454	0.985761931032472	0.812801476191707
0	13	before	1	1	1	1	1	1	1	1.11986797717812	1.09824404247525	1.00569259962049	1.02626739313547	1.03332215896383	1.0063754518635	1.10362463801112	0.813169159679828	0.726234743596434	0.984615384615385	0.959373243127288	0.956061548484842	0.986114982668133	0.816372185399066
1	13	before	1.02397845591987	1.00291399215306	1.00064806910465	1.00630818107398	1.00230005068954	1.00100396840763	1.01349264517575	1.13980328234961	1.08364075373066	1.00952380952381	1.0265382910852	1.03205738898444	1.0057528150385	1.08782684292801	0.849801485184913	0.847252260022943	0.984615384615385	0.968064425482259	0.93706768267105	0.986153888448704	0.823386150792815
0	14	before	1	1	1	1	1	1	1	1.16306714313976	1.11032600442532	1.00473933649289	1.02877524351709	1.03195728332316	1.00603314734936	1.08867026402923	0.789990587869731	0.669442270531265	0.983606557377049	0.918455132872195	0.923130996318837	0.973060092083813	0.707329930761945
1	14	before	1.03511065734235	1.01665508258464	1.00000700243903	1.00464154812446	1.00266926830644	1.00116000662017	1.01242131849704	1.15886262429575	1.09342143124418	1.00473933649289	1.02858228091855	1.03515266636666	1.00643097408388	1.09307504571604	0.855752411810923	0.888407728644958	0.982986767485822	0.967806256787335	0.932129960702604	0.986861855320839	0.822523570180386
0	15	before	1	1	1	1	1	1	1	1.13571228897407	1.0877942841893	1.00283822138127	1.02570724201755	1.03663442632487	1.00598329704616	1.09078504842151	0.814884285499919	0.828628519033006	0.984825191364927	0.948799023921233	0.9207459571733	0.982315274323921	0.779073858231124
1	15	before	1.00849454848813	0.989545033986312	0.999810202746557	1.00054443486968	1.00573325593224	1.00125589498836	1.01571797895517	1.11959280476011	1.07214942791286	1.00283822138127	1.02549637127055	1.03994649624039	1.00701971092963	1.11504541368987	0.846280210818187	0.656921252335828	0.981132075471698	0.964589079806048	0.956666578698679	0.989460819098509	0.861228343630539
0	16	before	1	1	1	1	1	1	1	1.13892094192341	1.08218005009699	1.00473933649289	1.03004869427859	1.03613620333401	1.00626708821316	1.10020881452732	0.776666411819413	0.791378910969994	0.985781990521327	0.959963060205235	0.936510772339331	0.986552974135636	0.826013150160301
1	16	before	0.980654784777266	0.994141650689425	0.999461103321117	1.00067245962691	1.00034794095397	0.999453591584589	0.992530344535296	1.09523360213875	1.07345339839638	1.00298080501464	1.02702571102429	1.04061814656314	1.00712346436497	1.11175215237981	0.775928610454368	0.787335370588879	0.98391674550615	0.953558425493129	0.959040383289692	0.98479804980616	0.809246916340437
0	17	before	1	1	1	1	1	1	1	1.12496088216235	1.07633797841575	1.00569259962049	1.02823651690732	1.03347936164369	1.00562048142088	1.08664638934429	0.846027714961226	0.792734455374754	0.985781990521327	0.965255104455109	0.94043897798413	0.98818455669474	0.84100388717261
1	17	before	1.01179523753376	1.00555042147678	1.00046841625758	0.994951460759947	0.999111372461671	0.999155916358679	0.98799626160473	1.11366755018979	1.07728952563807	1.00856327307326	1.02160988375709	1.03971355013397	1.00691347892393	1.11152986502249	0.880589343841014	0.816135154146592	0.982940400185469	0.957841270007255	0.934138917774854	0.984176257698988	0.807645246596061
0	18	before	1	1	1	1	1	1	1	1.11941458911387	1.09566450356555	1.00664767331434	1.02438029186323	1.03194718363444	1.00659441113677	1.09677851025086	0.775750715082631	0.675613105775745	0.982986767485822	0.936902092320627	0.93463236670246	0.9709748834339	0.694222063676017
1	18	before	1.02100782584711	1.01770864376671	1.0007078360833	1.0026442977265	1.00314495928603	1.00087892920819	1.00459091587603	1.15074242711069	1.10747935422766	1.00664767331434	1.02119908222529	1.03592136866769	1.0064747674428	1.09502496045683	0.848992883849958	0.906719439401689	0.987607512725996	0.971638364955385	0.966200690193659	0.992748592142109	0.895239848509603
0	19	before	1	1	1	1	1	1	1	1.1219946571683	1.07112671892962	1.00283822138127	1.02729737895789	1.029268283111	1.00548139336294	1.08581105495391	0.81734053101245	0.866764173977509	0.985781990521327	0.94552870703601	0.960158417658965	0.988702965351934	0.850860321043148
1	19	before	1.01416555403146	0.991021670922211	0.998725174071928	1.00321497460055	1.00356655186961	1.00071631697945	1.00950086659101	1.15159888826931	1.08697757026438	1.00283822138127	1.02533019076247	1.03520798313399	1.00624809793512	1.09921942492816	0.798268931159289	0.681857366849286	0.981132075471698	0.97598272756808	0.965984475436338	0.99205437655027	0.888159869732991
0	20	before	1	1	1	1	1	1	1	1.11952493750794	1.07865900363349	1.00378787878788	1.02739721644968	1.02741387525221	1.00424487888774	1.06651793085834	0.786575646760462	0.833663550136126	0.986717267552182	0.966883259988666	0.965417791381321	0.99507638236549	0.927943504473806
1	20	before	1.0007695241408	0.998699723790024	0.999988292669023	0.998927237770116	1.0049854670213	1.00036884275541	1.00653656333717	1.10830032863292	1.07389025094196	1.00378787878788	1.02182086199737	1.03579614597399	1.00665933154023	1.10534499430518	0.793220990438775	0.771672088642677	0.984848484848485	0.972280561983766	0.975442621941026	0.992897881046644	0.904905550470036
0	21	before	1	1	1	1	1	1	1	1.10169432065801	1.07625514613813	1.00283822138127	1.02454811887778	1.03042575891698	1.00437788378397	1.06531363063812	0.859624641408177	0.840311869976447	0.98391674550615	0.974357816057674	0.933694939674544	0.985440660555782	0.821161195726728
1	21	before	0.995746758912035	1.0045687725825	0.999951814232369	1.00421615967772	1.0103000408065	1.00181899989446	1.02671154777213	1.12678074175713	1.08548678422728	1.00283822138127	1.02808435434712	1.04258066537102	1.00784637471303	1.1247103523548	0.823311751017286	0.761841728733264	0.984848484848485	0.97758006140973	0.979232900438753	0.996601271454731	0.949425237930658
0	22	before	1	1	1	1	1	1	1	1.10884528674088	1.07893351120316	1.00189035916824	1.0214488971401	1.02905812481295	1.00475147632898	1.07449639084113	0.838576214546005	0.845038437586264	0.98391674550615	0.976814943044596	0.959999736511605	0.993392492061503	0.907135715679774
1	22	before	0.991526320668949	0.997829063445272	0.999679215970338	1.00326229853253	1.01204411196783	1.0021251206676	1.03231286431042	1.12188259092455	1.0837213334973	1.00189035916824	1.02774206761569	1.03711464168483	1.00670121724373	1.11022966077983	0.76878584054065	0.788016218324898	0.983893496055642	0.971929729073146	0.972225016135941	0.995361191246318	0.930917931512566
0	23	before	1	1	1	1	1	1	1	1.13403911210075	1.09681716776304	1.00283822138127	1.02034524044801	1.03198861018209	1.0051442554715	1.07627666034567	0.82120194102277	0.638013972952117	0.984848484848485	0.965861013252492	0.961755714860088	0.993300676509712	0.904088221329371
1	23	before	0.980931846710975	1.01823073028259	0.999498231929776	1.00796124659972	1.01539871065132	1.0025345439794	1.0387548192612	1.08190210634018	1.10245331237171	1.00283822138127	1.03617657418488	1.04027965053506	1.00646171936515	1.10463264778653	0.787517988568728	0.792991543983241	0.98391674550615	0.978934679371055	0.977653322390481	0.995591251588677	0.934939812107173
0	24	before	1	1	1	1	1	1	1	1.12301489384492	1.07178364272924	1.00283822138127	1.02399295726898	1.03553985219029	1.00592468529412	1.08935612898537	0.868370222131706	0.877459109074277	0.98391674550615	0.963232173963767	0.92695341357234	0.979614954901338	0.76792159241142
1	24	before	0.977140158023578	0.996858928896193	1.0001541245273	1.00463595324358	1.01558636912616	1.00237268462493	1.03605994087899	1.0821444182906	1.07877575349255	1.00283822138127	1.02880681105275	1.04539314465903	1.00744451912783	1.11752102069798	0.835985721722317	0.850750413576245	0.98391674550615	0.962048034316269	0.934144601482862	0.984863524414838	0.813587307497066
0	25	before	1	1	1	1	1	1	1	1.10814040342324	1.08022891570631	1.00189035916824	1.01740058183226	1.03095735374354	1.00594591971693	1.0893424843965	0.826806588388781	0.712906076243166	1	0.976460312892658	0.958530159722708	0.988711887834707	0.862786099250433
1	25	before	0.973063765844206	1.00312307879436	0.999888151725985	1.00586759732191	1.0219720095242	1.00330490555659	1.04974673626628	1.08295969839663	1.09676730898659	1.00101524247114	1.02677372634333	1.05822142249006	1.0087436732391	1.1403832364651	0.820208260789883	0.67096620370676	0.982986767485822	0.975434306236235	0.960382514535835	0.992946884486932	0.902294440740764
0	26	during	1	1	1	1	1	1	1	1.142037187581	1.10211120735212	1.00378787878788	1.02262798333726	1.02655606206234	1.0045367975898	1.06288524121839	0.817540762383307	0.610930010734222	0.984848484848485	0.956046172203484	0.961777681041673	0.984403506041985	0.811311911240449
1	26	during	0.866311626199471	0.933526288927452	1.00100533739761	0.996798671814314	0.992854473474306	0.995472391735224	0.943802537870595	1.04336426730149	1.07742548905727	1.00378787878788	1.02786772489735	1.03144128021293	1.00386556109071	1.05501066931791	0.507848837934599	0.467858455188768	1	0.95793409862959	0.937180236747852	0.978179195759459	0.768961377076876
0	27	during	1	1	1	1	1	1	1	1.11791581369698	1.09713280342594	1.00283822138127	1.02635211669016	1.03809519936473	1.00531535566463	1.07635159289197	0.830905517321079	0.717435297771863	0.985781990521327	0.957805268811398	0.938648499409513	0.986791897915827	0.836351080814511
1	27	during	0.882448837907261	0.933733837093193	1.00151772749224	0.974367517721786	0.957876158712534	0.982888326111898	0.824342276427408	1.06197964847363	1.05790011594474	1.00473933649289	1.01215745994043	1.02116812433459	1.00015031845046	0.99795216642821	0.536371362926566	0.516385044217122	1	0.895682569581083	0.860165497447339	0.93363953118985	0.534057543501111
0	28	during	1	1	1	1	1	1	1	1.11644755552707	1.10309165451322	1.00664767331434	1.02991784024222	1.03859086738191	1.00653341099205	1.09177183674463	0.721166587178737	0.644548411106169	0.985688904403242	0.952213128409467	0.947327508249317	0.984437537176055	0.82181786732984
1	28	during	0.911494770540686	0.960971033891346	1.00244399257115	0.978435667057617	0.954126623722179	0.983479726360314	0.827879828875631	1.12818796927679	1.11046952549672	1.00664767331434	1.03033141893617	1.02513231098281	1.00142918882552	1.01161489072744	0.542183748023104	0.551716535091561	1	0.918508232887136	0.873300304254456	0.950756295220849	0.600240828542825
0	29	during	1	1	1	1	1	1	1	1.11532625189681	1.09754629471603	1.00283822138127	1.03003242944493	1.03467521109824	1.0055826098667	1.08692979205133	0.819395839076815	0.849622957853693	0.98391674550615	0.966760883806607	0.956905466113891	0.990624208824162	0.880166839954591
1	29	during	0.883666861822145	0.919949494696424	1.00209054294295	0.970450831194144	0.948333615801485	0.981851670284864	0.809447334850661	1.06288890508316	1.04630021457018	1.00378787878788	1.01266105805392	1.01748006652603	0.998152864541956	0.972216927491969	0.536375546631149	0.536419627029003	1	0.914771403085786	0.874066004897061	0.956123840205319	0.617006261834961
0	30	during	1	1	1	1	1	1	1	1.12570686325271	1.10362518137115	1.00664767331434	1.02575649626786	1.03367903764624	1.00548301290969	1.08279933470321	0.809645495992965	0.835290726796214	0.987654320987654	0.967491051370404	0.963895224580605	0.992766651784711	0.898499389419666
1	30	during	0.86980313738835	0.935977482727331	1.00168215472458	0.970362407037523	0.942772801000831	0.980894531136378	0.804359590534367	1.0670622045731	1.04306276329368	1.00664767331434	1.01087612143249	1.01739653486257	1.00041633609821	1.00022994400572	0.542814480078779	0.591059309044434	0.999772497472194	0.903657632578658	0.871206169203034	0.948100169122671	0.580739775912021
0	31	during	1	1	1	1	1	1	1	1.09877704609596	1.08514513093956	1.00283822138127	1.02689269956191	1.03235757061756	1.00596309008835	1.08383088202721	0.864197598226726	0.81153898816105	0.984848484848485	0.932528138844849	0.949257561876504	0.976674459473088	0.743685898603487
1	31	during	0.865578205424786	0.931094490842674	1.00149195663933	0.975319338597031	0.941092902017778	0.982320917324874	0.809924584486229	1.05012875571704	1.06403699220311	1.00378787878788	1.01105297035485	1.00875648779938	0.999125131618325	0.978006002971983	0.553824515562155	0.57258439338449	1	0.914917644350516	0.86458086600001	0.956345859356462	0.618222416823191
0	32	during	1	1	1	1	1	1	1	1.10618436380816	1.08470240107768	1.00569259962049	1.0332256149009	1.02859605981867	1.00696718416392	1.10750053610623	0.844706272292634	0.794387491788027	0.985781990521327	0.945793563962324	0.95797444443097	0.98676693310521	0.833765898454913
1	32	during	0.872612617221535	0.940779223482193	1.00242403767187	0.976469793807232	0.937053119003051	0.982173379638372	0.811630243610763	1.08194492175248	1.05711043730721	1.00664767331434	1.01693390248359	1.00192351818886	0.999155085489711	0.981124713867763	0.539283461005816	0.580340093975	1	0.916399392836461	0.84481129391146	0.953309036252394	0.605783574794952
0	33	during	1	1	1	1	1	1	1	1.13405967647639	1.07856575124064	1.00283822138127	1.0265452280422	1.02588782354877	1.00436728410873	1.0669786606875	0.867440505468831	0.875642603683143	0.98391674550615	0.965270972838816	0.971645150211033	0.994176861009045	0.918560333812939
1	33	during	0.848243376910092	0.92782382403785	1.00131098570442	0.977392002866316	0.93518386061401	0.98124520273506	0.805045031608777	1.07291448168203	1.04850231793979	1.00473933649289	1.02310771333259	1.01013181109313	0.999892391369828	0.99691268271485	0.530294547630926	0.63099375197724	0.987654320987654	0.923438382765712	0.846454738368932	0.95662119058975	0.619549292907511
0	34	during	1	1	1	1	1	1	1	1.09996183805868	1.06974324795612	1.00283822138127	1.02343696704406	1.02585396411136	1.00336826060146	1.05223767592355	0.814659117360544	0.813173581579648	0.98391674550615	0.969561922188499	0.970124439965708	0.995770369235261	0.938369612920331
1	34	during	0.846308301462056	0.929035912395743	1.00177340531717	0.970686803495439	0.936361182668346	0.981183007716383	0.802564200290149	1.04706113835382	1.0522271729865	1.00378787878788	1.00936742523729	1.01055850061681	0.999584921584121	0.993676926025338	0.551019027262829	0.607911321458041	1	0.919439014493535	0.848819384080839	0.957517354166533	0.619118743140551
0	35	during	1	1	1	1	1	1	1	1.11350403461596	1.06979402193024	1.00569259962049	1.02697900322992	1.02308606978509	1.00358146975138	1.05641338153963	0.809704280929941	0.856582982387024	0.981746625879211	0.967107163818801	0.970099931660052	0.995869713685005	0.940380886744245
1	35	during	0.849165861167781	0.938722520668415	1.00209620853862	0.974903839725465	0.93848206618868	0.982063770538236	0.811647579533864	1.04044722329722	1.03877836732397	1.00760456273764	1.01458142673472	1.01112121317962	1.00060161826856	1.00830859679974	0.550390860277188	0.660300280300882	1	0.918195743236859	0.85478583020153	0.959451543391566	0.635047098312403
0	36	after	1	1	1	1	1	1	1	1.0895651042637	1.08418150074765	1.00671944002109	1.02631175726148	1.0325216180615	1.00485063569812	1.07719503206095	0.865434977665398	0.654094275511471	0.987654320987654	0.969940451671314	0.960788046927823	0.994134290248581	0.91646312517925
1	36	after	0.922221569216117	0.993624090313031	1.00082123688433	0.977008186221705	0.961444056563219	0.989100990086868	0.874187948148874	1.11724116659919	1.11299547836621	1.00760456273764	1.01485940715034	1.01302849765439	1.00224457012345	1.03109081285433	0.6982377865564	0.787615719114653	0.9895337773549	0.925530813455316	0.863392978985646	0.965633026483405	0.661728714512862
0	37	after	1	1	1	1	1	1	1	1.13112540106182	1.09742296441949	1.00569259962049	1.03034842314224	1.04100969746706	1.00648699830196	1.0934829895048	0.803565357090697	0.840986073270093	0.986647254501031	0.949793687364204	0.931265043596192	0.985932739449327	0.826625016084947
1	37	after	0.936607457605551	0.972066879470156	1.00064544685978	0.979263123455276	0.976541095821288	0.991596777628815	0.911753506474617	1.12903752398321	1.084575640192	1.00856327307326	1.02098519253395	1.0311266834667	1.00642459673385	1.09648303043403	0.68404601363444	0.6860375073304	0.9895337773549	0.899044775804858	0.87448927686127	0.933727682528592	0.529690969187515
0	38	after	1	1	1	1	1	1	1	1.10659113614164	1.07111889575504	1.00378787878788	1.02822718505395	1.04876943923546	1.00755061778753	1.11870639843545	0.817252425773736	0.863302920184537	0.983870290513444	0.958981858407004	0.934974669624536	0.985643714779106	0.825495958836424
1	38	after	0.953927691369958	0.992991661753356	0.99953649378051	0.981751469929254	0.982651492316756	0.994555689656349	0.928570897631313	1.11816559381905	1.07669631036765	1.00378787878788	1.01596020501376	1.02620827608623	1.00546992707337	1.08047572204911	0.706039587201122	0.802399842474785	0.982852016832281	0.945748267674985	0.904121817974808	0.980142286758164	0.77173560172368
0	39	after	1	1	1	1	1	1	1	1.1554069263787	1.08887274221536	1.00664767331434	1.02397699847843	1.04269869735962	1.00693732844984	1.11146380344229	0.798413398500198	0.815412306142433	0.986717267552182	0.959643990307591	0.94416766656884	0.987817870500167	0.838577083489636
1	39	after	0.966242379771585	0.974744595378131	1.00082746142614	0.986541561507997	0.982659303572953	0.995004926291449	0.933099295771024	1.11904100171388	1.07548556217581	1.00664767331434	1.02005490414109	1.01709481312522	1.00275250943684	1.03449429690938	0.785502565813747	0.632783830711417	0.987654320987654	0.944824227525206	0.925387606384556	0.981619058672406	0.781906903909257
0	40	after	1	1	1	1	1	1	1	1.13518532359687	1.09965410444759	1.00856327307326	1.02348618151663	1.03916133357485	1.00578328590217	1.09168485972	0.816784844778151	0.72955534012137	0.987607512725996	0.958657259226661	0.952653428153073	0.989868532542512	0.860457255811758
1	40	after	0.972826209005362	0.980881907202238	1.00004081270096	0.98079082609442	0.977952476776123	0.993600595549647	0.915620399449291	1.18214344237708	1.11515716668439	1.00856327307326	1.00721643136672	1.02049330126921	1.0012860084114	1.01340160886251	0.726318856457719	0.723673115092871	0.970504281636537	0.93161309299826	0.894899537043392	0.976582869404561	0.742639573360011
