Herbicide scenario	PFT	year	mean.10	min.10	max.10	mean.10_20	min.10_20	max.10_20	mean.20_30	min.20_30	max.20_30	mean.30_40	min.30_40	max.30_40	mean.40_50	min.40_50	max.40_50	mean.50	min.50	max.50
0	MECIcl3plb	1	30	5	5	0	0	1	0	0	18	0	0	6	0	0	0	0	0	0
1	MECIcl3plb	1	30	5	5	0	0	0	0	0	20	0	0	4	0	0	1	0	0	0
0	MECIcl3plb	2	30	0	0	0	0	0	0	0	5	0	0	13	0	0	10	0	0	2
1	MECIcl3plb	2	13	0	0	15	0	0	2	0	4	0	0	3	0	0	5	0	0	18
0	MECIcl3plb	3	30	0	0	0	0	0	0	0	0	0	0	0	0	0	2	0	0	28
1	MECIcl3plb	3	5	0	0	25	0	0	0	0	0	0	0	0	0	0	0	0	0	30
0	MECIcl3plb	4	30	0	0	0	0	0	0	0	0	0	0	0	0	0	0	0	0	30
1	MECIcl3plb	4	4	2	0	2	0	0	12	0	0	8	0	0	4	0	0	0	0	30
0	MECIcl3plb	5	30	0	0	0	0	0	0	0	0	0	0	0	0	0	0	0	0	30
1	MECIcl3plb	5	0	2	0	0	0	0	0	0	0	20	0	0	10	0	0	0	0	30
0	MECIcl3plb	6	30	0	0	0	0	0	0	0	0	0	0	0	0	0	0	0	0	30
1	MECIcl3plb	6	0	0	0	3	0	0	20	0	0	6	0	0	1	0	0	0	0	30
0	MECIcl3plb	7	30	0	0	0	0	0	0	0	0	0	0	0	0	0	0	0	0	30
1	MECIcl3plb	7	6	0	0	15	0	0	9	0	0	0	0	0	0	0	0	0	0	30
0	MECIcl3plb	8	30	0	0	0	0	0	0	0	0	0	0	0	0	0	0	0	0	30
1	MECIcl3plb	8	7	0	0	20	0	0	3	0	0	0	0	0	0	0	0	0	0	30
0	MECIcl3plb	9	30	0	0	0	0	0	0	0	0	0	0	0	0	0	0	0	0	30
1	MECIcl3plb	9	14	0	0	16	0	0	0	0	0	0	0	0	0	0	0	0	0	30
0	MECIcl3plb	10	30	0	0	0	0	0	0	0	0	0	0	0	0	0	0	0	0	30
1	MECIcl3plb	10	0	0	0	12	0	0	18	0	0	0	0	0	0	0	0	0	0	30
0	MECIcl3plb	11	30	0	0	0	0	0	0	0	0	0	0	0	0	0	0	0	0	30
1	MECIcl3plb	11	0	0	0	5	0	0	18	0	0	7	0	0	0	0	0	0	0	30
0	MECIcl3plb	12	30	0	0	0	0	0	0	0	0	0	0	0	0	0	0	0	0	30
1	MECIcl3plb	12	6	0	0	4	0	0	15	0	0	2	0	0	3	0	0	0	0	30
0	MECIcl3plb	13	30	0	0	0	0	0	0	0	0	0	0	0	0	0	0	0	0	30
1	MECIcl3plb	13	13	0	0	5	0	0	4	0	0	5	0	0	3	0	0	0	0	30
0	MECIcl3plb	14	30	0	0	0	0	0	0	0	0	0	0	0	0	0	0	0	0	30
1	MECIcl3plb	14	13	0	0	13	0	0	4	0	0	0	0	0	0	0	0	0	0	30
0	MECIcl3plb	15	30	0	0	0	0	0	0	0	0	0	0	0	0	0	0	0	0	30
1	MECIcl3plb	15	4	0	0	15	0	0	11	0	0	0	0	0	0	0	0	0	0	30
0	MECIcl3plb	16	30	0	0	0	0	0	0	0	0	0	0	0	0	0	2	0	0	28
1	MECIcl3plb	16	17	0	0	7	0	0	3	0	0	3	0	0	0	0	2	0	0	28
0	MECIcl3plb	17	30	0	0	0	0	0	0	0	0	0	0	2	0	0	2	0	0	26
1	MECIcl3plb	17	30	0	0	0	0	0	0	0	0	0	0	2	0	0	2	0	0	26
0	MECIcl3plb	18	30	0	0	0	0	0	0	0	0	0	0	3	0	0	1	0	0	26
1	MECIcl3plb	18	30	0	0	0	0	0	0	0	0	0	0	3	0	0	1	0	0	26
0	MECIcl3plb	19	30	0	0	0	0	0	0	0	0	0	0	3	0	0	2	0	0	25
1	MECIcl3plb	19	30	0	0	0	0	0	0	0	0	0	0	3	0	0	2	0	0	25
0	MECIcl3plb	20	30	0	0	0	0	0	0	0	0	0	0	0	0	0	0	0	0	30
1	MECIcl3plb	20	30	0	0	0	0	0	0	0	0	0	0	0	0	0	0	0	0	30
0	MECIcl3plb	21	30	0	0	0	0	0	0	0	0	0	0	0	0	0	1	0	0	29
1	MECIcl3plb	21	30	0	0	0	0	0	0	0	0	0	0	0	0	0	1	0	0	29
0	MECIcl3plb	22	30	0	0	0	0	0	0	0	0	0	0	1	0	0	3	0	0	26
1	MECIcl3plb	22	30	0	0	0	0	0	0	0	0	0	0	1	0	0	3	0	0	26
0	MECIcl3plb	23	30	0	0	0	0	0	0	0	0	0	0	0	0	0	5	0	0	25
1	MECIcl3plb	23	30	0	0	0	0	0	0	0	0	0	0	0	0	0	5	0	0	25
0	MECIcl3plb	24	30	0	0	0	0	0	0	0	0	0	0	4	0	0	2	0	0	24
1	MECIcl3plb	24	30	0	0	0	0	0	0	0	0	0	0	4	0	0	2	0	0	24
0	MECIcl3plb	25	30	0	0	0	0	0	0	0	0	0	0	1	0	0	3	0	0	26
1	MECIcl3plb	25	30	0	0	0	0	0	0	0	0	0	0	1	0	0	3	0	0	26
0	MECIcl3plb	26	30	0	0	0	0	0	0	0	0	0	0	4	0	0	2	0	0	24
1	MECIcl3plb	26	1	0	0	8	0	0	12	0	0	5	0	4	2	0	2	2	0	24
0	MECIcl3plb	27	30	0	0	0	0	0	0	0	3	0	0	4	0	0	1	0	0	22
1	MECIcl3plb	27	7	0	0	1	3	0	3	1	3	14	0	4	2	0	1	3	0	22
0	MECIcl3plb	28	30	0	0	0	0	0	0	0	0	0	0	1	0	0	5	0	0	24
1	MECIcl3plb	28	0	4	0	0	4	0	0	4	0	2	2	1	10	1	5	18	2	24
0	MECIcl3plb	29	30	0	0	0	0	0	0	0	0	0	0	0	0	0	3	0	0	27
1	MECIcl3plb	29	0	4	0	0	4	0	0	5	0	3	3	0	4	3	3	23	5	27
0	MECIcl3plb	30	30	0	0	0	0	0	0	0	0	0	0	2	0	0	2	0	0	26
1	MECIcl3plb	30	0	4	0	0	4	0	3	3	0	6	0	2	11	1	2	10	0	26
0	MECIcl3plb	31	30	0	0	0	0	0	0	0	0	0	0	0	0	0	4	0	0	26
1	MECIcl3plb	31	0	3	0	0	1	0	1	4	0	8	4	0	10	6	4	11	2	26
0	MECIcl3plb	32	30	0	0	0	0	0	0	0	0	0	0	0	0	0	0	0	0	30
1	MECIcl3plb	32	0	2	0	0	6	0	0	11	0	0	5	0	25	4	0	5	0	30
0	MECIcl3plb	33	30	0	0	0	0	0	0	0	0	0	0	0	0	0	2	0	0	28
1	MECIcl3plb	33	0	5	0	0	0	0	2	0	0	21	0	0	5	0	2	2	0	28
0	MECIcl3plb	34	30	0	0	0	0	0	0	0	0	0	0	1	0	0	3	0	0	26
1	MECIcl3plb	34	8	0	0	7	0	0	4	0	0	10	0	1	1	0	3	0	0	26
0	MECIcl3plb	35	30	0	0	0	0	0	0	0	0	0	0	0	0	0	4	0	0	26
1	MECIcl3plb	35	28	0	0	2	0	0	0	0	0	0	0	0	0	0	4	0	0	26
0	MECIcl3plb	36	30	0	0	0	0	0	0	0	0	0	0	1	0	0	6	0	0	23
1	MECIcl3plb	36	30	0	0	0	0	0	0	0	0	0	0	1	0	0	6	0	0	23
0	MECIcl3plb	37	30	0	0	0	0	0	0	0	0	0	0	0	0	0	4	0	0	26
1	MECIcl3plb	37	30	0	0	0	0	0	0	0	0	0	0	0	0	0	4	0	0	26
0	MECIcl3plb	38	30	0	0	0	0	0	0	0	0	0	0	0	0	0	2	0	0	28
1	MECIcl3plb	38	30	0	0	0	0	0	0	0	0	0	0	0	0	0	2	0	0	28
0	MECIcl3plb	39	30	0	0	0	0	0	0	0	0	0	0	0	0	0	4	0	0	26
1	MECIcl3plb	39	30	0	0	0	0	0	0	0	0	0	0	0	0	0	4	0	0	26
0	MECIcl3plb	40	30	0	0	0	0	0	0	0	0	0	0	2	0	0	2	0	0	26
1	MECIcl3plb	40	30	0	0	0	0	0	0	0	0	0	0	2	0	0	2	0	0	26
0	MECIcl4plb	1	30	5	5	0	0	9	0	0	16	0	0	0	0	0	0	0	0	0
1	MECIcl4plb	1	26	5	5	4	0	2	0	0	14	0	0	9	0	0	0	0	0	0
0	MECIcl4plb	2	30	0	0	0	0	1	0	0	6	0	0	12	0	0	6	0	0	5
1	MECIcl4plb	2	13	0	0	16	0	0	1	0	0	0	0	2	0	0	6	0	0	22
0	MECIcl4plb	3	30	0	0	0	0	0	0	0	0	0	0	0	0	0	2	0	0	28
1	MECIcl4plb	3	3	0	0	20	0	0	7	0	0	0	0	0	0	0	0	0	0	30
0	MECIcl4plb	4	30	0	0	0	0	0	0	0	0	0	0	0	0	0	0	0	0	30
1	MECIcl4plb	4	0	0	0	4	0	0	20	0	0	6	0	0	0	0	0	0	0	30
0	MECIcl4plb	5	30	0	0	0	0	0	0	0	0	0	0	0	0	0	0	0	0	30
1	MECIcl4plb	5	20	0	0	4	0	0	6	0	0	0	0	0	0	0	0	0	0	30
0	MECIcl4plb	6	30	0	0	0	0	0	0	0	0	0	0	0	0	0	0	0	0	30
1	MECIcl4plb	6	30	0	0	0	0	0	0	0	0	0	0	0	0	0	0	0	0	30
0	MECIcl4plb	7	30	0	0	0	0	0	0	0	0	0	0	0	0	0	0	0	0	30
1	MECIcl4plb	7	30	0	0	0	0	0	0	0	0	0	0	0	0	0	0	0	0	30
0	MECIcl4plb	8	30	0	0	0	0	0	0	0	0	0	0	0	0	0	0	0	0	30
1	MECIcl4plb	8	30	0	0	0	0	0	0	0	0	0	0	0	0	0	0	0	0	30
0	MECIcl4plb	9	30	0	0	0	0	0	0	0	0	0	0	0	0	0	0	0	0	30
1	MECIcl4plb	9	30	0	0	0	0	0	0	0	0	0	0	0	0	0	0	0	0	30
0	MECIcl4plb	10	30	0	0	0	0	0	0	0	0	0	0	0	0	0	0	0	0	30
1	MECIcl4plb	10	30	0	0	0	0	0	0	0	0	0	0	0	0	0	0	0	0	30
0	MECIcl4plb	11	30	0	0	0	0	0	0	0	0	0	0	0	0	0	0	0	0	30
1	MECIcl4plb	11	30	0	0	0	0	0	0	0	0	0	0	0	0	0	0	0	0	30
0	MECIcl4plb	12	30	0	0	0	0	0	0	0	0	0	0	0	0	0	0	0	0	30
1	MECIcl4plb	12	30	0	0	0	0	0	0	0	0	0	0	0	0	0	0	0	0	30
0	MECIcl4plb	13	30	0	0	0	0	0	0	0	0	0	0	0	0	0	0	0	0	30
1	MECIcl4plb	13	29	0	0	1	0	0	0	0	0	0	0	0	0	0	0	0	0	30
0	MECIcl4plb	14	30	0	0	0	0	0	0	0	0	0	0	0	0	0	0	0	0	30
1	MECIcl4plb	14	30	0	0	0	0	0	0	0	0	0	0	0	0	0	0	0	0	30
0	MECIcl4plb	15	30	0	0	0	0	0	0	0	0	0	0	0	0	0	0	0	0	30
1	MECIcl4plb	15	29	0	0	1	0	0	0	0	0	0	0	0	0	0	0	0	0	30
0	MECIcl4plb	16	30	0	0	0	0	0	0	0	0	0	0	0	0	0	1	0	0	29
1	MECIcl4plb	16	30	0	0	0	0	0	0	0	0	0	0	0	0	0	1	0	0	29
0	MECIcl4plb	17	30	0	0	0	0	0	0	0	0	0	0	0	0	0	0	0	0	30
1	MECIcl4plb	17	30	0	0	0	0	0	0	0	0	0	0	0	0	0	0	0	0	30
0	MECIcl4plb	18	30	0	0	0	0	0	0	0	0	0	0	0	0	0	0	0	0	30
1	MECIcl4plb	18	30	0	0	0	0	0	0	0	0	0	0	0	0	0	0	0	0	30
0	MECIcl4plb	19	30	0	0	0	0	0	0	0	0	0	0	0	0	0	1	0	0	29
1	MECIcl4plb	19	30	0	0	0	0	0	0	0	0	0	0	0	0	0	1	0	0	29
0	MECIcl4plb	20	30	0	0	0	0	0	0	0	0	0	0	0	0	0	0	0	0	30
1	MECIcl4plb	20	30	0	0	0	0	0	0	0	0	0	0	0	0	0	0	0	0	30
0	MECIcl4plb	21	30	0	0	0	0	0	0	0	0	0	0	0	0	0	3	0	0	27
1	MECIcl4plb	21	30	0	0	0	0	0	0	0	0	0	0	0	0	0	3	0	0	27
0	MECIcl4plb	22	30	0	0	0	0	0	0	0	0	0	0	2	0	0	2	0	0	26
1	MECIcl4plb	22	30	0	0	0	0	0	0	0	0	0	0	2	0	0	2	0	0	26
0	MECIcl4plb	23	30	0	0	0	0	4	0	0	2	0	0	1	0	0	2	0	0	21
1	MECIcl4plb	23	30	0	0	0	0	4	0	0	2	0	0	1	0	0	2	0	0	21
0	MECIcl4plb	24	30	0	0	0	0	0	0	0	4	0	0	5	0	0	2	0	0	19
1	MECIcl4plb	24	30	0	0	0	0	0	0	0	4	0	0	5	0	0	2	0	0	19
0	MECIcl4plb	25	30	0	0	0	0	0	0	0	0	0	0	4	0	0	3	0	0	23
1	MECIcl4plb	25	30	0	0	0	0	0	0	0	0	0	0	4	0	0	3	0	0	23
0	MECIcl4plb	26	30	0	0	0	0	0	0	0	0	0	0	0	0	0	5	0	0	25
1	MECIcl4plb	26	28	0	0	2	0	0	0	0	0	0	0	0	0	0	5	0	0	25
0	MECIcl4plb	27	30	0	0	0	0	0	0	0	0	0	0	0	0	0	4	0	0	26
1	MECIcl4plb	27	30	0	0	0	0	0	0	0	0	0	0	0	0	0	4	0	0	26
0	MECIcl4plb	28	30	0	0	0	0	0	0	0	0	0	0	0	0	0	1	0	0	29
1	MECIcl4plb	28	30	0	0	0	0	0	0	0	0	0	0	0	0	0	1	0	0	29
0	MECIcl4plb	29	30	0	0	0	0	0	0	0	0	0	0	0	0	0	1	0	0	29
1	MECIcl4plb	29	30	0	0	0	0	0	0	0	0	0	0	0	0	0	1	0	0	29
0	MECIcl4plb	30	30	0	0	0	0	0	0	0	0	0	0	0	0	0	2	0	0	28
1	MECIcl4plb	30	30	0	0	0	0	0	0	0	0	0	0	0	0	0	2	0	0	28
0	MECIcl4plb	31	30	0	0	0	0	0	0	0	0	0	0	0	0	0	2	0	0	28
1	MECIcl4plb	31	30	0	0	0	0	0	0	0	0	0	0	0	0	0	2	0	0	28
0	MECIcl4plb	32	30	0	0	0	0	0	0	0	0	0	0	0	0	0	1	0	0	29
1	MECIcl4plb	32	30	0	0	0	0	0	0	0	0	0	0	0	0	0	1	0	0	29
0	MECIcl4plb	33	30	0	0	0	0	0	0	0	0	0	0	0	0	0	2	0	0	28
1	MECIcl4plb	33	30	0	0	0	0	0	0	0	0	0	0	0	0	0	2	0	0	28
0	MECIcl4plb	34	30	0	0	0	0	0	0	0	0	0	0	0	0	0	3	0	0	27
1	MECIcl4plb	34	30	0	0	0	0	0	0	0	0	0	0	0	0	0	3	0	0	27
0	MECIcl4plb	35	30	0	0	0	0	0	0	0	0	0	0	0	0	0	0	0	0	30
1	MECIcl4plb	35	30	0	0	0	0	0	0	0	0	0	0	0	0	0	0	0	0	30
0	MECIcl4plb	36	30	0	0	0	0	0	0	0	0	0	0	0	0	0	1	0	0	29
1	MECIcl4plb	36	30	0	0	0	0	0	0	0	0	0	0	0	0	0	1	0	0	29
0	MECIcl4plb	37	30	0	0	0	0	0	0	0	0	0	0	1	0	0	4	0	0	25
1	MECIcl4plb	37	30	0	0	0	0	0	0	0	0	0	0	1	0	0	4	0	0	25
0	MECIcl4plb	38	30	0	0	0	0	0	0	0	0	0	0	0	0	0	3	0	0	27
1	MECIcl4plb	38	30	0	0	0	0	0	0	0	0	0	0	0	0	0	3	0	0	27
0	MECIcl4plb	39	30	0	0	0	0	0	0	0	0	0	0	0	0	0	0	0	0	30
1	MECIcl4plb	39	30	0	0	0	0	0	0	0	0	0	0	0	0	0	0	0	0	30
0	MECIcl4plb	40	30	0	0	0	0	0	0	0	0	0	0	0	0	0	0	0	0	30
1	MECIcl4plb	40	30	0	0	0	0	0	0	0	0	0	0	0	0	0	0	0	0	30
0	MECTcl3peb	1	30	5	5	0	0	0	0	0	12	0	0	12	0	0	1	0	0	0
1	MECTcl3peb	1	30	5	5	0	0	0	0	0	3	0	0	22	0	0	0	0	0	0
0	MECTcl3peb	2	30	0	0	0	0	0	0	0	1	0	0	4	0	0	7	0	0	18
1	MECTcl3peb	2	27	0	0	3	0	0	0	0	0	0	0	3	0	0	9	0	0	18
0	MECTcl3peb	3	30	0	0	0	0	0	0	0	0	0	0	0	0	0	16	0	0	14
1	MECTcl3peb	3	17	0	0	13	0	0	0	0	0	0	0	0	0	0	0	0	0	30
0	MECTcl3peb	4	30	0	0	0	0	0	0	0	0	0	0	0	0	0	6	0	0	24
1	MECTcl3peb	4	18	0	0	12	0	0	0	0	0	0	0	0	0	0	2	0	0	28
0	MECTcl3peb	5	30	0	0	0	0	0	0	0	0	0	0	1	0	0	14	0	0	15
1	MECTcl3peb	5	30	0	0	0	0	0	0	0	0	0	0	0	0	0	0	0	0	30
0	MECTcl3peb	6	30	0	0	0	0	0	0	0	0	0	0	0	0	0	1	0	0	29
1	MECTcl3peb	6	30	0	0	0	0	0	0	0	0	0	0	0	0	0	0	0	0	30
0	MECTcl3peb	7	30	0	0	0	0	0	0	0	0	0	0	0	0	0	0	0	0	30
1	MECTcl3peb	7	30	0	0	0	0	0	0	0	0	0	0	0	0	0	0	0	0	30
0	MECTcl3peb	8	30	0	0	0	0	0	0	0	0	0	0	0	0	0	0	0	0	30
1	MECTcl3peb	8	30	0	0	0	0	0	0	0	0	0	0	0	0	0	0	0	0	30
0	MECTcl3peb	9	30	0	0	0	0	0	0	0	0	0	0	0	0	0	0	0	0	30
1	MECTcl3peb	9	30	0	0	0	0	0	0	0	0	0	0	0	0	0	0	0	0	30
0	MECTcl3peb	10	30	0	0	0	0	0	0	0	0	0	0	0	0	0	2	0	0	28
1	MECTcl3peb	10	30	0	0	0	0	0	0	0	0	0	0	0	0	0	0	0	0	30
0	MECTcl3peb	11	30	0	0	0	0	0	0	0	0	0	0	1	0	0	19	0	0	10
1	MECTcl3peb	11	7	0	0	23	0	0	0	0	0	0	0	0	0	0	0	0	0	30
0	MECTcl3peb	12	30	0	0	0	0	0	0	0	0	0	0	0	0	0	11	0	0	19
1	MECTcl3peb	12	9	0	0	21	0	0	0	0	0	0	0	0	0	0	0	0	0	30
0	MECTcl3peb	13	30	0	0	0	0	0	0	0	0	0	0	0	0	0	0	0	0	30
1	MECTcl3peb	13	30	0	0	0	0	0	0	0	0	0	0	0	0	0	0	0	0	30
0	MECTcl3peb	14	30	0	0	0	0	0	0	0	0	0	0	0	0	0	0	0	0	30
1	MECTcl3peb	14	30	0	0	0	0	0	0	0	0	0	0	1	0	0	3	0	0	26
0	MECTcl3peb	15	30	0	0	0	0	0	0	0	0	0	0	0	0	0	0	0	0	30
1	MECTcl3peb	15	27	0	0	3	0	0	0	0	0	0	0	0	0	0	4	0	0	26
0	MECTcl3peb	16	30	0	0	0	0	0	0	0	0	0	0	0	0	0	0	0	0	30
1	MECTcl3peb	16	30	0	0	0	0	0	0	0	0	0	0	0	0	0	0	0	0	30
0	MECTcl3peb	17	30	0	0	0	0	0	0	0	0	0	0	0	0	0	0	0	0	30
1	MECTcl3peb	17	30	0	0	0	0	0	0	0	0	0	0	0	0	0	0	0	0	30
0	MECTcl3peb	18	30	0	0	0	0	0	0	0	0	0	0	0	0	0	0	0	0	30
1	MECTcl3peb	18	30	0	0	0	0	0	0	0	0	0	0	0	0	0	4	0	0	26
0	MECTcl3peb	19	30	0	0	0	0	0	0	0	0	0	0	0	0	0	0	0	0	30
1	MECTcl3peb	19	30	0	0	0	0	0	0	0	0	0	0	2	0	0	16	0	0	12
0	MECTcl3peb	20	30	0	0	0	0	0	0	0	0	0	0	0	0	0	0	0	0	30
1	MECTcl3peb	20	30	0	0	0	0	0	0	0	0	0	0	0	0	0	0	0	0	30
0	MECTcl3peb	21	30	0	0	0	0	0	0	0	0	0	0	0	0	0	0	0	0	30
1	MECTcl3peb	21	30	0	0	0	0	0	0	0	0	0	0	0	0	0	1	0	0	29
0	MECTcl3peb	22	30	0	0	0	0	0	0	0	0	0	0	0	0	0	0	0	0	30
1	MECTcl3peb	22	30	0	0	0	0	0	0	0	0	0	0	0	0	0	0	0	0	30
0	MECTcl3peb	23	30	0	0	0	0	0	0	0	0	0	0	0	0	0	0	0	0	30
1	MECTcl3peb	23	30	0	0	0	0	0	0	0	0	0	0	0	0	0	2	0	0	28
0	MECTcl3peb	24	30	0	0	0	0	0	0	0	0	0	0	0	0	0	3	0	0	27
1	MECTcl3peb	24	30	0	0	0	0	0	0	0	0	0	0	0	0	0	1	0	0	29
0	MECTcl3peb	25	30	0	0	0	0	0	0	0	0	0	0	2	0	0	13	0	0	15
1	MECTcl3peb	25	23	1	0	5	0	0	2	0	0	0	0	0	0	0	0	0	0	30
0	MECTcl3peb	26	30	0	0	0	0	0	0	0	0	0	0	0	0	0	0	0	0	30
1	MECTcl3peb	26	0	1	0	17	0	0	8	0	0	1	0	0	3	0	0	1	0	30
0	MECTcl3peb	27	30	0	0	0	0	0	0	0	0	0	0	0	0	0	0	0	0	30
1	MECTcl3peb	27	0	0	0	1	0	0	22	0	0	2	0	0	3	0	0	2	0	30
0	MECTcl3peb	28	30	0	0	0	0	0	0	0	0	0	0	0	0	0	0	0	0	30
1	MECTcl3peb	28	0	0	0	12	0	0	12	0	0	2	0	0	2	0	0	2	0	30
0	MECTcl3peb	29	30	0	0	0	0	0	0	0	0	0	0	0	0	0	0	0	0	30
1	MECTcl3peb	29	0	0	0	0	0	0	24	0	0	3	0	0	3	0	0	0	0	30
0	MECTcl3peb	30	30	0	0	0	0	0	0	0	0	0	0	0	0	0	0	0	0	30
1	MECTcl3peb	30	0	0	0	4	0	0	17	0	0	4	0	0	3	0	0	2	0	30
0	MECTcl3peb	31	30	0	0	0	0	0	0	0	0	0	0	0	0	0	0	0	0	30
1	MECTcl3peb	31	0	0	0	3	0	0	15	0	0	10	0	0	2	0	0	0	0	30
0	MECTcl3peb	32	30	0	0	0	0	0	0	0	0	0	0	0	0	0	0	0	0	30
1	MECTcl3peb	32	0	0	0	14	0	0	11	0	0	3	0	0	2	0	0	0	0	30
0	MECTcl3peb	33	30	0	0	0	0	0	0	0	0	0	0	0	0	0	0	0	0	30
1	MECTcl3peb	33	0	0	0	4	0	0	21	0	0	4	0	0	1	0	0	0	0	30
0	MECTcl3peb	34	30	0	0	0	0	0	0	0	0	0	0	0	0	0	0	0	0	30
1	MECTcl3peb	34	0	0	0	7	0	0	19	0	0	3	0	0	1	0	0	0	0	30
0	MECTcl3peb	35	30	0	0	0	0	0	0	0	0	0	0	0	0	0	0	0	0	30
1	MECTcl3peb	35	0	0	0	2	0	0	24	0	0	4	0	0	0	0	0	0	0	30
0	MECTcl3peb	36	30	0	0	0	0	0	0	0	0	0	0	0	0	0	0	0	0	30
1	MECTcl3peb	36	2	0	0	19	0	0	9	0	0	0	0	0	0	0	0	0	0	30
0	MECTcl3peb	37	30	0	0	0	0	0	0	0	0	0	0	0	0	0	0	0	0	30
1	MECTcl3peb	37	0	0	0	0	0	0	10	0	0	20	0	0	0	0	0	0	0	30
0	MECTcl3peb	38	30	0	0	0	0	0	0	0	0	0	0	0	0	0	0	0	0	30
1	MECTcl3peb	38	0	0	0	0	0	0	15	0	0	15	0	0	0	0	0	0	0	30
0	MECTcl3peb	39	30	0	0	0	0	0	0	0	0	0	0	0	0	0	1	0	0	29
1	MECTcl3peb	39	0	0	0	0	0	0	9	0	0	21	0	0	0	0	0	0	0	30
0	MECTcl3peb	40	30	0	0	0	0	0	0	0	0	0	0	0	0	0	0	0	0	30
1	MECTcl3peb	40	0	0	0	3	0	0	12	0	0	15	0	0	0	0	0	0	0	30
0	MECTplb	1	30	5	5	0	0	13	0	0	11	0	0	1	0	0	0	0	0	0
1	MECTplb	1	30	5	5	0	0	1	0	0	20	0	0	4	0	0	0	0	0	0
0	MECTplb	2	30	0	0	0	0	0	0	0	3	0	0	13	0	0	5	0	0	9
1	MECTplb	2	29	0	0	1	0	0	0	0	1	0	0	12	0	0	5	0	0	12
0	MECTplb	3	30	0	0	0	0	0	0	0	1	0	0	8	0	0	17	0	0	4
1	MECTplb	3	26	0	0	4	0	0	0	0	0	0	0	0	0	0	0	0	0	30
0	MECTplb	4	30	0	0	0	0	0	0	0	0	0	0	9	0	0	9	0	0	12
1	MECTplb	4	14	0	0	16	0	0	0	0	0	0	0	0	0	0	0	0	0	30
0	MECTplb	5	30	0	0	0	0	0	0	0	0	0	0	0	0	0	3	0	0	27
1	MECTplb	5	23	0	0	7	0	0	0	0	0	0	0	0	0	0	0	0	0	30
0	MECTplb	6	30	0	0	0	0	0	0	0	0	0	0	0	0	0	0	0	0	30
1	MECTplb	6	29	0	0	1	0	0	0	0	0	0	0	0	0	0	0	0	0	30
0	MECTplb	7	30	0	0	0	0	0	0	0	0	0	0	0	0	0	0	0	0	30
1	MECTplb	7	21	0	0	9	0	0	0	0	0	0	0	0	0	0	0	0	0	30
0	MECTplb	8	30	0	0	0	0	0	0	0	0	0	0	0	0	0	0	0	0	30
1	MECTplb	8	17	0	0	13	0	0	0	0	0	0	0	0	0	0	0	0	0	30
0	MECTplb	9	30	0	0	0	0	0	0	0	0	0	0	0	0	0	0	0	0	30
1	MECTplb	9	5	0	0	24	0	0	1	0	0	0	0	0	0	0	0	0	0	30
0	MECTplb	10	30	0	0	0	0	0	0	0	0	0	0	0	0	0	0	0	0	30
1	MECTplb	10	0	0	0	18	0	0	12	0	0	0	0	0	0	0	0	0	0	30
0	MECTplb	11	30	0	0	0	0	0	0	0	0	0	0	0	0	0	0	0	0	30
1	MECTplb	11	0	0	0	4	0	0	26	0	0	0	0	0	0	0	0	0	0	30
0	MECTplb	12	30	0	0	0	0	0	0	0	0	0	0	0	0	0	0	0	0	30
1	MECTplb	12	0	0	0	29	0	0	1	0	0	0	0	0	0	0	0	0	0	30
0	MECTplb	13	30	0	0	0	0	0	0	0	0	0	0	0	0	0	0	0	0	30
1	MECTplb	13	0	0	0	18	0	0	12	0	0	0	0	0	0	0	0	0	0	30
0	MECTplb	14	30	0	0	0	0	0	0	0	0	0	0	0	0	0	0	0	0	30
1	MECTplb	14	4	0	0	25	0	0	1	0	0	0	0	0	0	0	0	0	0	30
0	MECTplb	15	30	0	0	0	0	0	0	0	0	0	0	0	0	0	0	0	0	30
1	MECTplb	15	30	0	0	0	0	0	0	0	0	0	0	0	0	0	0	0	0	30
0	MECTplb	16	30	0	0	0	0	0	0	0	0	0	0	0	0	0	0	0	0	30
1	MECTplb	16	16	0	0	10	0	0	4	0	0	0	0	0	0	0	0	0	0	30
0	MECTplb	17	30	0	0	0	0	0	0	0	0	0	0	0	0	0	0	0	0	30
1	MECTplb	17	0	0	0	25	0	0	5	0	0	0	0	0	0	0	0	0	0	30
0	MECTplb	18	30	0	0	0	0	0	0	0	0	0	0	0	0	0	0	0	0	30
1	MECTplb	18	0	0	0	14	0	0	16	0	0	0	0	0	0	0	0	0	0	30
0	MECTplb	19	30	0	0	0	0	0	0	0	0	0	0	0	0	0	0	0	0	30
1	MECTplb	19	3	0	0	15	0	0	12	0	0	0	0	0	0	0	0	0	0	30
0	MECTplb	20	30	0	0	0	0	0	0	0	0	0	0	0	0	0	0	0	0	30
1	MECTplb	20	29	0	0	1	0	0	0	0	0	0	0	0	0	0	0	0	0	30
0	MECTplb	21	30	0	0	0	0	0	0	0	0	0	0	0	0	0	0	0	0	30
1	MECTplb	21	30	0	0	0	0	0	0	0	0	0	0	0	0	0	0	0	0	30
0	MECTplb	22	30	0	0	0	0	0	0	0	0	0	0	0	0	0	0	0	0	30
1	MECTplb	22	30	0	0	0	0	0	0	0	0	0	0	0	0	0	0	0	0	30
0	MECTplb	23	30	0	0	0	0	0	0	0	0	0	0	0	0	0	0	0	0	30
1	MECTplb	23	30	0	0	0	0	0	0	0	0	0	0	0	0	0	0	0	0	30
0	MECTplb	24	30	0	0	0	0	0	0	0	0	0	0	0	0	0	0	0	0	30
1	MECTplb	24	30	0	0	0	0	0	0	0	0	0	0	0	0	0	0	0	0	30
0	MECTplb	25	30	0	0	0	0	0	0	0	0	0	0	0	0	0	0	0	0	30
1	MECTplb	25	29	0	0	1	0	0	0	0	0	0	0	0	0	0	0	0	0	30
0	MECTplb	26	30	0	0	0	0	0	0	0	0	0	0	0	0	0	0	0	0	30
1	MECTplb	26	4	0	0	15	0	0	6	0	0	0	0	0	5	0	0	0	0	30
0	MECTplb	27	30	0	0	0	0	0	0	0	0	0	0	0	0	0	0	0	0	30
1	MECTplb	27	23	0	0	1	0	0	1	0	0	5	0	0	0	0	0	0	0	30
0	MECTplb	28	30	0	0	0	0	0	0	0	0	0	0	0	0	0	0	0	0	30
1	MECTplb	28	25	0	0	0	0	0	4	0	0	1	0	0	0	0	0	0	0	30
0	MECTplb	29	30	0	0	0	0	0	0	0	0	0	0	0	0	0	0	0	0	30
1	MECTplb	29	26	0	0	4	0	0	0	0	0	0	0	0	0	0	0	0	0	30
0	MECTplb	30	30	0	0	0	0	0	0	0	0	0	0	0	0	0	0	0	0	30
1	MECTplb	30	30	0	0	0	0	0	0	0	0	0	0	0	0	0	0	0	0	30
0	MECTplb	31	30	0	0	0	0	0	0	0	0	0	0	0	0	0	0	0	0	30
1	MECTplb	31	30	0	0	0	0	0	0	0	0	0	0	0	0	0	0	0	0	30
0	MECTplb	32	30	0	0	0	0	0	0	0	0	0	0	0	0	0	0	0	0	30
1	MECTplb	32	30	0	0	0	0	0	0	0	0	0	0	0	0	0	0	0	0	30
0	MECTplb	33	30	0	0	0	0	0	0	0	0	0	0	0	0	0	0	0	0	30
1	MECTplb	33	25	0	0	5	0	0	0	0	0	0	0	0	0	0	0	0	0	30
0	MECTplb	34	30	0	0	0	0	0	0	0	0	0	0	0	0	0	0	0	0	30
1	MECTplb	34	25	0	0	5	0	0	0	0	0	0	0	0	0	0	0	0	0	30
0	MECTplb	35	30	0	0	0	0	0	0	0	0	0	0	0	0	0	0	0	0	30
1	MECTplb	35	25	0	0	5	0	0	0	0	0	0	0	0	0	0	0	0	0	30
0	MECTplb	36	30	0	0	0	0	0	0	0	0	0	0	0	0	0	0	0	0	30
1	MECTplb	36	30	0	0	0	0	0	0	0	0	0	0	0	0	0	0	0	0	30
0	MECTplb	37	30	0	0	0	0	0	0	0	0	0	0	0	0	0	0	0	0	30
1	MECTplb	37	30	0	0	0	0	0	0	0	0	0	0	0	0	0	0	0	0	30
0	MECTplb	38	30	0	0	0	0	0	0	0	0	0	0	0	0	0	0	0	0	30
1	MECTplb	38	30	0	0	0	0	0	0	0	0	0	0	0	0	0	0	0	0	30
0	MECTplb	39	30	0	0	0	0	0	0	0	0	0	0	0	0	0	0	0	0	30
1	MECTplb	39	30	0	0	0	0	0	0	0	0	0	0	0	0	0	0	0	0	30
0	MECTplb	40	30	0	0	0	0	0	0	0	0	0	0	0	0	0	0	0	0	30
1	MECTplb	40	14	0	0	16	0	0	0	0	0	0	0	0	0	0	0	0	0	30
0	MEITplb	1	30	5	5	0	0	6	0	0	19	0	0	0	0	0	0	0	0	0
1	MEITplb	1	30	5	5	0	0	0	0	0	23	0	0	2	0	0	0	0	0	0
0	MEITplb	2	30	0	0	0	0	0	0	0	1	0	0	11	0	0	6	0	0	12
1	MEITplb	2	30	0	0	0	0	0	0	0	6	0	0	9	0	0	12	0	0	3
0	MEITplb	3	30	0	0	0	0	0	0	0	0	0	0	0	0	0	6	0	0	24
1	MEITplb	3	16	0	0	10	0	0	4	0	0	0	0	0	0	0	11	0	0	19
0	MEITplb	4	30	0	0	0	0	0	0	0	0	0	0	0	0	0	0	0	0	30
1	MEITplb	4	8	0	0	22	0	0	0	0	0	0	0	0	0	0	0	0	0	30
0	MEITplb	5	30	0	0	0	0	0	0	0	0	0	0	0	0	0	17	0	0	13
1	MEITplb	5	0	0	0	16	0	0	14	0	0	0	0	0	0	0	0	0	0	30
0	MEITplb	6	30	0	0	0	0	0	0	0	0	0	0	5	0	0	15	0	0	10
1	MEITplb	6	0	0	0	28	0	0	2	0	0	0	0	0	0	0	0	0	0	30
0	MEITplb	7	30	0	0	0	0	0	0	0	0	0	0	15	0	0	15	0	0	0
1	MEITplb	7	0	0	0	28	0	0	2	0	0	0	0	0	0	0	0	0	0	30
0	MEITplb	8	30	0	0	0	0	1	0	0	7	0	0	22	0	0	0	0	0	0
1	MEITplb	8	5	0	0	25	0	0	0	0	0	0	0	0	0	0	0	0	0	30
0	MEITplb	9	30	0	0	0	0	7	0	0	22	0	0	1	0	0	0	0	0	0
1	MEITplb	9	7	0	0	23	0	0	0	0	0	0	0	0	0	0	0	0	0	30
0	MEITplb	10	30	0	0	0	0	6	0	0	22	0	0	2	0	0	0	0	0	0
1	MEITplb	10	7	0	0	23	0	0	0	0	0	0	0	0	0	0	0	0	0	30
0	MEITplb	11	30	0	0	0	0	5	0	0	15	0	0	6	0	0	2	0	0	2
1	MEITplb	11	0	0	0	18	0	0	12	0	0	0	0	0	0	0	0	0	0	30
0	MEITplb	12	30	0	0	0	0	0	0	0	0	0	0	2	0	0	17	0	0	11
1	MEITplb	12	3	0	0	27	0	0	0	0	0	0	0	0	0	0	0	0	0	30
0	MEITplb	13	30	0	0	0	0	0	0	0	0	0	0	8	0	0	17	0	0	5
1	MEITplb	13	8	0	0	22	0	0	0	0	0	0	0	0	0	0	0	0	0	30
0	MEITplb	14	30	0	0	0	0	0	0	0	0	0	0	0	0	0	0	0	0	30
1	MEITplb	14	30	0	0	0	0	0	0	0	0	0	0	0	0	0	0	0	0	30
0	MEITplb	15	30	0	0	0	0	0	0	0	0	0	0	0	0	0	0	0	0	30
1	MEITplb	15	30	0	0	0	0	0	0	0	0	0	0	0	0	0	1	0	0	29
0	MEITplb	16	30	0	0	0	0	0	0	0	0	0	0	0	0	0	0	0	0	30
1	MEITplb	16	30	0	0	0	0	0	0	0	0	0	0	0	0	0	0	0	0	30
0	MEITplb	17	30	0	0	0	0	0	0	0	0	0	0	0	0	0	0	0	0	30
1	MEITplb	17	30	0	0	0	0	0	0	0	0	0	0	0	0	0	0	0	0	30
0	MEITplb	18	30	0	0	0	0	0	0	0	0	0	0	0	0	0	0	0	0	30
1	MEITplb	18	30	0	0	0	0	0	0	0	0	0	0	0	0	0	0	0	0	30
0	MEITplb	19	30	0	0	0	0	0	0	0	1	0	0	3	0	0	13	0	0	13
1	MEITplb	19	30	0	0	0	0	0	0	0	0	0	0	0	0	0	0	0	0	30
0	MEITplb	20	30	0	0	0	0	4	0	0	16	0	0	6	0	0	0	0	0	4
1	MEITplb	20	30	0	0	0	0	0	0	0	0	0	0	1	0	0	9	0	0	20
0	MEITplb	21	30	0	0	0	0	0	0	0	0	0	0	0	0	0	3	0	0	27
1	MEITplb	21	30	0	0	0	0	0	0	0	0	0	0	13	0	0	17	0	0	0
0	MEITplb	22	30	0	0	0	0	0	0	0	3	0	0	1	0	0	26	0	0	0
1	MEITplb	22	27	0	0	3	0	0	0	0	3	0	0	13	0	0	10	0	0	4
0	MEITplb	23	30	0	0	0	0	1	0	0	25	0	0	0	0	0	0	0	0	4
1	MEITplb	23	30	0	0	0	0	2	0	0	18	0	0	6	0	0	0	0	0	4
0	MEITplb	24	30	0	0	0	0	0	0	0	0	0	0	0	0	0	12	0	0	18
1	MEITplb	24	30	0	0	0	0	0	0	0	0	0	0	0	0	0	0	0	0	30
0	MEITplb	25	30	0	0	0	0	0	0	0	0	0	0	0	0	0	2	0	0	28
1	MEITplb	25	30	0	0	0	0	0	0	0	0	0	0	0	0	0	1	0	0	29
0	MEITplb	26	30	0	0	0	0	0	0	0	0	0	0	2	0	0	7	0	0	21
1	MEITplb	26	4	1	0	0	0	0	20	0	0	1	0	0	4	0	0	1	0	30
0	MEITplb	27	30	0	0	0	0	0	0	0	0	0	0	0	0	0	0	0	0	30
1	MEITplb	27	0	0	0	16	0	0	8	0	0	3	0	0	3	0	0	0	0	30
0	MEITplb	28	30	0	0	0	0	0	0	0	0	0	0	0	0	0	0	0	0	30
1	MEITplb	28	1	0	0	20	0	0	4	0	0	2	0	0	3	0	0	0	0	30
0	MEITplb	29	30	0	0	0	0	0	0	0	0	0	0	0	0	0	0	0	0	30
1	MEITplb	29	0	0	0	4	0	0	18	0	0	3	0	0	5	0	0	0	0	30
0	MEITplb	30	30	0	0	0	0	0	0	0	0	0	0	0	0	0	0	0	0	30
1	MEITplb	30	0	0	0	2	0	0	8	0	0	15	0	0	5	0	0	0	0	30
0	MEITplb	31	30	0	0	0	0	0	0	0	0	0	0	0	0	0	3	0	0	27
1	MEITplb	31	0	0	0	4	0	0	2	0	0	19	0	0	4	0	0	1	0	30
0	MEITplb	32	30	0	0	0	0	0	0	0	0	0	0	0	0	0	0	0	0	30
1	MEITplb	32	0	0	0	1	0	0	18	0	0	6	0	0	5	0	0	0	0	30
0	MEITplb	33	30	0	0	0	0	0	0	0	4	0	0	8	0	0	13	0	0	5
1	MEITplb	33	0	0	0	0	0	0	6	0	0	19	0	0	4	0	0	1	0	30
0	MEITplb	34	30	0	0	0	0	0	0	0	17	0	0	13	0	0	0	0	0	0
1	MEITplb	34	0	0	0	0	0	0	4	0	0	21	0	0	4	0	0	1	0	30
0	MEITplb	35	30	0	0	0	0	3	0	0	20	0	0	7	0	0	0	0	0	0
1	MEITplb	35	0	0	0	0	0	0	1	0	0	14	0	0	14	0	0	1	0	30
0	MEITplb	36	30	0	0	0	0	10	0	0	13	0	0	3	0	0	0	0	0	4
1	MEITplb	36	0	0	0	1	0	0	17	0	0	12	0	0	0	0	0	0	0	30
0	MEITplb	37	30	0	0	0	0	0	0	0	0	0	0	0	0	0	0	0	0	30
1	MEITplb	37	0	0	0	13	0	0	17	0	0	0	0	0	0	0	0	0	0	30
0	MEITplb	38	30	0	0	0	0	0	0	0	0	0	0	0	0	0	0	0	0	30
1	MEITplb	38	0	0	0	8	0	0	22	0	0	0	0	0	0	0	0	0	0	30
0	MEITplb	39	30	0	0	0	0	0	0	0	0	0	0	0	0	0	0	0	0	30
1	MEITplb	39	0	0	0	23	0	0	7	0	0	0	0	0	0	0	0	0	0	30
0	MEITplb	40	30	0	0	0	0	0	0	0	3	0	0	1	0	0	10	0	0	16
1	MEITplb	40	0	0	0	0	0	0	29	0	0	1	0	0	0	0	0	0	0	30
0	MSCIplb	1	30	5	5	0	0	16	0	0	8	0	0	1	0	0	0	0	0	0
1	MSCIplb	1	30	5	7	0	0	14	0	0	5	0	0	3	0	0	1	0	0	0
0	MSCIplb	2	30	0	0	0	0	0	0	0	6	0	0	7	0	0	2	0	0	15
1	MSCIplb	2	28	0	0	2	0	0	0	0	0	0	0	3	0	0	5	0	0	22
0	MSCIplb	3	30	0	0	0	0	0	0	0	0	0	0	0	0	0	0	0	0	30
1	MSCIplb	3	28	0	0	2	0	0	0	0	0	0	0	0	0	0	0	0	0	30
0	MSCIplb	4	30	0	0	0	0	0	0	0	0	0	0	0	0	0	0	0	0	30
1	MSCIplb	4	30	0	0	0	0	0	0	0	0	0	0	0	0	0	0	0	0	30
0	MSCIplb	5	30	0	0	0	0	0	0	0	0	0	0	0	0	0	0	0	0	30
1	MSCIplb	5	30	0	0	0	0	0	0	0	0	0	0	0	0	0	0	0	0	30
0	MSCIplb	6	30	0	0	0	0	0	0	0	0	0	0	0	0	0	0	0	0	30
1	MSCIplb	6	30	0	0	0	0	0	0	0	0	0	0	0	0	0	1	0	0	29
0	MSCIplb	7	30	0	0	0	0	0	0	0	0	0	0	0	0	0	0	0	0	30
1	MSCIplb	7	30	0	0	0	0	0	0	0	0	0	0	0	0	0	0	0	0	30
0	MSCIplb	8	30	0	0	0	0	0	0	0	0	0	0	0	0	0	0	0	0	30
1	MSCIplb	8	30	0	0	0	0	0	0	0	0	0	0	0	0	0	0	0	0	30
0	MSCIplb	9	30	0	0	0	0	0	0	0	0	0	0	0	0	0	0	0	0	30
1	MSCIplb	9	30	0	0	0	0	0	0	0	0	0	0	0	0	0	0	0	0	30
0	MSCIplb	10	30	0	0	0	0	0	0	0	0	0	0	0	0	0	0	0	0	30
1	MSCIplb	10	30	0	0	0	0	0	0	0	0	0	0	0	0	0	0	0	0	30
0	MSCIplb	11	30	0	0	0	0	0	0	0	0	0	0	0	0	0	2	0	0	28
1	MSCIplb	11	30	0	0	0	0	0	0	0	0	0	0	0	0	0	2	0	0	28
0	MSCIplb	12	30	0	0	0	0	0	0	0	0	0	0	0	0	0	1	0	0	29
1	MSCIplb	12	30	0	0	0	0	0	0	0	0	0	0	0	0	0	1	0	0	29
0	MSCIplb	13	30	0	0	0	0	0	0	0	0	0	0	0	0	0	0	0	0	30
1	MSCIplb	13	30	0	0	0	0	0	0	0	0	0	0	0	0	0	0	0	0	30
0	MSCIplb	14	30	0	0	0	0	0	0	0	0	0	0	0	0	0	0	0	0	30
1	MSCIplb	14	30	0	0	0	0	0	0	0	0	0	0	0	0	0	0	0	0	30
0	MSCIplb	15	30	0	0	0	0	0	0	0	0	0	0	0	0	0	0	0	0	30
1	MSCIplb	15	30	0	0	0	0	0	0	0	0	0	0	0	0	0	0	0	0	30
0	MSCIplb	16	30	0	0	0	0	0	0	0	0	0	0	0	0	0	0	0	0	30
1	MSCIplb	16	30	0	0	0	0	0	0	0	0	0	0	0	0	0	0	0	0	30
0	MSCIplb	17	30	0	0	0	0	0	0	0	0	0	0	0	0	0	0	0	0	30
1	MSCIplb	17	29	0	0	1	0	0	0	0	0	0	0	0	0	0	0	0	0	30
0	MSCIplb	18	30	0	0	0	0	0	0	0	0	0	0	0	0	0	0	0	0	30
1	MSCIplb	18	29	0	0	1	0	0	0	0	0	0	0	0	0	0	0	0	0	30
0	MSCIplb	19	30	0	0	0	0	0	0	0	0	0	0	0	0	0	2	0	0	28
1	MSCIplb	19	30	0	0	0	0	0	0	0	0	0	0	0	0	0	2	0	0	28
0	MSCIplb	20	30	0	0	0	0	0	0	0	0	0	0	0	0	0	2	0	0	28
1	MSCIplb	20	30	0	0	0	0	0	0	0	0	0	0	0	0	0	2	0	0	28
0	MSCIplb	21	30	0	0	0	0	0	0	0	0	0	0	0	0	0	0	0	0	30
1	MSCIplb	21	24	0	0	4	0	0	2	0	0	0	0	0	0	0	0	0	0	30
0	MSCIplb	22	30	0	0	0	0	0	0	0	0	0	0	0	0	0	0	0	0	30
1	MSCIplb	22	20	0	0	8	0	0	2	0	0	0	0	0	0	0	0	0	0	30
0	MSCIplb	23	30	0	0	0	0	0	0	0	0	0	0	0	0	0	0	0	0	30
1	MSCIplb	23	27	0	0	3	0	0	0	0	0	0	0	0	0	0	0	0	0	30
0	MSCIplb	24	30	0	0	0	0	0	0	0	0	0	0	0	0	0	2	0	0	28
1	MSCIplb	24	30	0	0	0	0	0	0	0	0	0	0	0	0	0	2	0	0	28
0	MSCIplb	25	30	0	0	0	0	0	0	0	0	0	0	0	0	0	2	0	0	28
1	MSCIplb	25	30	0	0	0	0	0	0	0	0	0	0	0	0	0	2	0	0	28
0	MSCIplb	26	30	0	0	0	0	0	0	0	0	0	0	0	0	0	0	0	0	30
1	MSCIplb	26	28	0	0	2	0	0	0	0	0	0	0	0	0	0	0	0	0	30
0	MSCIplb	27	30	0	0	0	0	0	0	0	0	0	0	0	0	0	0	0	0	30
1	MSCIplb	27	30	0	0	0	0	0	0	0	0	0	0	0	0	0	0	0	0	30
0	MSCIplb	28	30	0	0	0	0	0	0	0	0	0	0	0	0	0	0	0	0	30
1	MSCIplb	28	25	0	0	1	0	0	2	0	0	2	0	0	0	0	0	0	0	30
0	MSCIplb	29	30	0	0	0	0	0	0	0	0	0	0	0	0	0	0	0	0	30
1	MSCIplb	29	30	0	0	0	0	0	0	0	0	0	0	0	0	0	0	0	0	30
0	MSCIplb	30	30	0	0	0	0	0	0	0	0	0	0	0	0	0	0	0	0	30
1	MSCIplb	30	30	0	0	0	0	0	0	0	0	0	0	0	0	0	0	0	0	30
0	MSCIplb	31	30	0	0	0	0	0	0	0	0	0	0	0	0	0	0	0	0	30
1	MSCIplb	31	30	0	0	0	0	0	0	0	0	0	0	0	0	0	0	0	0	30
0	MSCIplb	32	30	0	0	0	0	0	0	0	0	0	0	0	0	0	0	0	0	30
1	MSCIplb	32	30	0	0	0	0	0	0	0	0	0	0	0	0	0	0	0	0	30
0	MSCIplb	33	30	0	0	0	0	0	0	0	0	0	0	0	0	0	2	0	0	28
1	MSCIplb	33	30	0	0	0	0	0	0	0	0	0	0	0	0	0	2	0	0	28
0	MSCIplb	34	30	0	0	0	0	0	0	0	0	0	0	0	0	0	0	0	0	30
1	MSCIplb	34	30	0	0	0	0	0	0	0	0	0	0	0	0	0	0	0	0	30
0	MSCIplb	35	30	0	0	0	0	0	0	0	0	0	0	0	0	0	0	0	0	30
1	MSCIplb	35	30	0	0	0	0	0	0	0	0	0	0	0	0	0	0	0	0	30
0	MSCIplb	36	30	0	0	0	0	0	0	0	0	0	0	0	0	0	0	0	0	30
1	MSCIplb	36	30	0	0	0	0	0	0	0	0	0	0	0	0	0	0	0	0	30
0	MSCIplb	37	30	0	0	0	0	0	0	0	0	0	0	0	0	0	0	0	0	30
1	MSCIplb	37	30	0	0	0	0	0	0	0	0	0	0	0	0	0	0	0	0	30
0	MSCIplb	38	30	0	0	0	0	0	0	0	0	0	0	0	0	0	0	0	0	30
1	MSCIplb	38	30	0	0	0	0	0	0	0	0	0	0	0	0	0	0	0	0	30
0	MSCIplb	39	30	0	0	0	0	0	0	0	0	0	0	0	0	0	0	0	0	30
1	MSCIplb	39	30	0	0	0	0	0	0	0	0	0	0	0	0	0	0	0	0	30
0	MSCIplb	40	30	0	0	0	0	0	0	0	0	0	0	0	0	0	0	0	0	30
1	MSCIplb	40	30	0	0	0	0	0	0	0	0	0	0	0	0	0	0	0	0	30
0	MSCTcl1plb	1	30	5	5	0	0	5	0	0	3	0	0	16	0	0	1	0	0	0
1	MSCTcl1plb	1	30	5	5	0	0	0	0	0	8	0	0	14	0	0	2	0	0	1
0	MSCTcl1plb	2	30	0	0	0	0	0	0	0	0	0	0	8	0	0	7	0	0	15
1	MSCTcl1plb	2	30	0	0	0	0	0	0	0	1	0	0	9	0	0	4	0	0	16
0	MSCTcl1plb	3	30	0	0	0	0	0	0	0	0	0	0	0	0	0	9	0	0	21
1	MSCTcl1plb	3	29	0	0	1	0	0	0	0	0	0	0	0	0	0	0	0	0	30
0	MSCTcl1plb	4	30	0	0	0	0	0	0	0	0	0	0	2	0	0	12	0	0	16
1	MSCTcl1plb	4	29	0	0	1	0	0	0	0	0	0	0	0	0	0	0	0	0	30
0	MSCTcl1plb	5	30	0	0	0	0	0	0	0	0	0	0	0	0	0	0	0	0	30
1	MSCTcl1plb	5	30	0	0	0	0	0	0	0	0	0	0	0	0	0	0	0	0	30
0	MSCTcl1plb	6	30	0	0	0	0	0	0	0	0	0	0	0	0	0	0	0	0	30
1	MSCTcl1plb	6	30	0	0	0	0	0	0	0	0	0	0	0	0	0	0	0	0	30
0	MSCTcl1plb	7	30	0	0	0	0	0	0	0	0	0	0	0	0	0	0	0	0	30
1	MSCTcl1plb	7	30	0	0	0	0	0	0	0	0	0	0	0	0	0	0	0	0	30
0	MSCTcl1plb	8	30	0	0	0	0	0	0	0	0	0	0	0	0	0	0	0	0	30
1	MSCTcl1plb	8	30	0	0	0	0	0	0	0	0	0	0	0	0	0	0	0	0	30
0	MSCTcl1plb	9	30	0	0	0	0	0	0	0	0	0	0	0	0	0	0	0	0	30
1	MSCTcl1plb	9	30	0	0	0	0	0	0	0	0	0	0	0	0	0	0	0	0	30
0	MSCTcl1plb	10	30	0	0	0	0	0	0	0	0	0	0	0	0	0	0	0	0	30
1	MSCTcl1plb	10	30	0	0	0	0	0	0	0	0	0	0	0	0	0	0	0	0	30
0	MSCTcl1plb	11	30	0	0	0	0	0	0	0	0	0	0	0	0	0	0	0	0	30
1	MSCTcl1plb	11	30	0	0	0	0	0	0	0	0	0	0	0	0	0	0	0	0	30
0	MSCTcl1plb	12	30	0	0	0	0	0	0	0	0	0	0	0	0	0	0	0	0	30
1	MSCTcl1plb	12	30	0	0	0	0	0	0	0	0	0	0	0	0	0	0	0	0	30
0	MSCTcl1plb	13	30	0	0	0	0	0	0	0	0	0	0	0	0	0	0	0	0	30
1	MSCTcl1plb	13	30	0	0	0	0	0	0	0	0	0	0	0	0	0	0	0	0	30
0	MSCTcl1plb	14	30	0	0	0	0	0	0	0	0	0	0	0	0	0	0	0	0	30
1	MSCTcl1plb	14	30	0	0	0	0	0	0	0	0	0	0	0	0	0	0	0	0	30
0	MSCTcl1plb	15	30	0	0	0	0	0	0	0	0	0	0	0	0	0	0	0	0	30
1	MSCTcl1plb	15	30	0	0	0	0	0	0	0	0	0	0	0	0	0	0	0	0	30
0	MSCTcl1plb	16	30	0	0	0	0	0	0	0	0	0	0	0	0	0	0	0	0	30
1	MSCTcl1plb	16	30	0	0	0	0	0	0	0	0	0	0	0	0	0	0	0	0	30
0	MSCTcl1plb	17	30	0	0	0	0	0	0	0	0	0	0	0	0	0	0	0	0	30
1	MSCTcl1plb	17	30	0	0	0	0	0	0	0	0	0	0	0	0	0	0	0	0	30
0	MSCTcl1plb	18	30	0	0	0	0	0	0	0	0	0	0	0	0	0	0	0	0	30
1	MSCTcl1plb	18	25	0	0	5	0	0	0	0	0	0	0	0	0	0	0	0	0	30
0	MSCTcl1plb	19	30	0	0	0	0	0	0	0	0	0	0	0	0	0	0	0	0	30
1	MSCTcl1plb	19	20	0	0	10	0	0	0	0	0	0	0	0	0	0	0	0	0	30
0	MSCTcl1plb	20	30	0	0	0	0	0	0	0	0	0	0	0	0	0	0	0	0	30
1	MSCTcl1plb	20	30	0	0	0	0	0	0	0	0	0	0	0	0	0	0	0	0	30
0	MSCTcl1plb	21	30	0	0	0	0	0	0	0	0	0	0	0	0	0	0	0	0	30
1	MSCTcl1plb	21	30	0	0	0	0	0	0	0	0	0	0	0	0	0	0	0	0	30
0	MSCTcl1plb	22	30	0	0	0	0	0	0	0	0	0	0	0	0	0	0	0	0	30
1	MSCTcl1plb	22	28	0	0	2	0	0	0	0	0	0	0	0	0	0	0	0	0	30
0	MSCTcl1plb	23	30	0	0	0	0	0	0	0	0	0	0	0	0	0	0	0	0	30
1	MSCTcl1plb	23	29	0	0	1	0	0	0	0	0	0	0	0	0	0	0	0	0	30
0	MSCTcl1plb	24	30	0	0	0	0	0	0	0	0	0	0	0	0	0	0	0	0	30
1	MSCTcl1plb	24	30	0	0	0	0	0	0	0	0	0	0	0	0	0	0	0	0	30
0	MSCTcl1plb	25	30	0	0	0	0	0	0	0	0	0	0	0	0	0	0	0	0	30
1	MSCTcl1plb	25	30	0	0	0	0	0	0	0	0	0	0	0	0	0	0	0	0	30
0	MSCTcl1plb	26	30	0	0	0	0	0	0	0	0	0	0	0	0	0	0	0	0	30
1	MSCTcl1plb	26	27	0	0	3	0	0	0	0	0	0	0	0	0	0	0	0	0	30
0	MSCTcl1plb	27	30	0	0	0	0	0	0	0	0	0	0	0	0	0	0	0	0	30
1	MSCTcl1plb	27	30	0	0	0	0	0	0	0	0	0	0	0	0	0	0	0	0	30
0	MSCTcl1plb	28	30	0	0	0	0	0	0	0	0	0	0	0	0	0	0	0	0	30
1	MSCTcl1plb	28	30	0	0	0	0	0	0	0	0	0	0	0	0	0	0	0	0	30
0	MSCTcl1plb	29	30	0	0	0	0	0	0	0	0	0	0	0	0	0	0	0	0	30
1	MSCTcl1plb	29	30	0	0	0	0	0	0	0	0	0	0	0	0	0	0	0	0	30
0	MSCTcl1plb	30	30	0	0	0	0	0	0	0	0	0	0	0	0	0	0	0	0	30
1	MSCTcl1plb	30	30	0	0	0	0	0	0	0	0	0	0	0	0	0	0	0	0	30
0	MSCTcl1plb	31	30	0	0	0	0	0	0	0	0	0	0	0	0	0	0	0	0	30
1	MSCTcl1plb	31	30	0	0	0	0	0	0	0	0	0	0	0	0	0	0	0	0	30
0	MSCTcl1plb	32	30	0	0	0	0	0	0	0	0	0	0	0	0	0	0	0	0	30
1	MSCTcl1plb	32	30	0	0	0	0	0	0	0	0	0	0	0	0	0	0	0	0	30
0	MSCTcl1plb	33	30	0	0	0	0	0	0	0	0	0	0	0	0	0	0	0	0	30
1	MSCTcl1plb	33	30	0	0	0	0	0	0	0	0	0	0	0	0	0	0	0	0	30
0	MSCTcl1plb	34	30	0	0	0	0	0	0	0	0	0	0	0	0	0	0	0	0	30
1	MSCTcl1plb	34	30	0	0	0	0	0	0	0	0	0	0	0	0	0	0	0	0	30
0	MSCTcl1plb	35	30	0	0	0	0	0	0	0	0	0	0	0	0	0	0	0	0	30
1	MSCTcl1plb	35	30	0	0	0	0	0	0	0	0	0	0	0	0	0	0	0	0	30
0	MSCTcl1plb	36	30	0	0	0	0	0	0	0	0	0	0	0	0	0	0	0	0	30
1	MSCTcl1plb	36	30	0	0	0	0	0	0	0	0	0	0	0	0	0	0	0	0	30
0	MSCTcl1plb	37	30	0	0	0	0	0	0	0	0	0	0	0	0	0	0	0	0	30
1	MSCTcl1plb	37	30	0	0	0	0	0	0	0	0	0	0	0	0	0	0	0	0	30
0	MSCTcl1plb	38	30	0	0	0	0	0	0	0	0	0	0	0	0	0	0	0	0	30
1	MSCTcl1plb	38	30	0	0	0	0	0	0	0	0	0	0	0	0	0	0	0	0	30
0	MSCTcl1plb	39	30	0	0	0	0	0	0	0	0	0	0	0	0	0	0	0	0	30
1	MSCTcl1plb	39	30	0	0	0	0	0	0	0	0	0	0	0	0	0	0	0	0	30
0	MSCTcl1plb	40	30	0	0	0	0	0	0	0	0	0	0	0	0	0	0	0	0	30
1	MSCTcl1plb	40	30	0	0	0	0	0	0	0	0	0	0	0	0	0	0	0	0	30
0	MSCTcl2plb	1	30	5	5	0	0	0	0	0	20	0	0	4	0	0	1	0	0	0
1	MSCTcl2plb	1	30	5	5	0	0	1	0	0	17	0	0	7	0	0	0	0	0	0
0	MSCTcl2plb	2	30	0	0	0	0	0	0	0	0	0	0	2	0	0	7	0	0	21
1	MSCTcl2plb	2	30	0	0	0	0	0	0	0	0	0	0	2	0	0	4	0	0	24
0	MSCTcl2plb	3	30	0	0	0	0	0	0	0	0	0	0	0	0	0	0	0	0	30
1	MSCTcl2plb	3	30	0	0	0	0	0	0	0	0	0	0	0	0	0	1	0	0	29
0	MSCTcl2plb	4	30	0	0	0	0	0	0	0	0	0	0	0	0	0	0	0	0	30
1	MSCTcl2plb	4	30	0	0	0	0	0	0	0	0	0	0	0	0	0	0	0	0	30
0	MSCTcl2plb	5	30	0	0	0	0	0	0	0	0	0	0	0	0	0	0	0	0	30
1	MSCTcl2plb	5	30	0	0	0	0	0	0	0	0	0	0	0	0	0	0	0	0	30
0	MSCTcl2plb	6	30	0	0	0	0	0	0	0	0	0	0	0	0	0	0	0	0	30
1	MSCTcl2plb	6	30	0	0	0	0	0	0	0	0	0	0	0	0	0	0	0	0	30
0	MSCTcl2plb	7	30	0	0	0	0	0	0	0	0	0	0	0	0	0	0	0	0	30
1	MSCTcl2plb	7	30	0	0	0	0	0	0	0	0	0	0	0	0	0	0	0	0	30
0	MSCTcl2plb	8	30	0	0	0	0	0	0	0	0	0	0	0	0	0	0	0	0	30
1	MSCTcl2plb	8	30	0	0	0	0	0	0	0	0	0	0	0	0	0	0	0	0	30
0	MSCTcl2plb	9	30	0	0	0	0	0	0	0	0	0	0	0	0	0	0	0	0	30
1	MSCTcl2plb	9	30	0	0	0	0	0	0	0	0	0	0	0	0	0	0	0	0	30
0	MSCTcl2plb	10	30	0	0	0	0	0	0	0	0	0	0	0	0	0	3	0	0	27
1	MSCTcl2plb	10	30	0	0	0	0	0	0	0	0	0	0	0	0	0	3	0	0	27
0	MSCTcl2plb	11	30	0	0	0	0	0	0	0	0	0	0	0	0	0	2	0	0	28
1	MSCTcl2plb	11	30	0	0	0	0	0	0	0	0	0	0	0	0	0	2	0	0	28
0	MSCTcl2plb	12	30	0	0	0	0	0	0	0	0	0	0	1	0	0	2	0	0	27
1	MSCTcl2plb	12	30	0	0	0	0	0	0	0	0	0	0	1	0	0	2	0	0	27
0	MSCTcl2plb	13	30	0	0	0	0	0	0	0	0	0	0	0	0	0	0	0	0	30
1	MSCTcl2plb	13	30	0	0	0	0	0	0	0	0	0	0	0	0	0	0	0	0	30
0	MSCTcl2plb	14	30	0	0	0	0	0	0	0	0	0	0	0	0	0	2	0	0	28
1	MSCTcl2plb	14	30	0	0	0	0	0	0	0	0	0	0	0	0	0	2	0	0	28
0	MSCTcl2plb	15	30	0	0	0	0	0	0	0	0	0	0	0	0	0	2	0	0	28
1	MSCTcl2plb	15	30	0	0	0	0	0	0	0	0	0	0	0	0	0	2	0	0	28
0	MSCTcl2plb	16	30	0	0	0	0	0	0	0	0	0	0	0	0	0	0	0	0	30
1	MSCTcl2plb	16	30	0	0	0	0	0	0	0	0	0	0	0	0	0	0	0	0	30
0	MSCTcl2plb	17	30	0	0	0	0	0	0	0	0	0	0	0	0	0	1	0	0	29
1	MSCTcl2plb	17	28	0	0	2	0	0	0	0	0	0	0	0	0	0	1	0	0	29
0	MSCTcl2plb	18	30	0	0	0	0	0	0	0	0	0	0	0	0	0	1	0	0	29
1	MSCTcl2plb	18	29	0	0	1	0	0	0	0	0	0	0	0	0	0	1	0	0	29
0	MSCTcl2plb	19	30	0	0	0	0	0	0	0	0	0	0	0	0	0	0	0	0	30
1	MSCTcl2plb	19	23	0	0	7	0	0	0	0	0	0	0	0	0	0	0	0	0	30
0	MSCTcl2plb	20	30	0	0	0	0	0	0	0	0	0	0	0	0	0	0	0	0	30
1	MSCTcl2plb	20	14	0	0	11	0	0	5	0	0	0	0	0	0	0	0	0	0	30
0	MSCTcl2plb	21	30	0	0	0	0	0	0	0	0	0	0	0	0	0	0	0	0	30
1	MSCTcl2plb	21	27	0	0	3	0	0	0	0	0	0	0	0	0	0	0	0	0	30
0	MSCTcl2plb	22	30	0	0	0	0	0	0	0	0	0	0	0	0	0	0	0	0	30
1	MSCTcl2plb	22	25	0	0	5	0	0	0	0	0	0	0	0	0	0	0	0	0	30
0	MSCTcl2plb	23	30	0	0	0	0	0	0	0	0	0	0	0	0	0	2	0	0	28
1	MSCTcl2plb	23	30	0	0	0	0	0	0	0	0	0	0	0	0	0	2	0	0	28
0	MSCTcl2plb	24	30	0	0	0	0	0	0	0	0	0	0	0	0	0	1	0	0	29
1	MSCTcl2plb	24	30	0	0	0	0	0	0	0	0	0	0	0	0	0	1	0	0	29
0	MSCTcl2plb	25	30	0	0	0	0	0	0	0	0	0	0	0	0	0	1	0	0	29
1	MSCTcl2plb	25	30	0	0	0	0	0	0	0	0	0	0	0	0	0	1	0	0	29
0	MSCTcl2plb	26	30	0	0	0	0	0	0	0	0	0	0	0	0	0	0	0	0	30
1	MSCTcl2plb	26	30	0	0	0	0	0	0	0	0	0	0	0	0	0	0	0	0	30
0	MSCTcl2plb	27	30	0	0	0	0	0	0	0	0	0	0	0	0	0	1	0	0	29
1	MSCTcl2plb	27	30	0	0	0	0	0	0	0	0	0	0	0	0	0	1	0	0	29
0	MSCTcl2plb	28	30	0	0	0	0	0	0	0	0	0	0	0	0	0	1	0	0	29
1	MSCTcl2plb	28	30	0	0	0	0	0	0	0	0	0	0	0	0	0	1	0	0	29
0	MSCTcl2plb	29	30	0	0	0	0	0	0	0	0	0	0	0	0	0	0	0	0	30
1	MSCTcl2plb	29	30	0	0	0	0	0	0	0	0	0	0	0	0	0	0	0	0	30
0	MSCTcl2plb	30	30	0	0	0	0	0	0	0	0	0	0	0	0	0	0	0	0	30
1	MSCTcl2plb	30	30	0	0	0	0	0	0	0	0	0	0	0	0	0	0	0	0	30
0	MSCTcl2plb	31	30	0	0	0	0	0	0	0	0	0	0	0	0	0	0	0	0	30
1	MSCTcl2plb	31	30	0	0	0	0	0	0	0	0	0	0	0	0	0	0	0	0	30
0	MSCTcl2plb	32	30	0	0	0	0	0	0	0	0	0	0	0	0	0	2	0	0	28
1	MSCTcl2plb	32	30	0	0	0	0	0	0	0	0	0	0	0	0	0	2	0	0	28
0	MSCTcl2plb	33	30	0	0	0	0	0	0	0	0	0	0	1	0	0	2	0	0	27
1	MSCTcl2plb	33	30	0	0	0	0	0	0	0	0	0	0	1	0	0	2	0	0	27
0	MSCTcl2plb	34	30	0	0	0	0	0	0	0	2	0	0	2	0	0	2	0	0	24
1	MSCTcl2plb	34	30	0	0	0	0	0	0	0	2	0	0	2	0	0	2	0	0	24
0	MSCTcl2plb	35	30	0	0	0	0	0	0	0	0	0	0	6	0	0	2	0	0	22
1	MSCTcl2plb	35	30	0	0	0	0	0	0	0	0	0	0	6	0	0	2	0	0	22
0	MSCTcl2plb	36	30	0	0	0	0	2	0	0	4	0	0	2	0	0	4	0	0	18
1	MSCTcl2plb	36	30	0	0	0	0	2	0	0	4	0	0	2	0	0	4	0	0	18
0	MSCTcl2plb	37	30	0	0	0	0	0	0	0	3	0	0	2	0	0	4	0	0	21
1	MSCTcl2plb	37	30	0	0	0	0	0	0	0	3	0	0	2	0	0	4	0	0	21
0	MSCTcl2plb	38	30	0	0	0	0	0	0	0	0	0	0	3	0	0	6	0	0	21
1	MSCTcl2plb	38	30	0	0	0	0	0	0	0	0	0	0	3	0	0	6	0	0	21
0	MSCTcl2plb	39	30	0	0	0	0	0	0	0	0	0	0	7	0	0	3	0	0	20
1	MSCTcl2plb	39	30	0	0	0	0	0	0	0	0	0	0	7	0	0	3	0	0	20
0	MSCTcl2plb	40	30	0	0	0	0	0	0	0	0	0	0	6	0	0	5	0	0	19
1	MSCTcl2plb	40	30	0	0	0	0	0	0	0	0	0	0	6	0	0	5	0	0	19
0	MSIIplb	1	30	5	5	0	0	1	0	0	6	0	0	15	0	0	3	0	0	0
1	MSIIplb	1	30	5	5	0	0	14	0	0	8	0	0	3	0	0	0	0	0	0
0	MSIIplb	2	30	0	0	0	0	0	0	0	3	0	0	6	0	0	7	0	0	14
1	MSIIplb	2	30	0	0	0	0	0	0	0	2	0	0	11	0	0	3	0	0	14
0	MSIIplb	3	30	0	0	0	0	0	0	0	0	0	0	0	0	0	0	0	0	30
1	MSIIplb	3	30	0	0	0	0	0	0	0	0	0	0	0	0	0	0	0	0	30
0	MSIIplb	4	30	0	0	0	0	0	0	0	0	0	0	0	0	0	0	0	0	30
1	MSIIplb	4	29	0	0	1	0	0	0	0	0	0	0	0	0	0	0	0	0	30
0	MSIIplb	5	30	0	0	0	0	0	0	0	0	0	0	0	0	0	0	0	0	30
1	MSIIplb	5	30	0	0	0	0	0	0	0	0	0	0	0	0	0	0	0	0	30
0	MSIIplb	6	30	0	0	0	0	0	0	0	0	0	0	0	0	0	0	0	0	30
1	MSIIplb	6	30	0	0	0	0	0	0	0	0	0	0	0	0	0	0	0	0	30
0	MSIIplb	7	30	0	0	0	0	0	0	0	0	0	0	0	0	0	0	0	0	30
1	MSIIplb	7	30	0	0	0	0	0	0	0	0	0	0	0	0	0	0	0	0	30
0	MSIIplb	8	30	0	0	0	0	0	0	0	0	0	0	0	0	0	0	0	0	30
1	MSIIplb	8	9	0	0	19	0	0	2	0	0	0	0	0	0	0	0	0	0	30
0	MSIIplb	9	30	0	0	0	0	0	0	0	0	0	0	0	0	0	0	0	0	30
1	MSIIplb	9	8	0	0	14	0	0	8	0	0	0	0	0	0	0	0	0	0	30
0	MSIIplb	10	30	0	0	0	0	0	0	0	0	0	0	0	0	0	4	0	0	26
1	MSIIplb	10	16	0	0	9	0	0	5	0	0	0	0	0	0	0	4	0	0	26
0	MSIIplb	11	30	0	0	0	0	0	0	0	0	0	0	0	0	0	0	0	0	30
1	MSIIplb	11	23	0	0	7	0	0	0	0	0	0	0	0	0	0	0	0	0	30
0	MSIIplb	12	30	0	0	0	0	0	0	0	0	0	0	0	0	0	1	0	0	29
1	MSIIplb	12	11	0	0	18	0	0	1	0	0	0	0	0	0	0	1	0	0	29
0	MSIIplb	13	30	0	0	0	0	0	0	0	0	0	0	0	0	0	0	0	0	30
1	MSIIplb	13	1	0	0	20	0	0	9	0	0	0	0	0	0	0	0	0	0	30
0	MSIIplb	14	30	0	0	0	0	0	0	0	0	0	0	0	0	0	0	0	0	30
1	MSIIplb	14	9	0	0	7	0	0	10	0	0	1	0	0	3	0	0	0	0	30
0	MSIIplb	15	30	0	0	0	0	0	0	0	0	0	0	0	0	0	0	0	0	30
1	MSIIplb	15	0	0	0	0	0	0	2	0	0	17	0	0	11	0	0	0	0	30
0	MSIIplb	16	30	0	0	0	0	0	0	0	0	0	0	0	0	0	0	0	0	30
1	MSIIplb	16	0	0	0	0	0	0	1	0	0	16	0	0	9	0	0	4	0	30
0	MSIIplb	17	30	0	0	0	0	0	0	0	0	0	0	0	0	0	0	0	0	30
1	MSIIplb	17	0	0	0	0	0	0	3	0	0	9	0	0	9	0	0	9	0	30
0	MSIIplb	18	30	0	0	0	0	0	0	0	0	0	0	0	0	0	1	0	0	29
1	MSIIplb	18	0	0	0	1	0	0	2	0	0	15	0	0	12	0	1	0	0	29
0	MSIIplb	19	30	0	0	0	0	0	0	0	0	0	0	0	0	0	1	0	0	29
1	MSIIplb	19	0	0	0	3	0	0	5	0	0	4	0	0	15	0	1	3	0	29
0	MSIIplb	20	30	0	0	0	0	0	0	0	0	0	0	0	0	0	3	0	0	27
1	MSIIplb	20	0	1	0	2	0	0	9	0	0	14	0	0	1	0	3	4	0	27
0	MSIIplb	21	30	0	0	0	0	0	0	0	0	0	0	0	0	0	3	0	0	27
1	MSIIplb	21	0	1	0	8	3	0	9	0	0	4	0	0	3	0	3	6	0	27
0	MSIIplb	22	30	0	0	0	0	0	0	0	0	0	0	0	0	0	5	0	0	25
1	MSIIplb	22	20	0	0	8	0	0	2	0	0	0	0	0	0	0	5	0	0	25
0	MSIIplb	23	30	0	0	0	0	0	0	0	0	0	0	0	0	0	5	0	0	25
1	MSIIplb	23	8	0	0	18	0	0	4	0	0	0	0	0	0	0	5	0	0	25
0	MSIIplb	24	30	0	0	0	0	0	0	0	0	0	0	0	0	0	3	0	0	27
1	MSIIplb	24	0	0	0	1	0	0	19	0	0	10	0	0	0	0	3	0	0	27
0	MSIIplb	25	30	0	0	0	0	0	0	0	0	0	0	4	0	0	3	0	0	23
1	MSIIplb	25	13	0	0	8	0	0	7	0	0	2	0	4	0	0	3	0	0	23
0	MSIIplb	26	30	0	0	0	0	0	0	0	0	0	0	0	0	0	3	0	0	27
1	MSIIplb	26	0	0	0	0	0	0	7	0	0	9	0	0	6	0	3	8	0	27
0	MSIIplb	27	30	0	0	0	0	0	0	0	0	0	0	0	0	0	4	0	0	26
1	MSIIplb	27	0	3	0	0	10	0	0	1	0	6	0	0	9	0	4	15	0	26
0	MSIIplb	28	30	0	0	0	0	0	0	0	0	0	0	0	0	0	2	0	0	28
1	MSIIplb	28	0	1	0	0	2	0	0	6	0	1	4	0	7	2	2	22	4	28
0	MSIIplb	29	30	0	0	0	0	0	0	0	0	0	0	0	0	0	4	0	0	26
1	MSIIplb	29	0	6	0	0	4	0	2	2	0	2	2	0	6	1	4	20	0	26
0	MSIIplb	30	30	0	0	0	0	0	0	0	0	0	0	3	0	0	3	0	0	24
1	MSIIplb	30	0	2	0	0	6	0	5	0	0	1	0	3	6	0	3	18	0	24
0	MSIIplb	31	30	0	0	0	0	0	0	0	0	0	0	3	0	0	4	0	0	23
1	MSIIplb	31	0	2	0	0	1	0	8	0	0	4	0	3	5	0	4	13	0	23
0	MSIIplb	32	30	0	0	0	0	0	0	0	0	0	0	0	0	0	6	0	0	24
1	MSIIplb	32	0	6	0	1	2	0	5	0	0	4	0	0	7	0	6	13	0	24
0	MSIIplb	33	30	0	0	0	0	0	0	0	0	0	0	0	0	0	5	0	0	25
1	MSIIplb	33	0	0	0	0	4	0	0	3	0	5	1	0	8	6	5	17	15	25
0	MSIIplb	34	30	0	0	0	0	0	0	0	0	0	0	3	0	0	4	0	0	23
1	MSIIplb	34	0	1	0	3	2	0	4	3	0	5	4	3	4	3	4	14	6	23
0	MSIIplb	35	30	0	0	0	0	0	0	0	0	0	0	1	0	0	5	0	0	24
1	MSIIplb	35	0	0	0	2	0	0	11	0	0	2	0	1	11	0	5	4	0	24
0	MSIIplb	36	30	0	0	0	0	0	0	0	0	0	0	0	0	0	0	0	0	30
1	MSIIplb	36	0	0	0	0	0	0	10	0	0	12	0	0	8	0	0	0	0	30
0	MSIIplb	37	30	0	0	0	0	0	0	0	0	0	0	0	0	0	5	0	0	25
1	MSIIplb	37	0	0	0	1	0	0	10	0	0	11	0	0	8	0	5	0	0	25
0	MSIIplb	38	30	0	0	0	0	0	0	0	0	0	0	2	0	0	3	0	0	25
1	MSIIplb	38	1	0	0	4	0	0	5	0	0	14	0	2	6	0	3	0	0	25
0	MSIIplb	39	30	0	0	0	0	0	0	0	0	0	0	1	0	0	4	0	0	25
1	MSIIplb	39	0	2	0	1	1	0	5	1	0	13	0	1	6	2	4	5	0	25
0	MSIIplb	40	30	0	0	0	0	0	0	0	0	0	0	0	0	0	6	0	0	24
1	MSIIplb	40	0	8	0	0	6	0	0	7	0	6	1	0	4	0	6	20	0	24
0	MSITcl3plb	1	30	5	5	0	0	0	0	0	19	0	0	6	0	0	0	0	0	0
1	MSITcl3plb	1	30	5	5	0	0	2	0	0	18	0	0	5	0	0	0	0	0	0
0	MSITcl3plb	2	30	0	0	0	0	0	0	0	1	0	0	3	0	0	7	0	0	19
1	MSITcl3plb	2	30	0	0	0	0	0	0	0	7	0	0	2	0	0	20	0	0	1
0	MSITcl3plb	3	30	0	0	0	0	0	0	0	0	0	0	0	0	0	0	0	0	30
1	MSITcl3plb	3	30	0	0	0	0	0	0	0	0	0	0	0	0	0	8	0	0	22
0	MSITcl3plb	4	30	0	0	0	0	0	0	0	0	0	0	0	0	0	0	0	0	30
1	MSITcl3plb	4	30	0	0	0	0	0	0	0	0	0	0	2	0	0	12	0	0	16
0	MSITcl3plb	5	30	0	0	0	0	0	0	0	0	0	0	0	0	0	0	0	0	30
1	MSITcl3plb	5	30	0	0	0	0	0	0	0	0	0	0	0	0	0	0	0	0	30
0	MSITcl3plb	6	30	0	0	0	0	0	0	0	0	0	0	0	0	0	0	0	0	30
1	MSITcl3plb	6	30	0	0	0	0	0	0	0	0	0	0	0	0	0	0	0	0	30
0	MSITcl3plb	7	30	0	0	0	0	0	0	0	0	0	0	0	0	0	0	0	0	30
1	MSITcl3plb	7	30	0	0	0	0	0	0	0	0	0	0	0	0	0	0	0	0	30
0	MSITcl3plb	8	30	0	0	0	0	0	0	0	0	0	0	0	0	0	0	0	0	30
1	MSITcl3plb	8	30	0	0	0	0	0	0	0	0	0	0	0	0	0	0	0	0	30
0	MSITcl3plb	9	30	0	0	0	0	0	0	0	0	0	0	0	0	0	0	0	0	30
1	MSITcl3plb	9	30	0	0	0	0	0	0	0	0	0	0	0	0	0	0	0	0	30
0	MSITcl3plb	10	30	0	0	0	0	0	0	0	0	0	0	0	0	0	0	0	0	30
1	MSITcl3plb	10	30	0	0	0	0	0	0	0	0	0	0	0	0	0	0	0	0	30
0	MSITcl3plb	11	30	0	0	0	0	0	0	0	0	0	0	0	0	0	0	0	0	30
1	MSITcl3plb	11	30	0	0	0	0	0	0	0	0	0	0	0	0	0	0	0	0	30
0	MSITcl3plb	12	30	0	0	0	0	0	0	0	0	0	0	0	0	0	0	0	0	30
1	MSITcl3plb	12	26	0	0	0	0	0	4	0	0	0	0	0	0	0	0	0	0	30
0	MSITcl3plb	13	30	0	0	0	0	0	0	0	0	0	0	0	0	0	0	0	0	30
1	MSITcl3plb	13	21	0	0	6	0	0	3	0	0	0	0	0	0	0	0	0	0	30
0	MSITcl3plb	14	30	0	0	0	0	0	0	0	0	0	0	0	0	0	0	0	0	30
1	MSITcl3plb	14	30	0	0	0	0	0	0	0	0	0	0	0	0	0	0	0	0	30
0	MSITcl3plb	15	30	0	0	0	0	0	0	0	0	0	0	0	0	0	0	0	0	30
1	MSITcl3plb	15	21	0	0	9	0	0	0	0	0	0	0	0	0	0	0	0	0	30
0	MSITcl3plb	16	30	0	0	0	0	0	0	0	0	0	0	0	0	0	0	0	0	30
1	MSITcl3plb	16	21	0	0	9	0	0	0	0	0	0	0	0	0	0	0	0	0	30
0	MSITcl3plb	17	30	0	0	0	0	0	0	0	0	0	0	0	0	0	0	0	0	30
1	MSITcl3plb	17	18	0	0	9	0	0	3	0	0	0	0	0	0	0	0	0	0	30
0	MSITcl3plb	18	30	0	0	0	0	0	0	0	0	0	0	0	0	0	0	0	0	30
1	MSITcl3plb	18	20	0	0	10	0	0	0	0	0	0	0	0	0	0	0	0	0	30
0	MSITcl3plb	19	30	0	0	0	0	0	0	0	0	0	0	0	0	0	0	0	0	30
1	MSITcl3plb	19	25	0	0	5	0	0	0	0	0	0	0	0	0	0	0	0	0	30
0	MSITcl3plb	20	30	0	0	0	0	0	0	0	0	0	0	0	0	0	0	0	0	30
1	MSITcl3plb	20	30	0	0	0	0	0	0	0	0	0	0	0	0	0	0	0	0	30
0	MSITcl3plb	21	30	0	0	0	0	0	0	0	0	0	0	0	0	0	0	0	0	30
1	MSITcl3plb	21	30	0	0	0	0	0	0	0	0	0	0	0	0	0	0	0	0	30
0	MSITcl3plb	22	30	0	0	0	0	0	0	0	0	0	0	0	0	0	0	0	0	30
1	MSITcl3plb	22	30	0	0	0	0	0	0	0	0	0	0	0	0	0	0	0	0	30
0	MSITcl3plb	23	30	0	0	0	0	0	0	0	0	0	0	0	0	0	0	0	0	30
1	MSITcl3plb	23	30	0	0	0	0	0	0	0	0	0	0	0	0	0	0	0	0	30
0	MSITcl3plb	24	30	0	0	0	0	0	0	0	0	0	0	0	0	0	0	0	0	30
1	MSITcl3plb	24	30	0	0	0	0	0	0	0	0	0	0	0	0	0	0	0	0	30
0	MSITcl3plb	25	30	0	0	0	0	0	0	0	0	0	0	0	0	0	0	0	0	30
1	MSITcl3plb	25	30	0	0	0	0	0	0	0	0	0	0	0	0	0	0	0	0	30
0	MSITcl3plb	26	30	0	0	0	0	0	0	0	0	0	0	0	0	0	0	0	0	30
1	MSITcl3plb	26	22	0	0	8	0	0	0	0	0	0	0	0	0	0	0	0	0	30
0	MSITcl3plb	27	30	0	0	0	0	0	0	0	0	0	0	0	0	0	0	0	0	30
1	MSITcl3plb	27	0	0	0	0	0	0	2	0	0	19	0	0	2	0	0	7	0	30
0	MSITcl3plb	28	30	0	0	0	0	0	0	0	0	0	0	0	0	0	0	0	0	30
1	MSITcl3plb	28	1	1	0	6	0	0	3	0	0	9	0	0	5	0	0	6	0	30
0	MSITcl3plb	29	30	0	0	0	0	0	0	0	0	0	0	0	0	0	0	0	0	30
1	MSITcl3plb	29	1	0	0	10	0	0	11	0	0	3	0	0	2	0	0	3	0	30
0	MSITcl3plb	30	30	0	0	0	0	0	0	0	0	0	0	0	0	0	0	0	0	30
1	MSITcl3plb	30	0	0	0	11	0	0	11	0	0	2	0	0	6	0	0	0	0	30
0	MSITcl3plb	31	30	0	0	0	0	0	0	0	0	0	0	0	0	0	0	0	0	30
1	MSITcl3plb	31	0	3	0	0	0	0	10	0	0	11	0	0	8	0	0	1	0	30
0	MSITcl3plb	32	30	0	0	0	0	0	0	0	0	0	0	0	0	0	0	0	0	30
1	MSITcl3plb	32	0	2	0	1	0	0	11	0	0	10	0	0	3	0	0	5	0	30
0	MSITcl3plb	33	30	0	0	0	0	0	0	0	0	0	0	0	0	0	0	0	0	30
1	MSITcl3plb	33	0	10	0	0	2	0	0	1	0	15	0	0	14	0	0	1	0	30
0	MSITcl3plb	34	30	0	0	0	0	0	0	0	0	0	0	0	0	0	0	0	0	30
1	MSITcl3plb	34	0	4	0	0	4	0	0	12	0	3	4	0	16	0	0	11	0	30
0	MSITcl3plb	35	30	0	0	0	0	0	0	0	0	0	0	0	0	0	0	0	0	30
1	MSITcl3plb	35	0	3	0	0	4	0	0	4	0	0	3	0	13	3	0	17	0	30
0	MSITcl3plb	36	30	0	0	0	0	0	0	0	0	0	0	0	0	0	0	0	0	30
1	MSITcl3plb	36	0	0	0	0	0	0	0	0	0	4	0	0	11	0	0	15	0	30
0	MSITcl3plb	37	30	0	0	0	0	0	0	0	0	0	0	0	0	0	0	0	0	30
1	MSITcl3plb	37	0	2	0	0	3	0	0	0	0	12	0	0	18	0	0	0	0	30
0	MSITcl3plb	38	30	0	0	0	0	0	0	0	0	0	0	0	0	0	0	0	0	30
1	MSITcl3plb	38	0	0	0	0	0	0	3	0	0	10	0	0	17	0	0	0	0	30
0	MSITcl3plb	39	30	0	0	0	0	0	0	0	0	0	0	0	0	0	0	0	0	30
1	MSITcl3plb	39	0	0	0	0	0	0	4	0	0	24	0	0	2	0	0	0	0	30
0	MSITcl3plb	40	30	0	0	0	0	0	0	0	0	0	0	0	0	0	0	0	0	30
1	MSITcl3plb	40	0	0	0	0	0	0	5	0	0	23	0	0	2	0	0	0	0	30
0	MSITcl4plb	1	30	5	5	0	0	0	0	0	5	0	0	20	0	0	0	0	0	0
1	MSITcl4plb	1	30	5	5	0	0	8	0	0	13	0	0	3	0	0	1	0	0	0
0	MSITcl4plb	2	30	0	0	0	0	0	0	0	0	0	0	6	0	0	5	0	0	19
1	MSITcl4plb	2	30	0	0	0	0	0	0	0	1	0	0	5	0	0	2	0	0	22
0	MSITcl4plb	3	30	0	0	0	0	0	0	0	0	0	0	0	0	0	0	0	0	30
1	MSITcl4plb	3	30	0	0	0	0	0	0	0	0	0	0	0	0	0	0	0	0	30
0	MSITcl4plb	4	30	0	0	0	0	0	0	0	0	0	0	0	0	0	0	0	0	30
1	MSITcl4plb	4	30	0	0	0	0	0	0	0	0	0	0	0	0	0	0	0	0	30
0	MSITcl4plb	5	30	0	0	0	0	0	0	0	0	0	0	0	0	0	0	0	0	30
1	MSITcl4plb	5	30	0	0	0	0	0	0	0	0	0	0	0	0	0	0	0	0	30
0	MSITcl4plb	6	30	0	0	0	0	0	0	0	0	0	0	0	0	0	0	0	0	30
1	MSITcl4plb	6	29	0	0	1	0	0	0	0	0	0	0	0	0	0	0	0	0	30
0	MSITcl4plb	7	30	0	0	0	0	0	0	0	0	0	0	0	0	0	0	0	0	30
1	MSITcl4plb	7	13	0	0	17	0	0	0	0	0	0	0	0	0	0	0	0	0	30
0	MSITcl4plb	8	30	0	0	0	0	0	0	0	0	0	0	0	0	0	0	0	0	30
1	MSITcl4plb	8	0	0	0	13	0	0	17	0	0	0	0	0	0	0	0	0	0	30
0	MSITcl4plb	9	30	0	0	0	0	0	0	0	0	0	0	0	0	0	0	0	0	30
1	MSITcl4plb	9	27	0	0	3	0	0	0	0	0	0	0	0	0	0	0	0	0	30
0	MSITcl4plb	10	30	0	0	0	0	0	0	0	0	0	0	0	0	0	0	0	0	30
1	MSITcl4plb	10	30	0	0	0	0	0	0	0	0	0	0	0	0	0	0	0	0	30
0	MSITcl4plb	11	30	0	0	0	0	0	0	0	0	0	0	0	0	0	0	0	0	30
1	MSITcl4plb	11	30	0	0	0	0	0	0	0	0	0	0	0	0	0	0	0	0	30
0	MSITcl4plb	12	30	0	0	0	0	0	0	0	0	0	0	0	0	0	0	0	0	30
1	MSITcl4plb	12	29	0	0	1	0	0	0	0	0	0	0	0	0	0	0	0	0	30
0	MSITcl4plb	13	30	0	0	0	0	0	0	0	0	0	0	0	0	0	0	0	0	30
1	MSITcl4plb	13	18	0	0	12	0	0	0	0	0	0	0	0	0	0	0	0	0	30
0	MSITcl4plb	14	30	0	0	0	0	0	0	0	0	0	0	0	0	0	0	0	0	30
1	MSITcl4plb	14	6	0	0	8	0	0	16	0	0	0	0	0	0	0	0	0	0	30
0	MSITcl4plb	15	30	0	0	0	0	0	0	0	0	0	0	0	0	0	0	0	0	30
1	MSITcl4plb	15	27	0	0	3	0	0	0	0	0	0	0	0	0	0	0	0	0	30
0	MSITcl4plb	16	30	0	0	0	0	0	0	0	0	0	0	0	0	0	0	0	0	30
1	MSITcl4plb	16	30	0	0	0	0	0	0	0	0	0	0	0	0	0	0	0	0	30
0	MSITcl4plb	17	30	0	0	0	0	0	0	0	0	0	0	0	0	0	0	0	0	30
1	MSITcl4plb	17	30	0	0	0	0	0	0	0	0	0	0	0	0	0	0	0	0	30
0	MSITcl4plb	18	30	0	0	0	0	0	0	0	0	0	0	0	0	0	0	0	0	30
1	MSITcl4plb	18	30	0	0	0	0	0	0	0	0	0	0	0	0	0	0	0	0	30
0	MSITcl4plb	19	30	0	0	0	0	0	0	0	0	0	0	0	0	0	0	0	0	30
1	MSITcl4plb	19	27	0	0	1	0	0	2	0	0	0	0	0	0	0	0	0	0	30
0	MSITcl4plb	20	30	0	0	0	0	0	0	0	0	0	0	0	0	0	0	0	0	30
1	MSITcl4plb	20	24	0	0	6	0	0	0	0	0	0	0	0	0	0	0	0	0	30
0	MSITcl4plb	21	30	0	0	0	0	0	0	0	0	0	0	0	0	0	0	0	0	30
1	MSITcl4plb	21	24	0	0	6	0	0	0	0	0	0	0	0	0	0	0	0	0	30
0	MSITcl4plb	22	30	0	0	0	0	0	0	0	0	0	0	0	0	0	0	0	0	30
1	MSITcl4plb	22	30	0	0	0	0	0	0	0	0	0	0	0	0	0	0	0	0	30
0	MSITcl4plb	23	30	0	0	0	0	0	0	0	0	0	0	0	0	0	0	0	0	30
1	MSITcl4plb	23	30	0	0	0	0	0	0	0	0	0	0	0	0	0	0	0	0	30
0	MSITcl4plb	24	30	0	0	0	0	0	0	0	0	0	0	0	0	0	0	0	0	30
1	MSITcl4plb	24	30	0	0	0	0	0	0	0	0	0	0	0	0	0	0	0	0	30
0	MSITcl4plb	25	30	0	0	0	0	0	0	0	0	0	0	0	0	0	0	0	0	30
1	MSITcl4plb	25	30	0	0	0	0	0	0	0	0	0	0	0	0	0	0	0	0	30
0	MSITcl4plb	26	30	0	0	0	0	0	0	0	0	0	0	0	0	0	0	0	0	30
1	MSITcl4plb	26	30	0	0	0	0	0	0	0	0	0	0	0	0	0	0	0	0	30
0	MSITcl4plb	27	30	0	0	0	0	0	0	0	0	0	0	0	0	0	0	0	0	30
1	MSITcl4plb	27	30	0	0	0	0	0	0	0	0	0	0	0	0	0	0	0	0	30
0	MSITcl4plb	28	30	0	0	0	0	0	0	0	0	0	0	0	0	0	0	0	0	30
1	MSITcl4plb	28	30	0	0	0	0	0	0	0	0	0	0	0	0	0	0	0	0	30
0	MSITcl4plb	29	30	0	0	0	0	0	0	0	0	0	0	0	0	0	0	0	0	30
1	MSITcl4plb	29	30	0	0	0	0	0	0	0	0	0	0	0	0	0	0	0	0	30
0	MSITcl4plb	30	30	0	0	0	0	0	0	0	0	0	0	0	0	0	2	0	0	28
1	MSITcl4plb	30	30	0	0	0	0	0	0	0	0	0	0	0	0	0	2	0	0	28
0	MSITcl4plb	31	30	0	0	0	0	0	0	0	0	0	0	0	0	0	0	0	0	30
1	MSITcl4plb	31	30	0	0	0	0	0	0	0	0	0	0	0	0	0	0	0	0	30
0	MSITcl4plb	32	30	0	0	0	0	0	0	0	0	0	0	0	0	0	0	0	0	30
1	MSITcl4plb	32	30	0	0	0	0	0	0	0	0	0	0	0	0	0	0	0	0	30
0	MSITcl4plb	33	30	0	0	0	0	0	0	0	0	0	0	2	0	0	2	0	0	26
1	MSITcl4plb	33	30	0	0	0	0	0	0	0	0	0	0	2	0	0	2	0	0	26
0	MSITcl4plb	34	30	0	0	0	0	0	0	0	0	0	0	0	0	0	2	0	0	28
1	MSITcl4plb	34	30	0	0	0	0	0	0	0	0	0	0	0	0	0	2	0	0	28
0	MSITcl4plb	35	30	0	0	0	0	0	0	0	0	0	0	0	0	0	2	0	0	28
1	MSITcl4plb	35	30	0	0	0	0	0	0	0	0	0	0	0	0	0	2	0	0	28
0	MSITcl4plb	36	30	0	0	0	0	0	0	0	0	0	0	0	0	0	2	0	0	28
1	MSITcl4plb	36	30	0	0	0	0	0	0	0	0	0	0	0	0	0	2	0	0	28
0	MSITcl4plb	37	30	0	0	0	0	0	0	0	0	0	0	0	0	0	0	0	0	30
1	MSITcl4plb	37	30	0	0	0	0	0	0	0	0	0	0	0	0	0	0	0	0	30
0	MSITcl4plb	38	30	0	0	0	0	0	0	0	0	0	0	0	0	0	2	0	0	28
1	MSITcl4plb	38	30	0	0	0	0	0	0	0	0	0	0	0	0	0	2	0	0	28
0	MSITcl4plb	39	30	0	0	0	0	0	0	0	0	0	0	0	0	0	0	0	0	30
1	MSITcl4plb	39	30	0	0	0	0	0	0	0	0	0	0	0	0	0	0	0	0	30
0	MSITcl4plb	40	30	0	0	0	0	0	0	0	0	0	0	0	0	0	0	0	0	30
1	MSITcl4plb	40	30	0	0	0	0	0	0	0	0	0	0	0	0	0	0	0	0	30
0	SECTcl3peb	1	30	5	5	0	0	0	0	0	7	0	0	18	0	0	0	0	0	0
1	SECTcl3peb	1	30	5	5	0	0	3	0	0	19	0	0	3	0	0	0	0	0	0
0	SECTcl3peb	2	30	0	0	0	0	0	0	0	0	0	0	0	0	0	5	0	0	25
1	SECTcl3peb	2	30	0	0	0	0	0	0	0	0	0	0	6	0	0	8	0	0	16
0	SECTcl3peb	3	30	0	0	0	0	0	0	0	0	0	0	0	0	0	0	0	0	30
1	SECTcl3peb	3	30	0	0	0	0	0	0	0	0	0	0	4	0	0	8	0	0	18
0	SECTcl3peb	4	30	0	0	0	0	0	0	0	0	0	0	0	0	0	0	0	0	30
1	SECTcl3peb	4	30	0	0	0	0	0	0	0	1	0	0	8	0	0	15	0	0	6
0	SECTcl3peb	5	30	0	0	0	0	0	0	0	0	0	0	0	0	0	0	0	0	30
1	SECTcl3peb	5	30	0	0	0	0	0	0	0	0	0	0	0	0	0	2	0	0	28
0	SECTcl3peb	6	30	0	0	0	0	0	0	0	0	0	0	0	0	0	0	0	0	30
1	SECTcl3peb	6	30	0	0	0	0	0	0	0	0	0	0	0	0	0	0	0	0	30
0	SECTcl3peb	7	30	0	0	0	0	0	0	0	0	0	0	0	0	0	0	0	0	30
1	SECTcl3peb	7	30	0	0	0	0	0	0	0	0	0	0	0	0	0	0	0	0	30
0	SECTcl3peb	8	30	0	0	0	0	0	0	0	0	0	0	0	0	0	3	0	0	27
1	SECTcl3peb	8	30	0	0	0	0	0	0	0	0	0	0	0	0	0	0	0	0	30
0	SECTcl3peb	9	30	0	0	0	0	0	0	0	1	0	0	3	0	0	7	0	0	19
1	SECTcl3peb	9	30	0	0	0	0	0	0	0	0	0	0	0	0	0	0	0	0	30
0	SECTcl3peb	10	30	0	0	0	0	0	0	0	4	0	0	20	0	0	1	0	0	5
1	SECTcl3peb	10	30	0	0	0	0	0	0	0	0	0	0	2	0	0	3	0	0	25
0	SECTcl3peb	11	30	0	0	0	0	9	0	0	15	0	0	4	0	0	2	0	0	0
1	SECTcl3peb	11	30	0	0	0	0	0	0	0	2	0	0	12	0	0	14	0	0	2
0	SECTcl3peb	12	30	0	0	0	0	0	0	0	14	0	0	12	0	0	0	0	0	4
1	SECTcl3peb	12	28	0	0	2	0	1	0	0	3	0	0	3	0	0	22	0	0	1
0	SECTcl3peb	13	30	0	0	0	0	0	0	0	0	0	0	0	0	0	2	0	0	28
1	SECTcl3peb	13	30	0	0	0	0	6	0	0	14	0	0	3	0	0	4	0	0	3
0	SECTcl3peb	14	30	0	0	0	0	0	0	0	0	0	0	0	0	0	8	0	0	22
1	SECTcl3peb	14	30	0	0	0	0	9	0	0	16	0	0	4	0	0	1	0	0	0
0	SECTcl3peb	15	30	0	0	0	0	0	0	0	0	0	0	1	0	0	4	0	0	25
1	SECTcl3peb	15	30	0	0	0	0	7	0	0	11	0	0	8	0	0	0	0	0	4
0	SECTcl3peb	16	30	0	0	0	0	0	0	0	0	0	0	9	0	0	16	0	0	5
1	SECTcl3peb	16	30	0	0	0	0	0	0	0	0	0	0	0	0	0	5	0	0	25
0	SECTcl3peb	17	30	0	0	0	0	0	0	0	4	0	0	17	0	0	3	0	0	6
1	SECTcl3peb	17	30	0	0	0	0	0	0	0	0	0	0	7	0	0	22	0	0	1
0	SECTcl3peb	18	30	0	0	0	0	0	0	0	0	0	0	0	0	0	1	0	0	29
1	SECTcl3peb	18	30	0	0	0	0	4	0	0	0	0	0	12	0	0	3	0	0	11
0	SECTcl3peb	19	30	0	0	0	0	0	0	0	0	0	0	0	0	0	0	0	0	30
1	SECTcl3peb	19	30	0	0	0	0	7	0	0	7	0	0	3	0	0	10	0	0	3
0	SECTcl3peb	20	30	0	0	0	0	0	0	0	0	0	0	2	0	0	13	0	0	15
1	SECTcl3peb	20	28	0	0	2	0	0	0	0	0	0	0	4	0	0	0	0	0	26
0	SECTcl3peb	21	30	0	0	0	0	0	0	0	0	0	0	9	0	0	13	0	0	8
1	SECTcl3peb	21	19	0	0	11	0	1	0	0	3	0	0	11	0	0	9	0	0	6
0	SECTcl3peb	22	30	0	0	0	0	0	0	0	9	0	0	16	0	0	4	0	0	1
1	SECTcl3peb	22	30	0	0	0	0	7	0	0	10	0	0	12	0	0	1	0	0	0
0	SECTcl3peb	23	30	0	0	0	0	0	0	0	18	0	0	6	0	0	6	0	0	0
1	SECTcl3peb	23	30	0	0	0	0	4	0	0	10	0	0	13	0	0	3	0	0	0
0	SECTcl3peb	24	30	0	0	0	0	0	0	0	20	0	0	7	0	0	3	0	0	0
1	SECTcl3peb	24	26	3	0	4	0	0	0	0	12	0	0	18	0	0	0	0	0	0
0	SECTcl3peb	25	30	0	0	0	0	0	0	0	3	0	0	12	0	0	8	0	0	7
1	SECTcl3peb	25	7	0	0	22	0	0	1	0	6	0	0	3	0	0	9	0	0	12
0	SECTcl3peb	26	30	0	0	0	0	0	0	0	1	0	0	5	0	0	6	0	0	18
1	SECTcl3peb	26	25	2	0	1	1	0	0	0	0	2	0	0	2	0	0	0	0	30
0	SECTcl3peb	27	30	0	0	0	0	0	0	0	0	0	0	15	0	0	8	0	0	7
1	SECTcl3peb	27	26	0	0	0	0	0	2	0	0	2	0	0	0	0	0	0	0	30
0	SECTcl3peb	28	30	0	0	0	0	0	0	0	0	0	0	0	0	0	0	0	0	30
1	SECTcl3peb	28	26	0	0	2	0	0	2	0	0	0	0	0	0	0	0	0	0	30
0	SECTcl3peb	29	30	0	0	0	0	0	0	0	0	0	0	0	0	0	0	0	0	30
1	SECTcl3peb	29	26	0	0	2	0	0	2	0	0	0	0	0	0	0	0	0	0	30
0	SECTcl3peb	30	30	0	0	0	0	0	0	0	0	0	0	0	0	0	0	0	0	30
1	SECTcl3peb	30	26	0	0	2	0	0	2	0	0	0	0	0	0	0	0	0	0	30
0	SECTcl3peb	31	30	0	0	0	0	0	0	0	0	0	0	0	0	0	0	0	0	30
1	SECTcl3peb	31	28	0	0	2	0	0	0	0	0	0	0	0	0	0	0	0	0	30
0	SECTcl3peb	32	30	0	0	0	0	0	0	0	0	0	0	0	0	0	0	0	0	30
1	SECTcl3peb	32	30	0	0	0	0	0	0	0	0	0	0	0	0	0	0	0	0	30
0	SECTcl3peb	33	30	0	0	0	0	0	0	0	0	0	0	0	0	0	0	0	0	30
1	SECTcl3peb	33	29	0	0	1	0	0	0	0	0	0	0	0	0	0	0	0	0	30
0	SECTcl3peb	34	30	0	0	0	0	0	0	0	0	0	0	0	0	0	0	0	0	30
1	SECTcl3peb	34	29	0	0	1	0	0	0	0	0	0	0	0	0	0	0	0	0	30
0	SECTcl3peb	35	30	0	0	0	0	0	0	0	0	0	0	3	0	0	4	0	0	23
1	SECTcl3peb	35	29	0	0	1	0	0	0	0	0	0	0	0	0	0	0	0	0	30
0	SECTcl3peb	36	30	0	0	0	0	0	0	0	0	0	0	10	0	0	13	0	0	7
1	SECTcl3peb	36	30	0	0	0	0	0	0	0	0	0	0	0	0	0	0	0	0	30
0	SECTcl3peb	37	30	0	0	0	0	0	0	0	0	0	0	0	0	0	0	0	0	30
1	SECTcl3peb	37	30	0	0	0	0	0	0	0	0	0	0	0	0	0	0	0	0	30
0	SECTcl3peb	38	30	0	0	0	0	0	0	0	0	0	0	0	0	0	0	0	0	30
1	SECTcl3peb	38	23	0	0	7	0	0	0	0	0	0	0	0	0	0	0	0	0	30
0	SECTcl3peb	39	30	0	0	0	0	0	0	0	0	0	0	0	0	0	0	0	0	30
1	SECTcl3peb	39	30	0	0	0	0	0	0	0	0	0	0	0	0	0	0	0	0	30
0	SECTcl3peb	40	30	0	0	0	0	0	0	0	0	0	0	0	0	0	4	0	0	26
1	SECTcl3peb	40	30	0	0	0	0	0	0	0	0	0	0	0	0	0	0	0	0	30
0	SECTpeb	1	30	5	5	0	0	8	0	0	9	0	0	8	0	0	0	0	0	0
1	SECTpeb	1	30	5	5	0	0	0	0	0	0	0	0	25	0	0	0	0	0	0
0	SECTpeb	2	30	0	0	0	0	0	0	0	1	0	0	1	0	0	11	0	0	17
1	SECTpeb	2	11	0	0	19	0	0	0	0	0	0	0	0	0	0	6	0	0	24
0	SECTpeb	3	30	0	0	0	0	0	0	0	0	0	0	0	0	0	19	0	0	11
1	SECTpeb	3	3	0	0	26	0	0	1	0	0	0	0	0	0	0	0	0	0	30
0	SECTpeb	4	30	0	0	0	0	0	0	0	4	0	0	0	0	0	16	0	0	10
1	SECTpeb	4	12	0	0	18	0	0	0	0	0	0	0	0	0	0	0	0	0	30
0	SECTpeb	5	30	0	0	0	0	7	0	0	15	0	0	6	0	0	2	0	0	0
1	SECTpeb	5	2	0	0	28	0	0	0	0	0	0	0	0	0	0	0	0	0	30
0	SECTpeb	6	30	0	0	0	0	8	0	0	16	0	0	2	0	0	0	0	0	4
1	SECTpeb	6	3	0	0	27	0	0	0	0	0	0	0	0	0	0	0	0	0	30
0	SECTpeb	7	30	0	0	0	0	0	0	0	0	0	0	0	0	0	0	0	0	30
1	SECTpeb	7	8	0	0	22	0	0	0	0	0	0	0	0	0	0	0	0	0	30
0	SECTpeb	8	30	0	0	0	0	0	0	0	0	0	0	0	0	0	3	0	0	27
1	SECTpeb	8	14	0	0	16	0	0	0	0	0	0	0	0	0	0	0	0	0	30
0	SECTpeb	9	30	0	0	0	0	0	0	0	1	0	0	3	0	0	12	0	0	14
1	SECTpeb	9	13	0	0	17	0	0	0	0	0	0	0	0	0	0	0	0	0	30
0	SECTpeb	10	30	0	0	0	0	0	0	0	10	0	0	20	0	0	0	0	0	0
1	SECTpeb	10	30	0	0	0	0	0	0	0	0	0	0	4	0	0	4	0	0	22
0	SECTpeb	11	30	0	0	0	0	5	0	0	23	0	0	2	0	0	0	0	0	0
1	SECTpeb	11	28	0	0	2	0	0	0	0	4	0	0	2	0	0	9	0	0	15
0	SECTpeb	12	30	0	0	0	0	5	0	0	15	0	0	3	0	0	3	0	0	4
1	SECTpeb	12	30	0	0	0	0	4	0	0	9	0	0	13	0	0	4	0	0	0
0	SECTpeb	13	30	0	0	0	0	0	0	0	0	0	0	0	0	0	0	0	0	30
1	SECTpeb	13	30	0	0	0	0	12	0	0	18	0	0	0	0	0	0	0	0	0
0	SECTpeb	14	30	0	0	0	0	0	0	0	0	0	0	0	0	0	4	0	0	26
1	SECTpeb	14	30	0	4	0	0	21	0	0	5	0	0	0	0	0	0	0	0	0
0	SECTpeb	15	30	0	0	0	0	0	0	0	0	0	0	2	0	0	22	0	0	6
1	SECTpeb	15	30	0	0	0	0	17	0	0	4	0	0	1	0	0	5	0	0	3
0	SECTpeb	16	30	0	0	0	0	0	0	0	0	0	0	21	0	0	9	0	0	0
1	SECTpeb	16	30	0	0	0	0	0	0	0	2	0	0	2	0	0	2	0	0	24
0	SECTpeb	17	30	0	0	0	0	0	0	0	2	0	0	19	0	0	7	0	0	2
1	SECTpeb	17	30	0	0	0	0	0	0	0	24	0	0	5	0	0	1	0	0	0
0	SECTpeb	18	30	0	0	0	0	0	0	0	0	0	0	2	0	0	12	0	0	16
1	SECTpeb	18	30	0	1	0	0	8	0	0	12	0	0	3	0	0	6	0	0	0
0	SECTpeb	19	30	0	0	0	0	1	0	0	3	0	0	0	0	0	18	0	0	8
1	SECTpeb	19	30	0	4	0	0	10	0	0	12	0	0	0	0	0	3	0	0	1
0	SECTpeb	20	30	0	0	0	0	14	0	0	12	0	0	3	0	0	1	0	0	0
1	SECTpeb	20	30	0	0	0	0	0	0	0	0	0	0	4	0	0	6	0	0	20
0	SECTpeb	21	30	0	1	0	0	15	0	0	7	0	0	3	0	0	4	0	0	0
1	SECTpeb	21	25	0	0	5	0	3	0	0	1	0	0	15	0	0	8	0	0	3
0	SECTpeb	22	30	0	0	0	0	16	0	0	9	0	0	5	0	0	0	0	0	0
1	SECTpeb	22	28	0	0	2	0	0	0	0	19	0	0	11	0	0	0	0	0	0
0	SECTpeb	23	30	0	1	0	0	19	0	0	7	0	0	3	0	0	0	0	0	0
1	SECTpeb	23	22	0	0	8	0	5	0	0	11	0	0	6	0	0	4	0	0	4
0	SECTpeb	24	30	0	0	0	0	10	0	0	12	0	0	8	0	0	0	0	0	0
1	SECTpeb	24	30	0	0	0	0	1	0	0	14	0	0	13	0	0	2	0	0	0
0	SECTpeb	25	30	0	0	0	0	9	0	0	17	0	0	3	0	0	1	0	0	0
1	SECTpeb	25	30	0	0	0	0	3	0	0	6	0	0	12	0	0	9	0	0	0
0	SECTpeb	26	30	0	0	0	0	0	0	0	4	0	0	8	0	0	18	0	0	0
1	SECTpeb	26	24	3	0	1	0	0	0	0	0	1	0	0	4	0	7	0	0	23
0	SECTpeb	27	30	0	0	0	0	0	0	0	17	0	0	5	0	0	4	0	0	4
1	SECTpeb	27	18	0	0	6	0	0	1	0	0	3	0	0	2	0	0	0	0	30
0	SECTpeb	28	30	0	0	0	0	0	0	0	0	0	0	0	0	0	0	0	0	30
1	SECTpeb	28	24	0	0	1	0	0	0	0	0	5	0	0	0	0	0	0	0	30
0	SECTpeb	29	30	0	0	0	0	0	0	0	0	0	0	0	0	0	0	0	0	30
1	SECTpeb	29	24	0	0	1	0	0	0	0	0	5	0	0	0	0	0	0	0	30
0	SECTpeb	30	30	0	0	0	0	0	0	0	0	0	0	0	0	0	11	0	0	19
1	SECTpeb	30	23	0	0	1	0	0	1	0	0	5	0	0	0	0	0	0	0	30
0	SECTpeb	31	30	0	0	0	0	0	0	0	0	0	0	0	0	0	4	0	0	26
1	SECTpeb	31	20	0	0	5	0	0	3	0	0	2	0	0	0	0	0	0	0	30
0	SECTpeb	32	30	0	0	0	0	0	0	0	2	0	0	2	0	0	4	0	0	22
1	SECTpeb	32	24	0	0	1	0	0	1	0	0	4	0	0	0	0	0	0	0	30
0	SECTpeb	33	30	0	0	0	0	0	0	0	19	0	0	9	0	0	2	0	0	0
1	SECTpeb	33	4	0	0	20	0	0	1	0	0	3	0	0	2	0	0	0	0	30
0	SECTpeb	34	30	0	0	0	0	9	0	0	17	0	0	4	0	0	0	0	0	0
1	SECTpeb	34	4	0	0	14	0	0	8	0	0	4	0	0	0	0	0	0	0	30
0	SECTpeb	35	30	0	1	0	0	20	0	0	4	0	0	3	0	0	2	0	0	0
1	SECTpeb	35	4	0	0	17	0	0	4	0	0	5	0	0	0	0	0	0	0	30
0	SECTpeb	36	30	0	0	0	0	18	0	0	6	0	0	2	0	0	0	0	0	4
1	SECTpeb	36	30	0	0	0	0	0	0	0	0	0	0	0	0	0	0	0	0	30
0	SECTpeb	37	30	0	0	0	0	0	0	0	0	0	0	1	0	0	3	0	0	26
1	SECTpeb	37	30	0	0	0	0	0	0	0	0	0	0	0	0	0	0	0	0	30
0	SECTpeb	38	30	0	0	0	0	0	0	0	1	0	0	11	0	0	11	0	0	7
1	SECTpeb	38	19	0	0	11	0	0	0	0	0	0	0	0	0	0	0	0	0	30
0	SECTpeb	39	30	0	0	0	0	0	0	0	7	0	0	14	0	0	9	0	0	0
1	SECTpeb	39	30	0	0	0	0	0	0	0	0	0	0	0	0	0	0	0	0	30
0	SECTpeb	40	30	0	0	0	0	0	0	0	18	0	0	8	0	0	2	0	0	2
1	SECTpeb	40	30	0	0	0	0	0	0	0	0	0	0	0	0	0	0	0	0	30
0	SEIIcl1peb	1	30	5	5	0	0	0	0	0	5	0	0	1	0	0	7	0	0	12
1	SEIIcl1peb	1	30	5	5	0	0	2	0	0	6	0	0	14	0	0	3	0	0	0
0	SEIIcl1peb	2	30	0	0	0	0	0	0	0	0	0	0	0	0	0	2	0	0	28
1	SEIIcl1peb	2	30	0	0	0	0	0	0	0	0	0	0	3	0	0	5	0	0	22
0	SEIIcl1peb	3	30	0	0	0	0	0	0	0	0	0	0	0	0	0	0	0	0	30
1	SEIIcl1peb	3	30	0	0	0	0	0	0	0	2	0	0	3	0	0	11	0	0	14
0	SEIIcl1peb	4	30	0	0	0	0	0	0	0	0	0	0	1	0	0	5	0	0	24
1	SEIIcl1peb	4	30	0	0	0	0	0	0	0	0	0	0	0	0	0	10	0	0	20
0	SEIIcl1peb	5	30	0	0	0	0	0	0	0	0	0	0	7	0	0	17	0	0	6
1	SEIIcl1peb	5	30	0	0	0	0	0	0	0	0	0	0	0	0	0	10	0	0	20
0	SEIIcl1peb	6	30	0	0	0	0	0	0	0	10	0	0	9	0	0	4	0	0	7
1	SEIIcl1peb	6	25	0	0	5	0	0	0	0	0	0	0	0	0	0	5	0	0	25
0	SEIIcl1peb	7	30	0	0	0	0	0	0	0	5	0	0	10	0	0	8	0	0	7
1	SEIIcl1peb	7	27	0	0	3	0	0	0	0	0	0	0	1	0	0	15	0	0	14
0	SEIIcl1peb	8	30	0	0	0	0	0	0	0	3	0	0	7	0	0	11	0	0	9
1	SEIIcl1peb	8	30	0	0	0	0	0	0	0	0	0	0	9	0	0	19	0	0	2
0	SEIIcl1peb	9	30	0	0	0	0	0	0	0	9	0	0	16	0	0	5	0	0	0
1	SEIIcl1peb	9	30	0	0	0	0	0	0	0	4	0	0	7	0	0	15	0	0	4
0	SEIIcl1peb	10	30	0	0	0	0	0	0	0	7	0	0	12	0	0	10	0	0	1
1	SEIIcl1peb	10	30	0	0	0	0	2	0	0	16	0	0	12	0	0	0	0	0	0
0	SEIIcl1peb	11	30	0	0	0	0	0	0	0	6	0	0	15	0	0	5	0	0	4
1	SEIIcl1peb	11	30	0	1	0	0	21	0	0	6	0	0	2	0	0	0	0	0	0
0	SEIIcl1peb	12	30	0	0	0	0	0	0	0	1	0	0	17	0	0	12	0	0	0
1	SEIIcl1peb	12	30	0	2	0	0	3	0	0	11	0	0	7	0	0	7	0	0	0
0	SEIIcl1peb	13	30	0	0	0	0	0	0	0	0	0	0	21	0	0	7	0	0	2
1	SEIIcl1peb	13	30	0	0	0	0	7	0	0	11	0	0	4	0	0	8	0	0	0
0	SEIIcl1peb	14	30	0	0	0	0	0	0	0	3	0	0	11	0	0	10	0	0	6
1	SEIIcl1peb	14	30	0	0	0	0	0	0	0	12	0	0	13	0	0	4	0	0	1
0	SEIIcl1peb	15	30	0	0	0	0	0	0	0	0	0	0	18	0	0	12	0	0	0
1	SEIIcl1peb	15	27	0	0	3	0	0	0	0	11	0	0	14	0	0	3	0	0	2
0	SEIIcl1peb	16	30	0	0	0	0	0	0	0	3	0	0	8	0	0	8	0	0	11
1	SEIIcl1peb	16	27	0	0	3	0	0	0	0	8	0	0	5	0	0	16	0	0	1
0	SEIIcl1peb	17	30	0	0	0	0	0	0	0	5	0	0	21	0	0	2	0	0	2
1	SEIIcl1peb	17	30	0	0	0	0	0	0	0	14	0	0	9	0	0	7	0	0	0
0	SEIIcl1peb	18	30	0	0	0	0	0	0	0	8	0	0	17	0	0	5	0	0	0
1	SEIIcl1peb	18	30	0	0	0	0	3	0	0	6	0	0	9	0	0	8	0	0	4
0	SEIIcl1peb	19	30	0	0	0	0	0	0	0	10	0	0	20	0	0	0	0	0	0
1	SEIIcl1peb	19	30	0	0	0	0	0	0	0	6	0	0	15	0	0	5	0	0	4
0	SEIIcl1peb	20	30	0	0	0	0	0	0	0	1	0	0	17	0	0	2	0	0	10
1	SEIIcl1peb	20	27	0	0	3	0	0	0	0	5	0	0	13	0	0	8	0	0	4
0	SEIIcl1peb	21	30	0	0	0	0	0	0	0	4	0	0	11	0	0	10	0	0	5
1	SEIIcl1peb	21	30	0	0	0	0	0	0	0	4	0	0	17	0	0	2	0	0	7
0	SEIIcl1peb	22	30	0	0	0	0	0	0	0	8	0	0	13	0	0	4	0	0	5
1	SEIIcl1peb	22	30	0	0	0	0	0	0	0	4	0	0	16	0	0	10	0	0	0
0	SEIIcl1peb	23	30	0	0	0	0	0	0	0	9	0	0	5	0	0	15	0	0	1
1	SEIIcl1peb	23	23	0	0	7	0	3	0	0	13	0	0	13	0	0	1	0	0	0
0	SEIIcl1peb	24	30	0	0	0	0	0	0	0	6	0	0	14	0	0	6	0	0	4
1	SEIIcl1peb	24	26	0	0	4	0	0	0	0	12	0	0	12	0	0	5	0	0	1
0	SEIIcl1peb	25	30	0	0	0	0	0	0	0	11	0	0	12	0	0	4	0	0	3
1	SEIIcl1peb	25	26	0	0	4	0	3	0	0	7	0	0	12	0	0	7	0	0	1
0	SEIIcl1peb	26	30	0	0	0	0	0	0	0	8	0	0	11	0	0	7	0	0	4
1	SEIIcl1peb	26	24	2	0	1	1	0	2	0	0	2	0	0	1	0	14	0	0	16
0	SEIIcl1peb	27	30	0	0	0	0	0	0	0	7	0	0	14	0	0	9	0	0	0
1	SEIIcl1peb	27	24	0	0	2	0	0	2	0	0	2	0	0	0	0	0	0	0	30
0	SEIIcl1peb	28	30	0	0	0	0	1	0	0	4	0	0	9	0	0	7	0	0	9
1	SEIIcl1peb	28	25	0	0	2	0	0	2	0	0	1	0	0	0	0	0	0	0	30
0	SEIIcl1peb	29	30	0	0	0	0	3	0	0	9	0	0	12	0	0	4	0	0	2
1	SEIIcl1peb	29	25	0	0	0	0	0	3	0	0	2	0	0	0	0	0	0	0	30
0	SEIIcl1peb	30	30	0	0	0	0	5	0	0	10	0	0	11	0	0	3	0	0	1
1	SEIIcl1peb	30	24	0	0	3	0	0	2	0	0	1	0	0	0	0	0	0	0	30
0	SEIIcl1peb	31	30	0	0	0	0	0	0	0	15	0	0	11	0	0	4	0	0	0
1	SEIIcl1peb	31	23	0	0	2	0	0	4	0	0	1	0	0	0	0	0	0	0	30
0	SEIIcl1peb	32	30	0	0	0	0	0	0	0	6	0	0	16	0	0	5	0	0	3
1	SEIIcl1peb	32	21	0	0	4	0	0	4	0	0	1	0	0	0	0	0	0	0	30
0	SEIIcl1peb	33	30	0	0	0	0	0	0	0	6	0	0	15	0	0	8	0	0	1
1	SEIIcl1peb	33	18	0	0	7	0	0	1	0	0	4	0	0	0	0	0	0	0	30
0	SEIIcl1peb	34	30	0	0	0	0	0	0	0	15	0	0	12	0	0	2	0	0	1
1	SEIIcl1peb	34	20	0	0	5	0	0	3	0	0	2	0	0	0	0	0	0	0	30
0	SEIIcl1peb	35	30	0	0	0	0	0	0	0	11	0	0	6	0	0	5	0	0	8
1	SEIIcl1peb	35	17	0	0	8	0	0	3	0	0	2	0	0	0	0	0	0	0	30
0	SEIIcl1peb	36	30	0	0	0	0	0	0	0	8	0	0	14	0	0	8	0	0	0
1	SEIIcl1peb	36	13	0	0	17	0	0	0	0	0	0	0	0	0	0	0	0	0	30
0	SEIIcl1peb	37	30	0	0	0	0	0	0	0	8	0	0	8	0	0	12	0	0	2
1	SEIIcl1peb	37	2	0	0	27	0	0	1	0	0	0	0	0	0	0	0	0	0	30
0	SEIIcl1peb	38	30	0	0	0	0	0	0	0	3	0	0	15	0	0	5	0	0	7
1	SEIIcl1peb	38	17	0	0	13	0	0	0	0	0	0	0	0	0	0	0	0	0	30
0	SEIIcl1peb	39	30	0	0	0	0	0	0	0	0	0	0	18	0	0	9	0	0	3
1	SEIIcl1peb	39	3	0	0	20	0	0	7	0	0	0	0	0	0	0	0	0	0	30
0	SEIIcl1peb	40	30	0	0	0	0	0	0	0	3	0	0	8	0	0	6	0	0	13
1	SEIIcl1peb	40	18	0	0	12	0	0	0	0	0	0	0	0	0	0	0	0	0	30
0	SEITcl1plb	1	30	5	5	0	0	4	0	0	14	0	0	7	0	0	0	0	0	0
1	SEITcl1plb	1	30	5	5	0	0	4	0	0	12	0	0	6	0	0	3	0	0	0
0	SEITcl1plb	2	30	0	0	0	0	0	0	0	7	0	0	7	0	0	4	0	0	12
1	SEITcl1plb	2	30	0	0	0	0	0	0	0	5	0	0	5	0	0	7	0	0	13
0	SEITcl1plb	3	30	0	0	0	0	0	0	0	0	0	0	0	0	0	0	0	0	30
1	SEITcl1plb	3	30	0	0	0	0	0	0	0	0	0	0	0	0	0	0	0	0	30
0	SEITcl1plb	4	30	0	0	0	0	0	0	0	0	0	0	0	0	0	0	0	0	30
1	SEITcl1plb	4	30	0	0	0	0	0	0	0	0	0	0	0	0	0	0	0	0	30
0	SEITcl1plb	5	30	0	0	0	0	0	0	0	0	0	0	0	0	0	0	0	0	30
1	SEITcl1plb	5	30	0	0	0	0	0	0	0	0	0	0	0	0	0	0	0	0	30
0	SEITcl1plb	6	30	0	0	0	0	0	0	0	0	0	0	0	0	0	5	0	0	25
1	SEITcl1plb	6	30	0	0	0	0	0	0	0	0	0	0	4	0	0	9	0	0	17
0	SEITcl1plb	7	30	0	0	0	0	0	0	0	0	0	0	0	0	0	17	0	0	13
1	SEITcl1plb	7	30	0	0	0	0	0	0	0	0	0	0	20	0	0	10	0	0	0
0	SEITcl1plb	8	30	0	0	0	0	0	0	0	0	0	0	0	0	0	10	0	0	20
1	SEITcl1plb	8	30	0	0	0	0	0	0	0	4	0	0	15	0	0	11	0	0	0
0	SEITcl1plb	9	30	0	0	0	0	0	0	0	0	0	0	0	0	0	11	0	0	19
1	SEITcl1plb	9	30	0	4	0	0	16	0	0	7	0	0	2	0	0	0	0	0	0
0	SEITcl1plb	10	30	0	0	0	0	0	0	0	0	0	0	5	0	0	18	0	0	7
1	SEITcl1plb	10	30	0	0	0	0	1	0	0	7	0	0	20	0	0	2	0	0	0
0	SEITcl1plb	11	30	0	0	0	0	0	0	0	1	0	0	13	0	0	11	0	0	5
1	SEITcl1plb	11	30	0	0	0	0	0	0	0	0	0	0	5	0	0	18	0	0	7
0	SEITcl1plb	12	30	0	0	0	0	0	0	0	0	0	0	1	0	0	20	0	0	9
1	SEITcl1plb	12	30	0	0	0	0	0	0	0	2	0	0	19	0	0	7	0	0	2
0	SEITcl1plb	13	30	0	0	0	0	0	0	0	0	0	0	12	0	0	12	0	0	6
1	SEITcl1plb	13	30	0	0	0	0	1	0	0	16	0	0	12	0	0	1	0	0	0
0	SEITcl1plb	14	30	0	0	0	0	0	0	0	0	0	0	1	0	0	27	0	0	2
1	SEITcl1plb	14	30	0	0	0	0	4	0	0	14	0	0	6	0	0	6	0	0	0
0	SEITcl1plb	15	30	0	0	0	0	1	0	0	3	0	0	18	0	0	8	0	0	0
1	SEITcl1plb	15	30	0	0	0	0	4	0	0	21	0	0	3	0	0	2	0	0	0
0	SEITcl1plb	16	30	0	0	0	0	8	0	0	13	0	0	3	0	0	2	0	0	4
1	SEITcl1plb	16	30	0	0	0	0	0	0	0	0	0	0	5	0	0	12	0	0	13
0	SEITcl1plb	17	30	0	0	0	0	0	0	0	5	0	0	17	0	0	6	0	0	2
1	SEITcl1plb	17	30	0	0	0	0	0	0	0	1	0	0	3	0	0	17	0	0	9
0	SEITcl1plb	18	30	0	0	0	0	0	0	0	8	0	0	16	0	0	6	0	0	0
1	SEITcl1plb	18	30	0	0	0	0	1	0	0	21	0	0	8	0	0	0	0	0	0
0	SEITcl1plb	19	30	0	0	0	0	0	0	0	6	0	0	16	0	0	5	0	0	3
1	SEITcl1plb	19	30	0	0	0	0	2	0	0	14	0	0	12	0	0	1	0	0	1
0	SEITcl1plb	20	30	0	0	0	0	0	0	0	0	0	0	16	0	0	11	0	0	3
1	SEITcl1plb	20	30	0	0	0	0	8	0	0	11	0	0	6	0	0	1	0	0	4
0	SEITcl1plb	21	30	0	0	0	0	0	0	0	4	0	0	17	0	0	9	0	0	0
1	SEITcl1plb	21	30	0	0	0	0	9	0	0	17	0	0	4	0	0	0	0	0	0
0	SEITcl1plb	22	30	0	0	0	0	2	0	0	20	0	0	3	0	0	5	0	0	0
1	SEITcl1plb	22	30	0	0	0	0	5	0	0	13	0	0	7	0	0	5	0	0	0
0	SEITcl1plb	23	30	0	0	0	0	0	0	0	18	0	0	3	0	0	9	0	0	0
1	SEITcl1plb	23	30	0	0	0	0	3	0	0	14	0	0	7	0	0	6	0	0	0
0	SEITcl1plb	24	30	0	0	0	0	0	0	0	0	0	0	11	0	0	18	0	0	1
1	SEITcl1plb	24	30	0	0	0	0	0	0	0	4	0	0	13	0	0	13	0	0	0
0	SEITcl1plb	25	30	0	0	0	0	0	0	0	8	0	0	19	0	0	3	0	0	0
1	SEITcl1plb	25	30	0	0	0	0	7	0	0	17	0	0	4	0	0	1	0	0	1
0	SEITcl1plb	26	30	0	0	0	0	7	0	0	12	0	0	11	0	0	0	0	0	0
1	SEITcl1plb	26	24	1	0	1	0	0	2	0	0	2	0	0	1	0	0	0	0	30
0	SEITcl1plb	27	30	0	0	0	0	0	0	0	4	0	0	21	0	0	2	0	0	3
1	SEITcl1plb	27	25	0	0	2	0	0	2	0	0	1	0	0	0	0	0	0	0	30
0	SEITcl1plb	28	30	0	0	0	0	0	0	0	0	0	0	3	0	0	16	0	0	11
1	SEITcl1plb	28	25	0	0	1	0	0	4	0	0	0	0	0	0	0	0	0	0	30
0	SEITcl1plb	29	30	0	0	0	0	0	0	0	0	0	0	18	0	0	8	0	0	4
1	SEITcl1plb	29	25	0	0	1	0	0	3	0	0	1	0	0	0	0	0	0	0	30
0	SEITcl1plb	30	30	0	0	0	0	0	0	0	9	0	0	18	0	0	3	0	0	0
1	SEITcl1plb	30	25	0	0	2	0	0	2	0	0	1	0	0	0	0	0	0	0	30
0	SEITcl1plb	31	30	0	0	0	0	0	0	0	13	0	0	11	0	0	5	0	0	1
1	SEITcl1plb	31	23	0	0	2	0	0	3	0	0	2	0	0	0	0	0	0	0	30
0	SEITcl1plb	32	30	0	0	0	0	0	0	0	1	0	0	18	0	0	11	0	0	0
1	SEITcl1plb	32	7	0	0	18	0	0	3	0	0	2	0	0	0	0	0	0	0	30
0	SEITcl1plb	33	30	0	0	0	0	4	0	0	8	0	0	18	0	0	0	0	0	0
1	SEITcl1plb	33	5	0	0	20	0	0	0	0	0	5	0	0	0	0	0	0	0	30
0	SEITcl1plb	34	30	0	0	0	0	3	0	0	15	0	0	7	0	0	5	0	0	0
1	SEITcl1plb	34	15	0	0	10	0	0	2	0	0	3	0	0	0	0	0	0	0	30
0	SEITcl1plb	35	30	0	0	0	0	0	0	0	16	0	0	9	0	0	5	0	0	0
1	SEITcl1plb	35	5	0	0	20	0	0	3	0	0	2	0	0	0	0	0	0	0	30
0	SEITcl1plb	36	30	0	0	0	0	0	0	0	6	0	0	16	0	0	6	0	0	2
1	SEITcl1plb	36	19	0	0	11	0	0	0	0	0	0	0	0	0	0	0	0	0	30
0	SEITcl1plb	37	30	0	0	0	0	0	0	0	0	0	0	8	0	0	17	0	0	5
1	SEITcl1plb	37	30	0	0	0	0	0	0	0	0	0	0	0	0	0	0	0	0	30
0	SEITcl1plb	38	30	0	0	0	0	0	0	0	12	0	0	12	0	0	3	0	0	3
1	SEITcl1plb	38	30	0	0	0	0	0	0	0	0	0	0	0	0	0	0	0	0	30
0	SEITcl1plb	39	30	0	0	0	0	0	0	0	11	0	0	9	0	0	8	0	0	2
1	SEITcl1plb	39	3	0	0	27	0	0	0	0	0	0	0	0	0	0	0	0	0	30
0	SEITcl1plb	40	30	0	0	0	0	0	0	0	8	0	0	16	0	0	6	0	0	0
1	SEITcl1plb	40	17	0	0	13	0	0	0	0	0	0	0	0	0	0	0	0	0	30
0	SEITcl3peb	1	30	5	5	0	0	9	0	0	4	0	0	12	0	0	0	0	0	0
1	SEITcl3peb	1	30	5	5	0	0	2	0	0	12	0	0	11	0	0	0	0	0	0
0	SEITcl3peb	2	30	0	0	0	0	0	0	0	0	0	0	3	0	0	1	0	0	26
1	SEITcl3peb	2	22	0	0	4	0	0	4	0	2	0	0	7	0	0	1	0	0	20
0	SEITcl3peb	3	30	0	0	0	0	0	0	0	0	0	0	0	0	0	0	0	0	30
1	SEITcl3peb	3	20	0	0	10	0	0	0	0	0	0	0	0	0	0	0	0	0	30
0	SEITcl3peb	4	30	0	0	0	0	0	0	0	0	0	0	2	0	0	2	0	0	26
1	SEITcl3peb	4	26	0	0	4	0	0	0	0	0	0	0	0	0	0	0	0	0	30
0	SEITcl3peb	5	30	0	0	0	0	0	0	0	5	0	0	11	0	0	14	0	0	0
1	SEITcl3peb	5	15	0	0	15	0	0	0	0	0	0	0	0	0	0	0	0	0	30
0	SEITcl3peb	6	30	0	0	0	0	0	0	0	18	0	0	10	0	0	2	0	0	0
1	SEITcl3peb	6	26	0	0	4	0	0	0	0	0	0	0	0	0	0	0	0	0	30
0	SEITcl3peb	7	30	0	0	0	0	0	0	0	2	0	0	11	0	0	10	0	0	7
1	SEITcl3peb	7	20	0	0	10	0	0	0	0	0	0	0	0	0	0	1	0	0	29
0	SEITcl3peb	8	30	0	1	0	0	3	0	0	2	0	0	14	0	0	8	0	0	2
1	SEITcl3peb	8	29	0	0	1	0	0	0	0	0	0	0	0	0	0	6	0	0	24
0	SEITcl3peb	9	30	0	2	0	0	15	0	0	5	0	0	2	0	0	5	0	0	1
1	SEITcl3peb	9	30	0	0	0	0	0	0	0	0	0	0	4	0	0	0	0	0	26
0	SEITcl3peb	10	30	0	0	0	0	13	0	0	17	0	0	0	0	0	0	0	0	0
1	SEITcl3peb	10	30	0	0	0	0	4	0	0	4	0	0	16	0	0	6	0	0	0
0	SEITcl3peb	11	30	0	2	0	0	17	0	0	9	0	0	2	0	0	0	0	0	0
1	SEITcl3peb	11	30	0	3	0	0	6	0	0	16	0	0	4	0	0	0	0	0	1
0	SEITcl3peb	12	30	0	0	0	0	12	0	0	9	0	0	5	0	0	0	0	0	4
1	SEITcl3peb	12	30	0	3	0	0	11	0	0	13	0	0	3	0	0	0	0	0	0
0	SEITcl3peb	13	30	0	0	0	0	0	0	0	3	0	0	2	0	0	12	0	0	13
1	SEITcl3peb	13	30	0	9	0	0	15	0	0	3	0	0	3	0	0	0	0	0	0
0	SEITcl3peb	14	30	0	0	0	0	4	0	0	13	0	0	12	0	0	1	0	0	0
1	SEITcl3peb	14	30	0	3	0	0	16	0	0	10	0	0	1	0	0	0	0	0	0
0	SEITcl3peb	15	30	0	0	0	0	15	0	0	5	0	0	5	0	0	5	0	0	0
1	SEITcl3peb	15	30	0	0	0	0	14	0	0	12	0	0	0	0	0	0	0	0	4
0	SEITcl3peb	16	30	0	0	0	0	8	0	0	8	0	0	4	0	0	6	0	0	4
1	SEITcl3peb	16	29	0	0	1	0	0	0	0	0	0	0	4	0	0	0	0	0	26
0	SEITcl3peb	17	30	0	0	0	0	9	0	0	14	0	0	6	0	0	1	0	0	0
1	SEITcl3peb	17	30	0	0	0	0	1	0	0	3	0	0	11	0	0	14	0	0	1
0	SEITcl3peb	18	30	0	0	0	0	0	0	0	3	0	0	16	0	0	11	0	0	0
1	SEITcl3peb	18	30	0	3	0	0	3	0	0	24	0	0	0	0	0	0	0	0	0
0	SEITcl3peb	19	30	0	0	0	0	4	0	0	0	0	0	5	0	0	17	0	0	4
1	SEITcl3peb	19	30	0	0	0	0	9	0	0	10	0	0	3	0	0	7	0	0	1
0	SEITcl3peb	20	30	0	1	0	0	12	0	0	16	0	0	1	0	0	0	0	0	0
1	SEITcl3peb	20	30	0	0	0	0	0	0	0	0	0	0	3	0	0	14	0	0	13
0	SEITcl3peb	21	30	0	0	0	0	21	0	0	7	0	0	2	0	0	0	0	0	0
1	SEITcl3peb	21	30	0	0	0	0	0	0	0	3	0	0	10	0	0	16	0	0	1
0	SEITcl3peb	22	30	0	2	0	0	17	0	0	10	0	0	1	0	0	0	0	0	0
1	SEITcl3peb	22	25	0	0	5	0	1	0	0	14	0	0	8	0	0	4	0	0	3
0	SEITcl3peb	23	30	0	0	0	0	12	0	0	7	0	0	11	0	0	0	0	0	0
1	SEITcl3peb	23	30	0	0	0	0	4	0	0	11	0	0	13	0	0	2	0	0	0
0	SEITcl3peb	24	30	0	0	0	0	12	0	0	12	0	0	3	0	0	3	0	0	0
1	SEITcl3peb	24	30	0	0	0	0	2	0	0	15	0	0	10	0	0	3	0	0	0
0	SEITcl3peb	25	30	0	0	0	0	15	0	0	4	0	0	9	0	0	2	0	0	0
1	SEITcl3peb	25	9	4	0	18	0	4	3	0	5	0	0	0	0	0	18	0	0	3
0	SEITcl3peb	26	30	0	0	0	0	1	0	0	5	0	0	20	0	0	4	0	0	0
1	SEITcl3peb	26	6	1	0	17	2	0	1	0	0	1	0	0	4	0	1	1	0	29
0	SEITcl3peb	27	30	0	0	0	0	3	0	0	20	0	0	3	0	0	0	0	0	4
1	SEITcl3peb	27	0	0	0	4	0	0	20	0	0	1	0	0	4	0	0	1	0	30
0	SEITcl3peb	28	30	0	0	0	0	0	0	0	1	0	0	2	0	0	1	0	0	26
1	SEITcl3peb	28	0	0	0	18	0	0	7	0	0	2	0	0	3	0	0	0	0	30
0	SEITcl3peb	29	30	0	0	0	0	3	0	0	2	0	0	14	0	0	11	0	0	0
1	SEITcl3peb	29	0	1	0	0	0	0	24	0	0	1	0	0	4	0	0	1	0	30
0	SEITcl3peb	30	30	0	0	0	0	9	0	0	10	0	0	9	0	0	2	0	0	0
1	SEITcl3peb	30	0	0	0	0	0	0	9	0	0	16	0	0	4	0	0	1	0	30
0	SEITcl3peb	31	30	0	0	0	0	3	0	0	14	0	0	9	0	0	3	0	0	1
1	SEITcl3peb	31	0	1	0	0	0	0	4	0	0	21	0	0	3	0	0	2	0	30
0	SEITcl3peb	32	30	0	0	0	0	0	0	0	4	0	0	3	0	0	22	0	0	1
1	SEITcl3peb	32	0	0	0	0	0	0	4	0	0	21	0	0	4	0	0	1	0	30
0	SEITcl3peb	33	30	0	0	0	0	4	0	0	25	0	0	1	0	0	0	0	0	0
1	SEITcl3peb	33	0	0	0	0	0	0	7	0	0	18	0	0	3	0	0	2	0	30
0	SEITcl3peb	34	30	0	4	0	0	17	0	0	6	0	0	3	0	0	0	0	0	0
1	SEITcl3peb	34	0	1	0	0	0	0	4	0	0	13	0	0	11	0	0	2	0	30
0	SEITcl3peb	35	30	0	5	0	0	13	0	0	9	0	0	3	0	0	0	0	0	0
1	SEITcl3peb	35	0	0	0	0	0	0	4	0	0	20	0	0	5	0	0	1	0	30
0	SEITcl3peb	36	30	0	1	0	0	18	0	0	3	0	0	4	0	0	4	0	0	0
1	SEITcl3peb	36	0	0	0	0	0	0	18	0	0	12	0	0	0	0	0	0	0	30
0	SEITcl3peb	37	30	0	0	0	0	0	0	0	2	0	0	2	0	0	17	0	0	9
1	SEITcl3peb	37	0	0	0	4	0	0	26	0	0	0	0	0	0	0	0	0	0	30
0	SEITcl3peb	38	30	0	0	0	0	0	0	0	10	0	0	14	0	0	5	0	0	1
1	SEITcl3peb	38	5	0	0	21	0	0	4	0	0	0	0	0	0	0	0	0	0	30
0	SEITcl3peb	39	30	0	0	0	0	3	0	0	14	0	0	8	0	0	5	0	0	0
1	SEITcl3peb	39	14	0	0	16	0	0	0	0	0	0	0	0	0	0	0	0	0	30
0	SEITcl3peb	40	30	0	0	0	0	11	0	0	10	0	0	5	0	0	4	0	0	0
1	SEITcl3peb	40	22	0	0	8	0	0	0	0	0	0	0	0	0	0	0	0	0	30
0	SEITcl4peb	1	30	5	5	0	0	0	0	0	4	0	0	12	0	0	9	0	0	0
1	SEITcl4peb	1	30	5	5	0	0	4	0	0	21	0	0	0	0	0	0	0	0	0
0	SEITcl4peb	2	30	0	0	0	0	0	0	0	0	0	0	4	0	0	10	0	0	16
1	SEITcl4peb	2	30	0	0	0	0	0	0	0	2	0	0	8	0	0	9	0	0	11
0	SEITcl4peb	3	30	0	0	0	0	0	0	0	1	0	0	4	0	0	11	0	0	14
1	SEITcl4peb	3	30	0	0	0	0	0	0	0	0	0	0	0	0	0	2	0	0	28
0	SEITcl4peb	4	30	0	0	0	0	0	0	0	5	0	0	19	0	0	3	0	0	3
1	SEITcl4peb	4	28	0	0	2	0	0	0	0	0	0	0	1	0	0	17	0	0	12
0	SEITcl4peb	5	30	0	0	0	0	5	0	0	18	0	0	3	0	0	4	0	0	0
1	SEITcl4peb	5	26	0	0	4	0	0	0	0	0	0	0	0	0	0	0	0	0	30
0	SEITcl4peb	6	30	0	0	0	0	10	0	0	7	0	0	11	0	0	2	0	0	0
1	SEITcl4peb	6	16	0	0	14	0	0	0	0	0	0	0	0	0	0	0	0	0	30
0	SEITcl4peb	7	30	0	0	0	0	0	0	0	4	0	0	11	0	0	14	0	0	1
1	SEITcl4peb	7	13	0	0	17	0	0	0	0	0	0	0	0	0	0	8	0	0	22
0	SEITcl4peb	8	30	0	2	0	0	2	0	0	4	0	0	14	0	0	6	0	0	2
1	SEITcl4peb	8	30	0	0	0	0	0	0	0	0	0	0	2	0	0	6	0	0	22
0	SEITcl4peb	9	30	0	2	0	0	16	0	0	11	0	0	1	0	0	0	0	0	0
1	SEITcl4peb	9	30	0	0	0	0	0	0	0	4	0	0	0	0	0	11	0	0	15
0	SEITcl4peb	10	30	0	0	0	0	10	0	0	10	0	0	10	0	0	0	0	0	0
1	SEITcl4peb	10	30	0	1	0	0	3	0	0	5	0	0	18	0	0	3	0	0	0
0	SEITcl4peb	11	30	0	0	0	0	16	0	0	12	0	0	1	0	0	1	0	0	0
1	SEITcl4peb	11	30	0	2	0	0	16	0	0	4	0	0	7	0	0	1	0	0	0
0	SEITcl4peb	12	30	0	0	0	0	8	0	0	11	0	0	6	0	0	2	0	0	3
1	SEITcl4peb	12	30	0	4	0	0	13	0	0	12	0	0	1	0	0	0	0	0	0
0	SEITcl4peb	13	30	0	0	0	0	0	0	0	0	0	0	4	0	0	7	0	0	19
1	SEITcl4peb	13	30	0	7	0	0	13	0	0	3	0	0	6	0	0	1	0	0	0
0	SEITcl4peb	14	30	0	0	0	0	3	0	0	2	0	0	8	0	0	17	0	0	0
1	SEITcl4peb	14	30	0	9	0	0	11	0	0	5	0	0	3	0	0	2	0	0	0
0	SEITcl4peb	15	30	0	0	0	0	18	0	0	6	0	0	6	0	0	0	0	0	0
1	SEITcl4peb	15	30	0	1	0	0	17	0	0	5	0	0	2	0	0	5	0	0	0
0	SEITcl4peb	16	30	0	0	0	0	14	0	0	6	0	0	9	0	0	1	0	0	0
1	SEITcl4peb	16	30	0	0	0	0	3	0	0	1	0	0	4	0	0	7	0	0	15
0	SEITcl4peb	17	30	0	0	0	0	11	0	0	9	0	0	6	0	0	3	0	0	1
1	SEITcl4peb	17	30	0	2	0	0	25	0	0	2	0	0	1	0	0	0	0	0	0
0	SEITcl4peb	18	30	0	0	0	0	0	0	0	0	0	0	0	0	0	16	0	0	14
1	SEITcl4peb	18	30	0	0	0	0	9	0	0	12	0	0	9	0	0	0	0	0	0
0	SEITcl4peb	19	30	0	0	0	0	3	0	0	1	0	0	8	0	0	15	0	0	3
1	SEITcl4peb	19	30	0	1	0	0	23	0	0	0	0	0	2	0	0	4	0	0	0
0	SEITcl4peb	20	30	0	0	0	0	10	0	0	11	0	0	7	0	0	2	0	0	0
1	SEITcl4peb	20	30	0	0	0	0	0	0	0	0	0	0	6	0	0	13	0	0	11
0	SEITcl4peb	21	30	0	0	0	0	22	0	0	4	0	0	4	0	0	0	0	0	0
1	SEITcl4peb	21	27	0	0	3	0	3	0	0	1	0	0	9	0	0	17	0	0	0
0	SEITcl4peb	22	30	0	1	0	0	16	0	0	9	0	0	2	0	0	2	0	0	0
1	SEITcl4peb	22	30	0	0	0	0	4	0	0	8	0	0	9	0	0	9	0	0	0
0	SEITcl4peb	23	30	0	0	0	0	13	0	0	11	0	0	4	0	0	2	0	0	0
1	SEITcl4peb	23	24	0	0	6	0	18	0	0	3	0	0	8	0	0	1	0	0	0
0	SEITcl4peb	24	30	0	0	0	0	10	0	0	18	0	0	2	0	0	0	0	0	0
1	SEITcl4peb	24	17	0	0	13	0	6	0	0	6	0	0	7	0	0	10	0	0	1
0	SEITcl4peb	25	30	0	0	0	0	6	0	0	15	0	0	3	0	0	6	0	0	0
1	SEITcl4peb	25	17	1	1	13	0	3	0	0	1	0	0	10	0	0	15	0	0	0
0	SEITcl4peb	26	30	0	0	0	0	0	0	0	1	0	0	3	0	0	6	0	0	20
1	SEITcl4peb	26	0	1	0	24	2	0	0	0	0	3	0	0	2	0	11	1	0	19
0	SEITcl4peb	27	30	0	0	0	0	0	0	0	10	0	0	13	0	0	3	0	0	4
1	SEITcl4peb	27	2	1	0	13	0	0	9	0	0	1	0	0	3	0	0	2	0	30
0	SEITcl4peb	28	30	0	0	0	0	2	0	0	1	0	0	1	0	0	0	0	0	26
1	SEITcl4peb	28	0	0	0	3	0	0	21	0	0	1	0	0	5	0	0	0	0	30
0	SEITcl4peb	29	30	0	0	0	0	12	0	0	10	0	0	8	0	0	0	0	0	0
1	SEITcl4peb	29	0	1	0	0	0	0	12	0	0	12	0	0	4	0	0	2	0	30
0	SEITcl4peb	30	30	0	0	0	0	8	0	0	11	0	0	8	0	0	3	0	0	0
1	SEITcl4peb	30	0	0	0	3	0	0	1	0	0	14	0	0	6	0	0	6	0	30
0	SEITcl4peb	31	30	0	0	0	0	0	0	0	5	0	0	14	0	0	7	0	0	4
1	SEITcl4peb	31	0	1	0	2	0	0	2	0	0	19	0	0	3	0	0	4	0	30
0	SEITcl4peb	32	30	0	0	0	0	4	0	0	7	0	0	18	0	0	1	0	0	0
1	SEITcl4peb	32	0	2	0	0	0	0	4	0	0	9	0	0	13	0	0	4	0	30
0	SEITcl4peb	33	30	0	2	0	0	11	0	0	12	0	0	4	0	0	1	0	0	0
1	SEITcl4peb	33	0	2	0	0	1	0	4	0	0	7	0	0	14	0	0	5	0	30
0	SEITcl4peb	34	30	0	2	0	0	16	0	0	11	0	0	1	0	0	0	0	0	0
1	SEITcl4peb	34	0	2	0	0	0	0	4	0	0	2	0	0	20	0	0	4	0	30
0	SEITcl4peb	35	30	0	2	0	0	21	0	0	5	0	0	2	0	0	0	0	0	0
1	SEITcl4peb	35	0	4	0	0	0	0	4	0	0	0	0	0	21	0	0	5	0	30
0	SEITcl4peb	36	30	0	0	0	0	20	0	0	4	0	0	2	0	0	3	0	0	1
1	SEITcl4peb	36	0	0	0	4	0	0	26	0	0	0	0	0	0	0	0	0	0	30
0	SEITcl4peb	37	30	0	0	0	0	0	0	0	3	0	0	1	0	0	6	0	0	20
1	SEITcl4peb	37	3	0	0	21	0	0	6	0	0	0	0	0	0	0	0	0	0	30
0	SEITcl4peb	38	30	0	0	0	0	2	0	0	17	0	0	11	0	0	0	0	0	0
1	SEITcl4peb	38	10	0	0	20	0	0	0	0	2	0	0	2	0	0	0	0	0	26
0	SEITcl4peb	39	30	0	0	0	0	12	0	0	11	0	0	7	0	0	0	0	0	0
1	SEITcl4peb	39	30	0	0	0	0	0	0	0	17	0	0	12	0	0	1	0	0	0
0	SEITcl4peb	40	30	0	0	0	0	10	0	0	13	0	0	4	0	0	2	0	0	1
1	SEITcl4peb	40	30	0	3	0	0	0	0	0	4	0	0	8	0	0	14	0	0	0
