Herbicide scenario	PFT	year	mean.10	min.10	max.10	mean.10_20	min.10_20	max.10_20	mean.20_30	min.20_30	max.20_30	mean.30_40	min.30_40	max.30_40	mean.40_50	min.40_50	max.40_50	mean.50	min.50	max.50
0	MECIcl3plb	1	30	0	0	0	0	1	0	0	21	0	0	8	0	0	0	0	0	0
1	MECIcl3plb	1	30	0	0	0	0	0	0	0	4	0	0	25	0	0	1	0	0	0
0	MECIcl3plb	2	30	0	0	0	0	0	0	0	1	0	0	5	0	0	18	0	0	6
1	MECIcl3plb	2	11	0	0	11	0	0	8	0	0	0	0	5	0	0	6	0	0	19
0	MECIcl3plb	3	30	0	0	0	0	0	0	0	0	0	0	0	0	0	1	0	0	29
1	MECIcl3plb	3	5	0	0	24	0	0	1	0	0	0	0	0	0	0	0	0	0	30
0	MECIcl3plb	4	30	0	0	0	0	0	0	0	0	0	0	0	0	0	0	0	0	30
1	MECIcl3plb	4	4	0	0	2	0	0	9	0	0	11	0	0	4	0	0	0	0	30
0	MECIcl3plb	5	30	0	0	0	0	0	0	0	0	0	0	0	0	0	0	0	0	30
1	MECIcl3plb	5	0	1	0	0	0	0	0	0	0	13	0	0	17	0	0	0	0	30
0	MECIcl3plb	6	30	0	0	0	0	0	0	0	0	0	0	0	0	0	0	0	0	30
1	MECIcl3plb	6	0	0	0	0	0	0	13	0	0	15	0	0	2	0	0	0	0	30
0	MECIcl3plb	7	30	0	0	0	0	0	0	0	0	0	0	0	0	0	0	0	0	30
1	MECIcl3plb	7	0	0	0	23	0	0	6	0	0	1	0	0	0	0	0	0	0	30
0	MECIcl3plb	8	30	0	0	0	0	0	0	0	0	0	0	0	0	0	0	0	0	30
1	MECIcl3plb	8	12	0	0	14	0	0	4	0	0	0	0	0	0	0	0	0	0	30
0	MECIcl3plb	9	30	0	0	0	0	0	0	0	0	0	0	0	0	0	0	0	0	30
1	MECIcl3plb	9	13	0	0	8	0	0	9	0	0	0	0	0	0	0	0	0	0	30
0	MECIcl3plb	10	30	0	0	0	0	0	0	0	0	0	0	0	0	0	0	0	0	30
1	MECIcl3plb	10	0	0	0	1	0	0	22	0	0	7	0	0	0	0	0	0	0	30
0	MECIcl3plb	11	30	0	0	0	0	0	0	0	0	0	0	0	0	0	0	0	0	30
1	MECIcl3plb	11	0	0	0	1	0	0	9	0	0	20	0	0	0	0	0	0	0	30
0	MECIcl3plb	12	30	0	0	0	0	0	0	0	0	0	0	0	0	0	0	0	0	30
1	MECIcl3plb	12	2	0	0	5	0	0	10	0	0	11	0	0	2	0	0	0	0	30
0	MECIcl3plb	13	30	0	0	0	0	0	0	0	0	0	0	0	0	0	0	0	0	30
1	MECIcl3plb	13	14	0	0	3	0	0	4	0	0	7	0	0	2	0	0	0	0	30
0	MECIcl3plb	14	30	0	0	0	0	0	0	0	0	0	0	0	0	0	0	0	0	30
1	MECIcl3plb	14	12	0	0	1	0	0	10	0	0	7	0	0	0	0	0	0	0	30
0	MECIcl3plb	15	30	0	0	0	0	0	0	0	0	0	0	0	0	0	0	0	0	30
1	MECIcl3plb	15	0	0	0	5	0	0	21	0	0	4	0	0	0	0	0	0	0	30
0	MECIcl3plb	16	30	0	0	0	0	0	0	0	0	0	0	0	0	0	0	0	0	30
1	MECIcl3plb	16	16	0	0	4	0	0	5	0	0	5	0	0	0	0	0	0	0	30
0	MECIcl3plb	17	30	0	0	0	0	0	0	0	0	0	0	0	0	0	0	0	0	30
1	MECIcl3plb	17	28	0	0	2	0	0	0	0	0	0	0	0	0	0	0	0	0	30
0	MECIcl3plb	18	30	0	0	0	0	0	0	0	0	0	0	0	0	0	0	0	0	30
1	MECIcl3plb	18	30	0	0	0	0	0	0	0	0	0	0	0	0	0	0	0	0	30
0	MECIcl3plb	19	30	0	0	0	0	0	0	0	0	0	0	0	0	0	0	0	0	30
1	MECIcl3plb	19	30	0	0	0	0	0	0	0	0	0	0	0	0	0	0	0	0	30
0	MECIcl3plb	20	30	0	0	0	0	0	0	0	0	0	0	0	0	0	0	0	0	30
1	MECIcl3plb	20	30	0	0	0	0	0	0	0	0	0	0	0	0	0	0	0	0	30
0	MECIcl3plb	21	30	0	0	0	0	0	0	0	0	0	0	0	0	0	0	0	0	30
1	MECIcl3plb	21	30	0	0	0	0	0	0	0	0	0	0	0	0	0	0	0	0	30
0	MECIcl3plb	22	30	0	0	0	0	0	0	0	0	0	0	0	0	0	0	0	0	30
1	MECIcl3plb	22	30	0	0	0	0	0	0	0	0	0	0	0	0	0	0	0	0	30
0	MECIcl3plb	23	30	0	0	0	0	0	0	0	0	0	0	0	0	0	0	0	0	30
1	MECIcl3plb	23	30	0	0	0	0	0	0	0	0	0	0	0	0	0	0	0	0	30
0	MECIcl3plb	24	30	0	0	0	0	0	0	0	0	0	0	0	0	0	0	0	0	30
1	MECIcl3plb	24	30	0	0	0	0	0	0	0	0	0	0	0	0	0	0	0	0	30
0	MECIcl3plb	25	30	0	0	0	0	0	0	0	0	0	0	0	0	0	0	0	0	30
1	MECIcl3plb	25	30	0	0	0	0	0	0	0	0	0	0	0	0	0	0	0	0	30
0	MECIcl3plb	26	30	0	0	0	0	0	0	0	0	0	0	0	0	0	0	0	0	30
1	MECIcl3plb	26	4	0	0	4	0	0	3	0	0	3	0	0	6	0	0	10	0	30
0	MECIcl3plb	27	30	0	0	0	0	0	0	0	0	0	0	0	0	0	0	0	0	30
1	MECIcl3plb	27	2	0	0	4	1	0	2	0	0	4	2	0	6	0	0	12	0	30
0	MECIcl3plb	28	30	0	0	0	0	0	0	0	0	0	0	0	0	0	0	0	0	30
1	MECIcl3plb	28	0	3	0	0	4	0	0	2	0	0	2	0	0	5	0	30	6	30
0	MECIcl3plb	29	30	0	0	0	0	0	0	0	0	0	0	0	0	0	0	0	0	30
1	MECIcl3plb	29	0	1	0	0	2	0	0	2	0	0	4	0	0	4	0	30	12	30
0	MECIcl3plb	30	30	0	0	0	0	0	0	0	0	0	0	0	0	0	0	0	0	30
1	MECIcl3plb	30	0	3	0	0	2	0	0	7	0	0	2	0	0	1	0	30	0	30
0	MECIcl3plb	31	30	0	0	0	0	0	0	0	0	0	0	0	0	0	0	0	0	30
1	MECIcl3plb	31	0	2	0	0	1	0	0	1	0	0	1	0	0	2	0	30	14	30
0	MECIcl3plb	32	30	0	0	0	0	0	0	0	0	0	0	0	0	0	0	0	0	30
1	MECIcl3plb	32	0	6	0	0	9	0	0	8	0	0	3	0	2	2	0	28	2	30
0	MECIcl3plb	33	30	0	0	0	0	0	0	0	0	0	0	0	0	0	0	0	0	30
1	MECIcl3plb	33	0	3	0	0	1	0	0	0	0	0	0	0	16	0	0	14	0	30
0	MECIcl3plb	34	30	0	0	0	0	0	0	0	0	0	0	0	0	0	0	0	0	30
1	MECIcl3plb	34	1	1	0	10	0	0	6	0	0	7	0	0	4	0	0	2	0	30
0	MECIcl3plb	35	30	0	0	0	0	0	0	0	0	0	0	0	0	0	0	0	0	30
1	MECIcl3plb	35	29	0	0	1	0	0	0	0	0	0	0	0	0	0	0	0	0	30
0	MECIcl3plb	36	30	0	0	0	0	0	0	0	0	0	0	0	0	0	0	0	0	30
1	MECIcl3plb	36	30	0	0	0	0	0	0	0	0	0	0	0	0	0	0	0	0	30
0	MECIcl3plb	37	30	0	0	0	0	0	0	0	0	0	0	0	0	0	0	0	0	30
1	MECIcl3plb	37	30	0	0	0	0	0	0	0	0	0	0	0	0	0	0	0	0	30
0	MECIcl3plb	38	30	0	0	0	0	0	0	0	0	0	0	0	0	0	0	0	0	30
1	MECIcl3plb	38	30	0	0	0	0	0	0	0	0	0	0	0	0	0	0	0	0	30
0	MECIcl3plb	39	30	0	0	0	0	0	0	0	0	0	0	0	0	0	0	0	0	30
1	MECIcl3plb	39	29	0	0	1	0	0	0	0	0	0	0	0	0	0	0	0	0	30
0	MECIcl3plb	40	30	0	0	0	0	0	0	0	0	0	0	0	0	0	0	0	0	30
1	MECIcl3plb	40	30	0	0	0	0	0	0	0	0	0	0	0	0	0	0	0	0	30
0	MECIcl4plb	1	30	0	0	0	0	7	0	0	23	0	0	0	0	0	0	0	0	0
1	MECIcl4plb	1	23	0	0	7	0	0	0	0	14	0	0	16	0	0	0	0	0	0
0	MECIcl4plb	2	30	0	0	0	0	0	0	0	2	0	0	10	0	0	6	0	0	12
1	MECIcl4plb	2	9	0	0	18	0	0	3	0	0	0	0	1	0	0	1	0	0	28
0	MECIcl4plb	3	30	0	0	0	0	0	0	0	0	0	0	0	0	0	0	0	0	30
1	MECIcl4plb	3	2	0	0	15	0	0	12	0	0	1	0	0	0	0	0	0	0	30
0	MECIcl4plb	4	30	0	0	0	0	0	0	0	0	0	0	0	0	0	0	0	0	30
1	MECIcl4plb	4	0	0	0	5	0	0	16	0	0	9	0	0	0	0	0	0	0	30
0	MECIcl4plb	5	30	0	0	0	0	0	0	0	0	0	0	0	0	0	0	0	0	30
1	MECIcl4plb	5	19	0	0	4	0	0	7	0	0	0	0	0	0	0	0	0	0	30
0	MECIcl4plb	6	30	0	0	0	0	0	0	0	0	0	0	0	0	0	0	0	0	30
1	MECIcl4plb	6	30	0	0	0	0	0	0	0	0	0	0	0	0	0	0	0	0	30
0	MECIcl4plb	7	30	0	0	0	0	0	0	0	0	0	0	0	0	0	0	0	0	30
1	MECIcl4plb	7	30	0	0	0	0	0	0	0	0	0	0	0	0	0	0	0	0	30
0	MECIcl4plb	8	30	0	0	0	0	0	0	0	0	0	0	0	0	0	0	0	0	30
1	MECIcl4plb	8	30	0	0	0	0	0	0	0	0	0	0	0	0	0	0	0	0	30
0	MECIcl4plb	9	30	0	0	0	0	0	0	0	0	0	0	0	0	0	0	0	0	30
1	MECIcl4plb	9	30	0	0	0	0	0	0	0	0	0	0	0	0	0	0	0	0	30
0	MECIcl4plb	10	30	0	0	0	0	0	0	0	0	0	0	0	0	0	0	0	0	30
1	MECIcl4plb	10	30	0	0	0	0	0	0	0	0	0	0	0	0	0	0	0	0	30
0	MECIcl4plb	11	30	0	0	0	0	0	0	0	0	0	0	0	0	0	0	0	0	30
1	MECIcl4plb	11	30	0	0	0	0	0	0	0	0	0	0	0	0	0	0	0	0	30
0	MECIcl4plb	12	30	0	0	0	0	0	0	0	0	0	0	0	0	0	0	0	0	30
1	MECIcl4plb	12	30	0	0	0	0	0	0	0	0	0	0	0	0	0	0	0	0	30
0	MECIcl4plb	13	30	0	0	0	0	0	0	0	0	0	0	0	0	0	0	0	0	30
1	MECIcl4plb	13	30	0	0	0	0	0	0	0	0	0	0	0	0	0	0	0	0	30
0	MECIcl4plb	14	30	0	0	0	0	0	0	0	0	0	0	0	0	0	0	0	0	30
1	MECIcl4plb	14	30	0	0	0	0	0	0	0	0	0	0	0	0	0	0	0	0	30
0	MECIcl4plb	15	30	0	0	0	0	0	0	0	0	0	0	0	0	0	0	0	0	30
1	MECIcl4plb	15	29	0	0	1	0	0	0	0	0	0	0	0	0	0	0	0	0	30
0	MECIcl4plb	16	30	0	0	0	0	0	0	0	0	0	0	0	0	0	0	0	0	30
1	MECIcl4plb	16	30	0	0	0	0	0	0	0	0	0	0	0	0	0	0	0	0	30
0	MECIcl4plb	17	30	0	0	0	0	0	0	0	0	0	0	0	0	0	0	0	0	30
1	MECIcl4plb	17	30	0	0	0	0	0	0	0	0	0	0	0	0	0	0	0	0	30
0	MECIcl4plb	18	30	0	0	0	0	0	0	0	0	0	0	0	0	0	0	0	0	30
1	MECIcl4plb	18	30	0	0	0	0	0	0	0	0	0	0	0	0	0	0	0	0	30
0	MECIcl4plb	19	30	0	0	0	0	0	0	0	0	0	0	0	0	0	0	0	0	30
1	MECIcl4plb	19	30	0	0	0	0	0	0	0	0	0	0	0	0	0	0	0	0	30
0	MECIcl4plb	20	30	0	0	0	0	0	0	0	0	0	0	0	0	0	0	0	0	30
1	MECIcl4plb	20	30	0	0	0	0	0	0	0	0	0	0	0	0	0	0	0	0	30
0	MECIcl4plb	21	30	0	0	0	0	0	0	0	0	0	0	0	0	0	0	0	0	30
1	MECIcl4plb	21	30	0	0	0	0	0	0	0	0	0	0	0	0	0	0	0	0	30
0	MECIcl4plb	22	30	0	0	0	0	0	0	0	0	0	0	0	0	0	0	0	0	30
1	MECIcl4plb	22	30	0	0	0	0	0	0	0	0	0	0	0	0	0	0	0	0	30
0	MECIcl4plb	23	30	0	0	0	0	0	0	0	0	0	0	0	0	0	0	0	0	30
1	MECIcl4plb	23	30	0	0	0	0	0	0	0	0	0	0	0	0	0	0	0	0	30
0	MECIcl4plb	24	30	0	0	0	0	0	0	0	0	0	0	0	0	0	0	0	0	30
1	MECIcl4plb	24	30	0	0	0	0	0	0	0	0	0	0	0	0	0	0	0	0	30
0	MECIcl4plb	25	30	0	0	0	0	0	0	0	0	0	0	0	0	0	0	0	0	30
1	MECIcl4plb	25	30	0	0	0	0	0	0	0	0	0	0	0	0	0	0	0	0	30
0	MECIcl4plb	26	30	0	0	0	0	0	0	0	0	0	0	0	0	0	0	0	0	30
1	MECIcl4plb	26	29	0	0	1	0	0	0	0	0	0	0	0	0	0	0	0	0	30
0	MECIcl4plb	27	30	0	0	0	0	0	0	0	0	0	0	0	0	0	0	0	0	30
1	MECIcl4plb	27	30	0	0	0	0	0	0	0	0	0	0	0	0	0	0	0	0	30
0	MECIcl4plb	28	30	0	0	0	0	0	0	0	0	0	0	0	0	0	0	0	0	30
1	MECIcl4plb	28	30	0	0	0	0	0	0	0	0	0	0	0	0	0	0	0	0	30
0	MECIcl4plb	29	30	0	0	0	0	0	0	0	0	0	0	0	0	0	0	0	0	30
1	MECIcl4plb	29	30	0	0	0	0	0	0	0	0	0	0	0	0	0	0	0	0	30
0	MECIcl4plb	30	30	0	0	0	0	0	0	0	0	0	0	0	0	0	0	0	0	30
1	MECIcl4plb	30	30	0	0	0	0	0	0	0	0	0	0	0	0	0	0	0	0	30
0	MECIcl4plb	31	30	0	0	0	0	0	0	0	0	0	0	0	0	0	0	0	0	30
1	MECIcl4plb	31	30	0	0	0	0	0	0	0	0	0	0	0	0	0	0	0	0	30
0	MECIcl4plb	32	30	0	0	0	0	0	0	0	0	0	0	0	0	0	0	0	0	30
1	MECIcl4plb	32	30	0	0	0	0	0	0	0	0	0	0	0	0	0	0	0	0	30
0	MECIcl4plb	33	30	0	0	0	0	0	0	0	0	0	0	0	0	0	0	0	0	30
1	MECIcl4plb	33	30	0	0	0	0	0	0	0	0	0	0	0	0	0	0	0	0	30
0	MECIcl4plb	34	30	0	0	0	0	0	0	0	0	0	0	0	0	0	0	0	0	30
1	MECIcl4plb	34	30	0	0	0	0	0	0	0	0	0	0	0	0	0	0	0	0	30
0	MECIcl4plb	35	30	0	0	0	0	0	0	0	0	0	0	0	0	0	0	0	0	30
1	MECIcl4plb	35	30	0	0	0	0	0	0	0	0	0	0	0	0	0	0	0	0	30
0	MECIcl4plb	36	30	0	0	0	0	0	0	0	0	0	0	0	0	0	0	0	0	30
1	MECIcl4plb	36	30	0	0	0	0	0	0	0	0	0	0	0	0	0	0	0	0	30
0	MECIcl4plb	37	30	0	0	0	0	0	0	0	0	0	0	0	0	0	0	0	0	30
1	MECIcl4plb	37	30	0	0	0	0	0	0	0	0	0	0	0	0	0	0	0	0	30
0	MECIcl4plb	38	30	0	0	0	0	0	0	0	0	0	0	0	0	0	0	0	0	30
1	MECIcl4plb	38	30	0	0	0	0	0	0	0	0	0	0	0	0	0	0	0	0	30
0	MECIcl4plb	39	30	0	0	0	0	0	0	0	0	0	0	0	0	0	0	0	0	30
1	MECIcl4plb	39	30	0	0	0	0	0	0	0	0	0	0	0	0	0	0	0	0	30
0	MECIcl4plb	40	30	0	0	0	0	0	0	0	0	0	0	0	0	0	0	0	0	30
1	MECIcl4plb	40	30	0	0	0	0	0	0	0	0	0	0	0	0	0	0	0	0	30
0	MECTcl3peb	1	30	0	0	0	0	0	0	0	2	0	0	24	0	0	4	0	0	0
1	MECTcl3peb	1	30	0	0	0	0	0	0	0	3	0	0	27	0	0	0	0	0	0
0	MECTcl3peb	2	30	0	0	0	0	0	0	0	0	0	0	4	0	0	4	0	0	22
1	MECTcl3peb	2	27	0	0	3	0	0	0	0	0	0	0	1	0	0	6	0	0	23
0	MECTcl3peb	3	30	0	0	0	0	0	0	0	0	0	0	0	0	0	7	0	0	23
1	MECTcl3peb	3	16	0	0	14	0	0	0	0	0	0	0	0	0	0	0	0	0	30
0	MECTcl3peb	4	30	0	0	0	0	0	0	0	0	0	0	0	0	0	4	0	0	26
1	MECTcl3peb	4	19	0	0	11	0	0	0	0	0	0	0	0	0	0	0	0	0	30
0	MECTcl3peb	5	30	0	0	0	0	0	0	0	0	0	0	0	0	0	20	0	0	10
1	MECTcl3peb	5	30	0	0	0	0	0	0	0	0	0	0	0	0	0	0	0	0	30
0	MECTcl3peb	6	30	0	0	0	0	0	0	0	0	0	0	0	0	0	9	0	0	21
1	MECTcl3peb	6	30	0	0	0	0	0	0	0	0	0	0	0	0	0	0	0	0	30
0	MECTcl3peb	7	30	0	0	0	0	0	0	0	0	0	0	0	0	0	0	0	0	30
1	MECTcl3peb	7	30	0	0	0	0	0	0	0	0	0	0	0	0	0	0	0	0	30
0	MECTcl3peb	8	30	0	0	0	0	0	0	0	0	0	0	0	0	0	0	0	0	30
1	MECTcl3peb	8	30	0	0	0	0	0	0	0	0	0	0	0	0	0	0	0	0	30
0	MECTcl3peb	9	30	0	0	0	0	0	0	0	0	0	0	0	0	0	0	0	0	30
1	MECTcl3peb	9	30	0	0	0	0	0	0	0	0	0	0	0	0	0	0	0	0	30
0	MECTcl3peb	10	30	0	0	0	0	0	0	0	0	0	0	0	0	0	0	0	0	30
1	MECTcl3peb	10	24	0	0	6	0	0	0	0	0	0	0	0	0	0	0	0	0	30
0	MECTcl3peb	11	30	0	0	0	0	0	0	0	0	0	0	0	0	0	11	0	0	19
1	MECTcl3peb	11	5	0	0	24	0	0	1	0	0	0	0	0	0	0	0	0	0	30
0	MECTcl3peb	12	30	0	0	0	0	0	0	0	0	0	0	0	0	0	1	0	0	29
1	MECTcl3peb	12	13	0	0	17	0	0	0	0	0	0	0	0	0	0	0	0	0	30
0	MECTcl3peb	13	30	0	0	0	0	0	0	0	0	0	0	0	0	0	0	0	0	30
1	MECTcl3peb	13	30	0	0	0	0	0	0	0	0	0	0	0	0	0	0	0	0	30
0	MECTcl3peb	14	30	0	0	0	0	0	0	0	0	0	0	0	0	0	0	0	0	30
1	MECTcl3peb	14	30	0	0	0	0	0	0	0	0	0	0	0	0	0	2	0	0	28
0	MECTcl3peb	15	30	0	0	0	0	0	0	0	0	0	0	0	0	0	0	0	0	30
1	MECTcl3peb	15	23	0	0	7	0	0	0	0	0	0	0	0	0	0	0	0	0	30
0	MECTcl3peb	16	30	0	0	0	0	0	0	0	0	0	0	0	0	0	0	0	0	30
1	MECTcl3peb	16	29	0	0	1	0	0	0	0	0	0	0	0	0	0	0	0	0	30
0	MECTcl3peb	17	30	0	0	0	0	0	0	0	0	0	0	0	0	0	0	0	0	30
1	MECTcl3peb	17	30	0	0	0	0	0	0	0	0	0	0	0	0	0	0	0	0	30
0	MECTcl3peb	18	30	0	0	0	0	0	0	0	0	0	0	0	0	0	0	0	0	30
1	MECTcl3peb	18	30	0	0	0	0	0	0	0	0	0	0	0	0	0	3	0	0	27
0	MECTcl3peb	19	30	0	0	0	0	0	0	0	0	0	0	0	0	0	0	0	0	30
1	MECTcl3peb	19	30	0	0	0	0	0	0	0	0	0	0	0	0	0	12	0	0	18
0	MECTcl3peb	20	30	0	0	0	0	0	0	0	0	0	0	0	0	0	0	0	0	30
1	MECTcl3peb	20	30	0	0	0	0	0	0	0	0	0	0	0	0	0	0	0	0	30
0	MECTcl3peb	21	30	0	0	0	0	0	0	0	0	0	0	0	0	0	0	0	0	30
1	MECTcl3peb	21	30	0	0	0	0	0	0	0	0	0	0	0	0	0	0	0	0	30
0	MECTcl3peb	22	30	0	0	0	0	0	0	0	0	0	0	0	0	0	0	0	0	30
1	MECTcl3peb	22	30	0	0	0	0	0	0	0	0	0	0	0	0	0	0	0	0	30
0	MECTcl3peb	23	30	0	0	0	0	0	0	0	0	0	0	0	0	0	0	0	0	30
1	MECTcl3peb	23	30	0	0	0	0	0	0	0	0	0	0	0	0	0	2	0	0	28
0	MECTcl3peb	24	30	0	0	0	0	0	0	0	0	0	0	0	0	0	1	0	0	29
1	MECTcl3peb	24	30	0	0	0	0	0	0	0	0	0	0	0	0	0	0	0	0	30
0	MECTcl3peb	25	30	0	0	0	0	0	0	0	0	0	0	1	0	0	14	0	0	15
1	MECTcl3peb	25	24	0	0	6	0	0	0	0	0	0	0	0	0	0	0	0	0	30
0	MECTcl3peb	26	30	0	0	0	0	0	0	0	0	0	0	0	0	0	0	0	0	30
1	MECTcl3peb	26	4	0	0	18	1	0	5	0	0	1	0	0	1	0	0	1	0	30
0	MECTcl3peb	27	30	0	0	0	0	0	0	0	0	0	0	0	0	0	0	0	0	30
1	MECTcl3peb	27	0	1	0	2	0	0	19	0	0	6	0	0	1	0	0	2	0	30
0	MECTcl3peb	28	30	0	0	0	0	0	0	0	0	0	0	0	0	0	0	0	0	30
1	MECTcl3peb	28	1	0	0	14	0	0	10	0	0	2	0	0	2	0	0	1	0	30
0	MECTcl3peb	29	30	0	0	0	0	0	0	0	0	0	0	0	0	0	0	0	0	30
1	MECTcl3peb	29	0	0	0	3	0	0	17	0	0	8	0	0	2	0	0	0	0	30
0	MECTcl3peb	30	30	0	0	0	0	0	0	0	0	0	0	0	0	0	0	0	0	30
1	MECTcl3peb	30	0	0	0	0	0	0	22	0	0	5	0	0	1	0	0	2	0	30
0	MECTcl3peb	31	30	0	0	0	0	0	0	0	0	0	0	0	0	0	0	0	0	30
1	MECTcl3peb	31	0	0	0	2	0	0	21	0	0	5	0	0	1	0	0	1	0	30
0	MECTcl3peb	32	30	0	0	0	0	0	0	0	0	0	0	0	0	0	0	0	0	30
1	MECTcl3peb	32	3	0	0	13	0	0	11	0	0	1	0	0	2	0	0	0	0	30
0	MECTcl3peb	33	30	0	0	0	0	0	0	0	0	0	0	0	0	0	0	0	0	30
1	MECTcl3peb	33	1	0	0	9	0	0	17	0	0	2	0	0	1	0	0	0	0	30
0	MECTcl3peb	34	30	0	0	0	0	0	0	0	0	0	0	0	0	0	0	0	0	30
1	MECTcl3peb	34	0	0	0	7	0	0	18	0	0	4	0	0	1	0	0	0	0	30
0	MECTcl3peb	35	30	0	0	0	0	0	0	0	0	0	0	0	0	0	0	0	0	30
1	MECTcl3peb	35	0	0	0	8	0	0	19	0	0	2	0	0	1	0	0	0	0	30
0	MECTcl3peb	36	30	0	0	0	0	0	0	0	0	0	0	0	0	0	0	0	0	30
1	MECTcl3peb	36	5	0	0	13	0	0	12	0	0	0	0	0	0	0	0	0	0	30
0	MECTcl3peb	37	30	0	0	0	0	0	0	0	0	0	0	0	0	0	0	0	0	30
1	MECTcl3peb	37	0	0	0	0	0	0	10	0	0	20	0	0	0	0	0	0	0	30
0	MECTcl3peb	38	30	0	0	0	0	0	0	0	0	0	0	0	0	0	0	0	0	30
1	MECTcl3peb	38	0	0	0	0	0	0	17	0	0	13	0	0	0	0	0	0	0	30
0	MECTcl3peb	39	30	0	0	0	0	0	0	0	0	0	0	0	0	0	1	0	0	29
1	MECTcl3peb	39	0	0	0	0	0	0	9	0	0	20	0	0	1	0	0	0	0	30
0	MECTcl3peb	40	30	0	0	0	0	0	0	0	0	0	0	0	0	0	0	0	0	30
1	MECTcl3peb	40	0	0	0	0	0	0	20	0	0	9	0	0	1	0	0	0	0	30
0	MECTplb	1	30	0	0	0	0	7	0	0	18	0	0	5	0	0	0	0	0	0
1	MECTplb	1	30	0	0	0	0	1	0	0	20	0	0	9	0	0	0	0	0	0
0	MECTplb	2	30	0	0	0	0	0	0	0	3	0	0	8	0	0	8	0	0	11
1	MECTplb	2	29	0	0	1	0	0	0	0	0	0	0	4	0	0	6	0	0	20
0	MECTplb	3	30	0	0	0	0	0	0	0	0	0	0	3	0	0	18	0	0	9
1	MECTplb	3	29	0	0	1	0	0	0	0	0	0	0	0	0	0	0	0	0	30
0	MECTplb	4	30	0	0	0	0	0	0	0	0	0	0	7	0	0	9	0	0	14
1	MECTplb	4	12	0	0	18	0	0	0	0	0	0	0	0	0	0	0	0	0	30
0	MECTplb	5	30	0	0	0	0	0	0	0	0	0	0	0	0	0	1	0	0	29
1	MECTplb	5	23	0	0	7	0	0	0	0	0	0	0	0	0	0	0	0	0	30
0	MECTplb	6	30	0	0	0	0	0	0	0	0	0	0	0	0	0	0	0	0	30
1	MECTplb	6	24	0	0	6	0	0	0	0	0	0	0	0	0	0	0	0	0	30
0	MECTplb	7	30	0	0	0	0	0	0	0	0	0	0	0	0	0	0	0	0	30
1	MECTplb	7	22	0	0	8	0	0	0	0	0	0	0	0	0	0	0	0	0	30
0	MECTplb	8	30	0	0	0	0	0	0	0	0	0	0	0	0	0	0	0	0	30
1	MECTplb	8	10	0	0	20	0	0	0	0	0	0	0	0	0	0	0	0	0	30
0	MECTplb	9	30	0	0	0	0	0	0	0	0	0	0	0	0	0	0	0	0	30
1	MECTplb	9	10	0	0	20	0	0	0	0	0	0	0	0	0	0	0	0	0	30
0	MECTplb	10	30	0	0	0	0	0	0	0	0	0	0	0	0	0	0	0	0	30
1	MECTplb	10	0	0	0	8	0	0	22	0	0	0	0	0	0	0	0	0	0	30
0	MECTplb	11	30	0	0	0	0	0	0	0	0	0	0	0	0	0	0	0	0	30
1	MECTplb	11	0	0	0	2	0	0	25	0	0	3	0	0	0	0	0	0	0	30
0	MECTplb	12	30	0	0	0	0	0	0	0	0	0	0	0	0	0	0	0	0	30
1	MECTplb	12	0	0	0	22	0	0	8	0	0	0	0	0	0	0	0	0	0	30
0	MECTplb	13	30	0	0	0	0	0	0	0	0	0	0	0	0	0	0	0	0	30
1	MECTplb	13	1	0	0	20	0	0	9	0	0	0	0	0	0	0	0	0	0	30
0	MECTplb	14	30	0	0	0	0	0	0	0	0	0	0	0	0	0	0	0	0	30
1	MECTplb	14	3	0	0	25	0	0	2	0	0	0	0	0	0	0	0	0	0	30
0	MECTplb	15	30	0	0	0	0	0	0	0	0	0	0	0	0	0	0	0	0	30
1	MECTplb	15	27	0	0	3	0	0	0	0	0	0	0	0	0	0	0	0	0	30
0	MECTplb	16	30	0	0	0	0	0	0	0	0	0	0	0	0	0	0	0	0	30
1	MECTplb	16	14	0	0	12	0	0	4	0	0	0	0	0	0	0	0	0	0	30
0	MECTplb	17	30	0	0	0	0	0	0	0	0	0	0	0	0	0	0	0	0	30
1	MECTplb	17	0	0	0	16	0	0	14	0	0	0	0	0	0	0	0	0	0	30
0	MECTplb	18	30	0	0	0	0	0	0	0	0	0	0	0	0	0	0	0	0	30
1	MECTplb	18	1	0	0	13	0	0	16	0	0	0	0	0	0	0	0	0	0	30
0	MECTplb	19	30	0	0	0	0	0	0	0	0	0	0	0	0	0	0	0	0	30
1	MECTplb	19	0	0	0	14	0	0	16	0	0	0	0	0	0	0	0	0	0	30
0	MECTplb	20	30	0	0	0	0	0	0	0	0	0	0	0	0	0	0	0	0	30
1	MECTplb	20	26	0	0	4	0	0	0	0	0	0	0	0	0	0	0	0	0	30
0	MECTplb	21	30	0	0	0	0	0	0	0	0	0	0	0	0	0	0	0	0	30
1	MECTplb	21	30	0	0	0	0	0	0	0	0	0	0	0	0	0	0	0	0	30
0	MECTplb	22	30	0	0	0	0	0	0	0	0	0	0	0	0	0	0	0	0	30
1	MECTplb	22	30	0	0	0	0	0	0	0	0	0	0	0	0	0	0	0	0	30
0	MECTplb	23	30	0	0	0	0	0	0	0	0	0	0	0	0	0	0	0	0	30
1	MECTplb	23	30	0	0	0	0	0	0	0	0	0	0	0	0	0	0	0	0	30
0	MECTplb	24	30	0	0	0	0	0	0	0	0	0	0	0	0	0	0	0	0	30
1	MECTplb	24	30	0	0	0	0	0	0	0	0	0	0	0	0	0	0	0	0	30
0	MECTplb	25	30	0	0	0	0	0	0	0	0	0	0	0	0	0	0	0	0	30
1	MECTplb	25	26	0	0	4	0	0	0	0	0	0	0	0	0	0	0	0	0	30
0	MECTplb	26	30	0	0	0	0	0	0	0	0	0	0	0	0	0	0	0	0	30
1	MECTplb	26	7	0	0	13	0	0	8	0	0	1	0	0	0	0	0	1	0	30
0	MECTplb	27	30	0	0	0	0	0	0	0	0	0	0	0	0	0	0	0	0	30
1	MECTplb	27	27	0	0	0	0	0	2	0	0	0	0	0	1	0	0	0	0	30
0	MECTplb	28	30	0	0	0	0	0	0	0	0	0	0	0	0	0	0	0	0	30
1	MECTplb	28	26	0	0	2	0	0	1	0	0	0	0	0	1	0	0	0	0	30
0	MECTplb	29	30	0	0	0	0	0	0	0	0	0	0	0	0	0	0	0	0	30
1	MECTplb	29	29	0	0	0	0	0	1	0	0	0	0	0	0	0	0	0	0	30
0	MECTplb	30	30	0	0	0	0	0	0	0	0	0	0	0	0	0	0	0	0	30
1	MECTplb	30	29	0	0	0	0	0	1	0	0	0	0	0	0	0	0	0	0	30
0	MECTplb	31	30	0	0	0	0	0	0	0	0	0	0	0	0	0	0	0	0	30
1	MECTplb	31	29	0	0	1	0	0	0	0	0	0	0	0	0	0	0	0	0	30
0	MECTplb	32	30	0	0	0	0	0	0	0	0	0	0	0	0	0	0	0	0	30
1	MECTplb	32	29	0	0	1	0	0	0	0	0	0	0	0	0	0	0	0	0	30
0	MECTplb	33	30	0	0	0	0	0	0	0	0	0	0	0	0	0	0	0	0	30
1	MECTplb	33	29	0	0	0	0	0	1	0	0	0	0	0	0	0	0	0	0	30
0	MECTplb	34	30	0	0	0	0	0	0	0	0	0	0	0	0	0	0	0	0	30
1	MECTplb	34	28	0	0	1	0	0	1	0	0	0	0	0	0	0	0	0	0	30
0	MECTplb	35	30	0	0	0	0	0	0	0	0	0	0	0	0	0	0	0	0	30
1	MECTplb	35	29	0	0	0	0	0	1	0	0	0	0	0	0	0	0	0	0	30
0	MECTplb	36	30	0	0	0	0	0	0	0	0	0	0	0	0	0	0	0	0	30
1	MECTplb	36	30	0	0	0	0	0	0	0	0	0	0	0	0	0	0	0	0	30
0	MECTplb	37	30	0	0	0	0	0	0	0	0	0	0	0	0	0	0	0	0	30
1	MECTplb	37	30	0	0	0	0	0	0	0	0	0	0	0	0	0	0	0	0	30
0	MECTplb	38	30	0	0	0	0	0	0	0	0	0	0	0	0	0	0	0	0	30
1	MECTplb	38	30	0	0	0	0	0	0	0	0	0	0	0	0	0	0	0	0	30
0	MECTplb	39	30	0	0	0	0	0	0	0	0	0	0	0	0	0	0	0	0	30
1	MECTplb	39	30	0	0	0	0	0	0	0	0	0	0	0	0	0	0	0	0	30
0	MECTplb	40	30	0	0	0	0	0	0	0	0	0	0	0	0	0	0	0	0	30
1	MECTplb	40	19	0	0	9	0	0	2	0	0	0	0	0	0	0	0	0	0	30
0	MEITplb	1	30	0	0	0	0	13	0	0	17	0	0	0	0	0	0	0	0	0
1	MEITplb	1	30	0	0	0	0	0	0	0	22	0	0	8	0	0	0	0	0	0
0	MEITplb	2	30	0	0	0	0	0	0	0	2	0	0	5	0	0	3	0	0	20
1	MEITplb	2	30	0	0	0	0	0	0	0	1	0	0	5	0	0	14	0	0	10
0	MEITplb	3	30	0	0	0	0	0	0	0	0	0	0	0	0	0	0	0	0	30
1	MEITplb	3	16	0	0	8	0	0	6	0	0	0	0	0	0	0	9	0	0	21
0	MEITplb	4	30	0	0	0	0	0	0	0	0	0	0	0	0	0	0	0	0	30
1	MEITplb	4	5	0	0	19	0	0	6	0	0	0	0	0	0	0	0	0	0	30
0	MEITplb	5	30	0	0	0	0	0	0	0	0	0	0	0	0	0	6	0	0	24
1	MEITplb	5	0	0	0	21	0	0	9	0	0	0	0	0	0	0	0	0	0	30
0	MEITplb	6	30	0	0	0	0	0	0	0	0	0	0	1	0	0	12	0	0	17
1	MEITplb	6	0	0	0	25	0	0	5	0	0	0	0	0	0	0	0	0	0	30
0	MEITplb	7	30	0	0	0	0	0	0	0	2	0	0	11	0	0	12	0	0	5
1	MEITplb	7	0	0	0	29	0	0	1	0	0	0	0	0	0	0	0	0	0	30
0	MEITplb	8	30	0	0	0	0	0	0	0	9	0	0	12	0	0	7	0	0	2
1	MEITplb	8	8	0	0	22	0	0	0	0	0	0	0	0	0	0	0	0	0	30
0	MEITplb	9	30	0	0	0	0	14	0	0	9	0	0	1	0	0	2	0	0	4
1	MEITplb	9	7	0	0	23	0	0	0	0	0	0	0	0	0	0	0	0	0	30
0	MEITplb	10	30	0	0	0	0	9	0	0	14	0	0	4	0	0	3	0	0	0
1	MEITplb	10	2	0	0	28	0	0	0	0	0	0	0	0	0	0	0	0	0	30
0	MEITplb	11	30	0	0	0	0	5	0	0	12	0	0	4	0	0	7	0	0	2
1	MEITplb	11	0	0	0	16	0	0	13	0	0	1	0	0	0	0	0	0	0	30
0	MEITplb	12	30	0	0	0	0	0	0	0	0	0	0	0	0	0	15	0	0	15
1	MEITplb	12	3	0	0	26	0	0	1	0	0	0	0	0	0	0	0	0	0	30
0	MEITplb	13	30	0	0	0	0	0	0	0	0	0	0	1	0	0	10	0	0	19
1	MEITplb	13	10	0	0	20	0	0	0	0	0	0	0	0	0	0	0	0	0	30
0	MEITplb	14	30	0	0	0	0	0	0	0	0	0	0	0	0	0	0	0	0	30
1	MEITplb	14	30	0	0	0	0	0	0	0	0	0	0	0	0	0	0	0	0	30
0	MEITplb	15	30	0	0	0	0	0	0	0	0	0	0	0	0	0	0	0	0	30
1	MEITplb	15	30	0	0	0	0	0	0	0	0	0	0	0	0	0	0	0	0	30
0	MEITplb	16	30	0	0	0	0	0	0	0	0	0	0	0	0	0	0	0	0	30
1	MEITplb	16	30	0	0	0	0	0	0	0	0	0	0	0	0	0	0	0	0	30
0	MEITplb	17	30	0	0	0	0	0	0	0	0	0	0	0	0	0	0	0	0	30
1	MEITplb	17	30	0	0	0	0	0	0	0	0	0	0	0	0	0	0	0	0	30
0	MEITplb	18	30	0	0	0	0	0	0	0	0	0	0	0	0	0	0	0	0	30
1	MEITplb	18	30	0	0	0	0	0	0	0	0	0	0	0	0	0	0	0	0	30
0	MEITplb	19	30	0	0	0	0	0	0	0	0	0	0	2	0	0	19	0	0	9
1	MEITplb	19	30	0	0	0	0	0	0	0	0	0	0	0	0	0	0	0	0	30
0	MEITplb	20	30	0	0	0	0	3	0	0	9	0	0	5	0	0	10	0	0	3
1	MEITplb	20	30	0	0	0	0	0	0	0	0	0	0	0	0	0	8	0	0	22
0	MEITplb	21	30	0	0	0	0	0	0	0	0	0	0	0	0	0	1	0	0	29
1	MEITplb	21	30	0	0	0	0	0	0	0	0	0	0	7	0	0	10	0	0	13
0	MEITplb	22	30	0	0	0	0	0	0	0	0	0	0	5	0	0	20	0	0	5
1	MEITplb	22	30	0	0	0	0	0	0	0	1	0	0	8	0	0	11	0	0	10
0	MEITplb	23	30	0	0	0	0	0	0	0	12	0	0	6	0	0	6	0	0	6
1	MEITplb	23	30	0	0	0	0	3	0	0	12	0	0	1	0	0	4	0	0	10
0	MEITplb	24	30	0	0	0	0	0	0	0	0	0	0	0	0	0	9	0	0	21
1	MEITplb	24	30	0	0	0	0	0	0	0	0	0	0	0	0	0	0	0	0	30
0	MEITplb	25	30	0	0	0	0	0	0	0	0	0	0	0	0	0	1	0	0	29
1	MEITplb	25	30	0	0	0	0	0	0	0	0	0	0	0	0	0	2	0	0	28
0	MEITplb	26	30	0	0	0	0	0	0	0	0	0	0	0	0	0	11	0	0	19
1	MEITplb	26	7	1	0	13	0	0	7	1	0	1	0	0	1	0	0	1	0	30
0	MEITplb	27	30	0	0	0	0	0	0	0	0	0	0	0	0	0	0	0	0	30
1	MEITplb	27	1	0	0	25	0	0	1	0	0	1	0	0	1	0	0	1	0	30
0	MEITplb	28	30	0	0	0	0	0	0	0	0	0	0	0	0	0	0	0	0	30
1	MEITplb	28	6	1	0	18	0	0	3	0	0	1	0	0	1	0	0	1	0	30
0	MEITplb	29	30	0	0	0	0	0	0	0	0	0	0	0	0	0	0	0	0	30
1	MEITplb	29	0	0	0	0	0	0	27	0	0	1	0	0	1	0	0	1	0	30
0	MEITplb	30	30	0	0	0	0	0	0	0	0	0	0	0	0	0	0	0	0	30
1	MEITplb	30	0	1	0	0	0	0	25	0	0	3	0	0	1	0	0	1	0	30
0	MEITplb	31	30	0	0	0	0	0	0	0	0	0	0	0	0	0	0	0	0	30
1	MEITplb	31	0	1	0	1	0	0	17	0	0	9	0	0	1	0	0	2	0	30
0	MEITplb	32	30	0	0	0	0	0	0	0	0	0	0	0	0	0	0	0	0	30
1	MEITplb	32	0	1	0	4	0	0	16	0	0	8	0	0	1	0	0	1	0	30
0	MEITplb	33	30	0	0	0	0	0	0	0	0	0	0	10	0	0	14	0	0	6
1	MEITplb	33	0	0	0	0	0	0	17	0	0	11	0	0	1	0	0	1	0	30
0	MEITplb	34	30	0	0	0	0	0	0	0	10	0	0	14	0	0	4	0	0	2
1	MEITplb	34	0	0	0	0	0	0	7	0	0	21	0	0	1	0	0	1	0	30
0	MEITplb	35	30	0	0	0	0	1	0	0	25	0	0	3	0	0	1	0	0	0
1	MEITplb	35	0	1	0	0	0	0	3	0	0	21	0	0	4	0	0	2	0	30
0	MEITplb	36	30	0	0	0	0	0	0	0	5	0	0	6	0	0	6	0	0	13
1	MEITplb	36	0	0	0	1	0	0	26	0	0	3	0	0	0	0	0	0	0	30
0	MEITplb	37	30	0	0	0	0	0	0	0	0	0	0	0	0	0	0	0	0	30
1	MEITplb	37	0	0	0	12	0	0	18	0	0	0	0	0	0	0	0	0	0	30
0	MEITplb	38	30	0	0	0	0	0	0	0	0	0	0	0	0	0	0	0	0	30
1	MEITplb	38	0	0	0	10	0	0	20	0	0	0	0	0	0	0	0	0	0	30
0	MEITplb	39	30	0	0	0	0	0	0	0	0	0	0	0	0	0	0	0	0	30
1	MEITplb	39	0	0	0	13	0	0	17	0	0	0	0	0	0	0	0	0	0	30
0	MEITplb	40	30	0	0	0	0	0	0	0	2	0	0	2	0	0	6	0	0	20
1	MEITplb	40	0	0	0	1	0	0	28	0	0	1	0	0	0	0	0	0	0	30
0	MSCIplb	1	30	0	0	0	0	4	0	0	23	0	0	3	0	0	0	0	0	0
1	MSCIplb	1	30	0	0	0	0	15	0	0	12	0	0	3	0	0	0	0	0	0
0	MSCIplb	2	30	0	0	0	0	0	0	0	3	0	0	7	0	0	3	0	0	17
1	MSCIplb	2	25	0	0	5	0	0	0	0	0	0	0	2	0	0	6	0	0	22
0	MSCIplb	3	30	0	0	0	0	0	0	0	0	0	0	0	0	0	0	0	0	30
1	MSCIplb	3	28	0	0	2	0	0	0	0	0	0	0	0	0	0	0	0	0	30
0	MSCIplb	4	30	0	0	0	0	0	0	0	0	0	0	0	0	0	0	0	0	30
1	MSCIplb	4	30	0	0	0	0	0	0	0	0	0	0	0	0	0	0	0	0	30
0	MSCIplb	5	30	0	0	0	0	0	0	0	0	0	0	0	0	0	0	0	0	30
1	MSCIplb	5	30	0	0	0	0	0	0	0	0	0	0	0	0	0	0	0	0	30
0	MSCIplb	6	30	0	0	0	0	0	0	0	0	0	0	0	0	0	0	0	0	30
1	MSCIplb	6	30	0	0	0	0	0	0	0	0	0	0	0	0	0	0	0	0	30
0	MSCIplb	7	30	0	0	0	0	0	0	0	0	0	0	0	0	0	0	0	0	30
1	MSCIplb	7	30	0	0	0	0	0	0	0	0	0	0	0	0	0	0	0	0	30
0	MSCIplb	8	30	0	0	0	0	0	0	0	0	0	0	0	0	0	0	0	0	30
1	MSCIplb	8	30	0	0	0	0	0	0	0	0	0	0	0	0	0	0	0	0	30
0	MSCIplb	9	30	0	0	0	0	0	0	0	0	0	0	0	0	0	0	0	0	30
1	MSCIplb	9	30	0	0	0	0	0	0	0	0	0	0	0	0	0	0	0	0	30
0	MSCIplb	10	30	0	0	0	0	0	0	0	0	0	0	0	0	0	0	0	0	30
1	MSCIplb	10	30	0	0	0	0	0	0	0	0	0	0	0	0	0	0	0	0	30
0	MSCIplb	11	30	0	0	0	0	0	0	0	0	0	0	0	0	0	0	0	0	30
1	MSCIplb	11	30	0	0	0	0	0	0	0	0	0	0	0	0	0	0	0	0	30
0	MSCIplb	12	30	0	0	0	0	0	0	0	0	0	0	0	0	0	0	0	0	30
1	MSCIplb	12	30	0	0	0	0	0	0	0	0	0	0	0	0	0	0	0	0	30
0	MSCIplb	13	30	0	0	0	0	0	0	0	0	0	0	0	0	0	0	0	0	30
1	MSCIplb	13	30	0	0	0	0	0	0	0	0	0	0	0	0	0	0	0	0	30
0	MSCIplb	14	30	0	0	0	0	0	0	0	0	0	0	0	0	0	0	0	0	30
1	MSCIplb	14	30	0	0	0	0	0	0	0	0	0	0	0	0	0	0	0	0	30
0	MSCIplb	15	30	0	0	0	0	0	0	0	0	0	0	0	0	0	0	0	0	30
1	MSCIplb	15	30	0	0	0	0	0	0	0	0	0	0	0	0	0	0	0	0	30
0	MSCIplb	16	30	0	0	0	0	0	0	0	0	0	0	0	0	0	0	0	0	30
1	MSCIplb	16	30	0	0	0	0	0	0	0	0	0	0	0	0	0	0	0	0	30
0	MSCIplb	17	30	0	0	0	0	0	0	0	0	0	0	0	0	0	0	0	0	30
1	MSCIplb	17	30	0	0	0	0	0	0	0	0	0	0	0	0	0	0	0	0	30
0	MSCIplb	18	30	0	0	0	0	0	0	0	0	0	0	0	0	0	0	0	0	30
1	MSCIplb	18	27	0	0	3	0	0	0	0	0	0	0	0	0	0	0	0	0	30
0	MSCIplb	19	30	0	0	0	0	0	0	0	0	0	0	0	0	0	0	0	0	30
1	MSCIplb	19	30	0	0	0	0	0	0	0	0	0	0	0	0	0	0	0	0	30
0	MSCIplb	20	30	0	0	0	0	0	0	0	0	0	0	0	0	0	0	0	0	30
1	MSCIplb	20	30	0	0	0	0	0	0	0	0	0	0	0	0	0	0	0	0	30
0	MSCIplb	21	30	0	0	0	0	0	0	0	0	0	0	0	0	0	0	0	0	30
1	MSCIplb	21	24	0	0	3	0	0	3	0	0	0	0	0	0	0	0	0	0	30
0	MSCIplb	22	30	0	0	0	0	0	0	0	0	0	0	0	0	0	0	0	0	30
1	MSCIplb	22	20	0	0	6	0	0	4	0	0	0	0	0	0	0	0	0	0	30
0	MSCIplb	23	30	0	0	0	0	0	0	0	0	0	0	0	0	0	0	0	0	30
1	MSCIplb	23	27	0	0	3	0	0	0	0	0	0	0	0	0	0	0	0	0	30
0	MSCIplb	24	30	0	0	0	0	0	0	0	0	0	0	0	0	0	0	0	0	30
1	MSCIplb	24	30	0	0	0	0	0	0	0	0	0	0	0	0	0	0	0	0	30
0	MSCIplb	25	30	0	0	0	0	0	0	0	0	0	0	0	0	0	0	0	0	30
1	MSCIplb	25	30	0	0	0	0	0	0	0	0	0	0	0	0	0	0	0	0	30
0	MSCIplb	26	30	0	0	0	0	0	0	0	0	0	0	0	0	0	0	0	0	30
1	MSCIplb	26	28	0	0	1	0	0	0	0	0	1	0	0	0	0	0	0	0	30
0	MSCIplb	27	30	0	0	0	0	0	0	0	0	0	0	0	0	0	0	0	0	30
1	MSCIplb	27	29	0	0	1	0	0	0	0	0	0	0	0	0	0	0	0	0	30
0	MSCIplb	28	30	0	0	0	0	0	0	0	0	0	0	0	0	0	0	0	0	30
1	MSCIplb	28	28	0	0	0	0	0	1	0	0	0	0	0	1	0	0	0	0	30
0	MSCIplb	29	30	0	0	0	0	0	0	0	0	0	0	0	0	0	0	0	0	30
1	MSCIplb	29	30	0	0	0	0	0	0	0	0	0	0	0	0	0	0	0	0	30
0	MSCIplb	30	30	0	0	0	0	0	0	0	0	0	0	0	0	0	0	0	0	30
1	MSCIplb	30	30	0	0	0	0	0	0	0	0	0	0	0	0	0	0	0	0	30
0	MSCIplb	31	30	0	0	0	0	0	0	0	0	0	0	0	0	0	0	0	0	30
1	MSCIplb	31	30	0	0	0	0	0	0	0	0	0	0	0	0	0	0	0	0	30
0	MSCIplb	32	30	0	0	0	0	0	0	0	0	0	0	0	0	0	0	0	0	30
1	MSCIplb	32	30	0	0	0	0	0	0	0	0	0	0	0	0	0	0	0	0	30
0	MSCIplb	33	30	0	0	0	0	0	0	0	0	0	0	0	0	0	0	0	0	30
1	MSCIplb	33	30	0	0	0	0	0	0	0	0	0	0	0	0	0	0	0	0	30
0	MSCIplb	34	30	0	0	0	0	0	0	0	0	0	0	0	0	0	0	0	0	30
1	MSCIplb	34	30	0	0	0	0	0	0	0	0	0	0	0	0	0	0	0	0	30
0	MSCIplb	35	30	0	0	0	0	0	0	0	0	0	0	0	0	0	0	0	0	30
1	MSCIplb	35	30	0	0	0	0	0	0	0	0	0	0	0	0	0	0	0	0	30
0	MSCIplb	36	30	0	0	0	0	0	0	0	0	0	0	0	0	0	0	0	0	30
1	MSCIplb	36	30	0	0	0	0	0	0	0	0	0	0	0	0	0	0	0	0	30
0	MSCIplb	37	30	0	0	0	0	0	0	0	0	0	0	0	0	0	0	0	0	30
1	MSCIplb	37	30	0	0	0	0	0	0	0	0	0	0	0	0	0	0	0	0	30
0	MSCIplb	38	30	0	0	0	0	0	0	0	0	0	0	0	0	0	0	0	0	30
1	MSCIplb	38	30	0	0	0	0	0	0	0	0	0	0	0	0	0	0	0	0	30
0	MSCIplb	39	30	0	0	0	0	0	0	0	0	0	0	0	0	0	0	0	0	30
1	MSCIplb	39	30	0	0	0	0	0	0	0	0	0	0	0	0	0	0	0	0	30
0	MSCIplb	40	30	0	0	0	0	0	0	0	0	0	0	0	0	0	0	0	0	30
1	MSCIplb	40	30	0	0	0	0	0	0	0	0	0	0	0	0	0	0	0	0	30
0	MSCTcl1plb	1	30	0	0	0	0	6	0	0	5	0	0	18	0	0	1	0	0	0
1	MSCTcl1plb	1	30	0	0	0	0	0	0	0	3	0	0	22	0	0	5	0	0	0
0	MSCTcl1plb	2	30	0	0	0	0	0	0	0	0	0	0	7	0	0	5	0	0	18
1	MSCTcl1plb	2	30	0	0	0	0	0	0	0	0	0	0	9	0	0	5	0	0	16
0	MSCTcl1plb	3	30	0	0	0	0	0	0	0	0	0	0	0	0	0	8	0	0	22
1	MSCTcl1plb	3	30	0	0	0	0	0	0	0	0	0	0	0	0	0	0	0	0	30
0	MSCTcl1plb	4	30	0	0	0	0	0	0	0	0	0	0	0	0	0	6	0	0	24
1	MSCTcl1plb	4	24	0	0	6	0	0	0	0	0	0	0	0	0	0	0	0	0	30
0	MSCTcl1plb	5	30	0	0	0	0	0	0	0	0	0	0	0	0	0	0	0	0	30
1	MSCTcl1plb	5	30	0	0	0	0	0	0	0	0	0	0	0	0	0	0	0	0	30
0	MSCTcl1plb	6	30	0	0	0	0	0	0	0	0	0	0	0	0	0	0	0	0	30
1	MSCTcl1plb	6	30	0	0	0	0	0	0	0	0	0	0	0	0	0	0	0	0	30
0	MSCTcl1plb	7	30	0	0	0	0	0	0	0	0	0	0	0	0	0	0	0	0	30
1	MSCTcl1plb	7	30	0	0	0	0	0	0	0	0	0	0	0	0	0	0	0	0	30
0	MSCTcl1plb	8	30	0	0	0	0	0	0	0	0	0	0	0	0	0	0	0	0	30
1	MSCTcl1plb	8	30	0	0	0	0	0	0	0	0	0	0	0	0	0	0	0	0	30
0	MSCTcl1plb	9	30	0	0	0	0	0	0	0	0	0	0	0	0	0	0	0	0	30
1	MSCTcl1plb	9	30	0	0	0	0	0	0	0	0	0	0	0	0	0	0	0	0	30
0	MSCTcl1plb	10	30	0	0	0	0	0	0	0	0	0	0	0	0	0	0	0	0	30
1	MSCTcl1plb	10	30	0	0	0	0	0	0	0	0	0	0	0	0	0	0	0	0	30
0	MSCTcl1plb	11	30	0	0	0	0	0	0	0	0	0	0	0	0	0	0	0	0	30
1	MSCTcl1plb	11	30	0	0	0	0	0	0	0	0	0	0	0	0	0	0	0	0	30
0	MSCTcl1plb	12	30	0	0	0	0	0	0	0	0	0	0	0	0	0	0	0	0	30
1	MSCTcl1plb	12	30	0	0	0	0	0	0	0	0	0	0	0	0	0	0	0	0	30
0	MSCTcl1plb	13	30	0	0	0	0	0	0	0	0	0	0	0	0	0	0	0	0	30
1	MSCTcl1plb	13	30	0	0	0	0	0	0	0	0	0	0	0	0	0	0	0	0	30
0	MSCTcl1plb	14	30	0	0	0	0	0	0	0	0	0	0	0	0	0	0	0	0	30
1	MSCTcl1plb	14	30	0	0	0	0	0	0	0	0	0	0	0	0	0	0	0	0	30
0	MSCTcl1plb	15	30	0	0	0	0	0	0	0	0	0	0	0	0	0	0	0	0	30
1	MSCTcl1plb	15	30	0	0	0	0	0	0	0	0	0	0	0	0	0	0	0	0	30
0	MSCTcl1plb	16	30	0	0	0	0	0	0	0	0	0	0	0	0	0	0	0	0	30
1	MSCTcl1plb	16	30	0	0	0	0	0	0	0	0	0	0	0	0	0	0	0	0	30
0	MSCTcl1plb	17	30	0	0	0	0	0	0	0	0	0	0	0	0	0	0	0	0	30
1	MSCTcl1plb	17	30	0	0	0	0	0	0	0	0	0	0	0	0	0	0	0	0	30
0	MSCTcl1plb	18	30	0	0	0	0	0	0	0	0	0	0	0	0	0	0	0	0	30
1	MSCTcl1plb	18	25	0	0	5	0	0	0	0	0	0	0	0	0	0	0	0	0	30
0	MSCTcl1plb	19	30	0	0	0	0	0	0	0	0	0	0	0	0	0	0	0	0	30
1	MSCTcl1plb	19	21	0	0	9	0	0	0	0	0	0	0	0	0	0	0	0	0	30
0	MSCTcl1plb	20	30	0	0	0	0	0	0	0	0	0	0	0	0	0	0	0	0	30
1	MSCTcl1plb	20	30	0	0	0	0	0	0	0	0	0	0	0	0	0	0	0	0	30
0	MSCTcl1plb	21	30	0	0	0	0	0	0	0	0	0	0	0	0	0	0	0	0	30
1	MSCTcl1plb	21	30	0	0	0	0	0	0	0	0	0	0	0	0	0	0	0	0	30
0	MSCTcl1plb	22	30	0	0	0	0	0	0	0	0	0	0	0	0	0	0	0	0	30
1	MSCTcl1plb	22	30	0	0	0	0	0	0	0	0	0	0	0	0	0	0	0	0	30
0	MSCTcl1plb	23	30	0	0	0	0	0	0	0	0	0	0	0	0	0	0	0	0	30
1	MSCTcl1plb	23	30	0	0	0	0	0	0	0	0	0	0	0	0	0	0	0	0	30
0	MSCTcl1plb	24	30	0	0	0	0	0	0	0	0	0	0	0	0	0	0	0	0	30
1	MSCTcl1plb	24	30	0	0	0	0	0	0	0	0	0	0	0	0	0	0	0	0	30
0	MSCTcl1plb	25	30	0	0	0	0	0	0	0	0	0	0	0	0	0	0	0	0	30
1	MSCTcl1plb	25	30	0	0	0	0	0	0	0	0	0	0	0	0	0	0	0	0	30
0	MSCTcl1plb	26	30	0	0	0	0	0	0	0	0	0	0	0	0	0	0	0	0	30
1	MSCTcl1plb	26	28	0	0	1	0	0	1	0	0	0	0	0	0	0	0	0	0	30
0	MSCTcl1plb	27	30	0	0	0	0	0	0	0	0	0	0	0	0	0	0	0	0	30
1	MSCTcl1plb	27	30	0	0	0	0	0	0	0	0	0	0	0	0	0	0	0	0	30
0	MSCTcl1plb	28	30	0	0	0	0	0	0	0	0	0	0	0	0	0	0	0	0	30
1	MSCTcl1plb	28	30	0	0	0	0	0	0	0	0	0	0	0	0	0	0	0	0	30
0	MSCTcl1plb	29	30	0	0	0	0	0	0	0	0	0	0	0	0	0	0	0	0	30
1	MSCTcl1plb	29	30	0	0	0	0	0	0	0	0	0	0	0	0	0	0	0	0	30
0	MSCTcl1plb	30	30	0	0	0	0	0	0	0	0	0	0	0	0	0	0	0	0	30
1	MSCTcl1plb	30	30	0	0	0	0	0	0	0	0	0	0	0	0	0	0	0	0	30
0	MSCTcl1plb	31	30	0	0	0	0	0	0	0	0	0	0	0	0	0	0	0	0	30
1	MSCTcl1plb	31	30	0	0	0	0	0	0	0	0	0	0	0	0	0	0	0	0	30
0	MSCTcl1plb	32	30	0	0	0	0	0	0	0	0	0	0	0	0	0	0	0	0	30
1	MSCTcl1plb	32	30	0	0	0	0	0	0	0	0	0	0	0	0	0	0	0	0	30
0	MSCTcl1plb	33	30	0	0	0	0	0	0	0	0	0	0	0	0	0	0	0	0	30
1	MSCTcl1plb	33	30	0	0	0	0	0	0	0	0	0	0	0	0	0	0	0	0	30
0	MSCTcl1plb	34	30	0	0	0	0	0	0	0	0	0	0	0	0	0	0	0	0	30
1	MSCTcl1plb	34	30	0	0	0	0	0	0	0	0	0	0	0	0	0	0	0	0	30
0	MSCTcl1plb	35	30	0	0	0	0	0	0	0	0	0	0	0	0	0	0	0	0	30
1	MSCTcl1plb	35	30	0	0	0	0	0	0	0	0	0	0	0	0	0	0	0	0	30
0	MSCTcl1plb	36	30	0	0	0	0	0	0	0	0	0	0	0	0	0	0	0	0	30
1	MSCTcl1plb	36	30	0	0	0	0	0	0	0	0	0	0	0	0	0	0	0	0	30
0	MSCTcl1plb	37	30	0	0	0	0	0	0	0	0	0	0	0	0	0	0	0	0	30
1	MSCTcl1plb	37	30	0	0	0	0	0	0	0	0	0	0	0	0	0	0	0	0	30
0	MSCTcl1plb	38	30	0	0	0	0	0	0	0	0	0	0	0	0	0	0	0	0	30
1	MSCTcl1plb	38	30	0	0	0	0	0	0	0	0	0	0	0	0	0	0	0	0	30
0	MSCTcl1plb	39	30	0	0	0	0	0	0	0	0	0	0	0	0	0	0	0	0	30
1	MSCTcl1plb	39	30	0	0	0	0	0	0	0	0	0	0	0	0	0	0	0	0	30
0	MSCTcl1plb	40	30	0	0	0	0	0	0	0	0	0	0	0	0	0	0	0	0	30
1	MSCTcl1plb	40	30	0	0	0	0	0	0	0	0	0	0	0	0	0	0	0	0	30
0	MSCTcl2plb	1	30	0	0	0	0	0	0	0	27	0	0	3	0	0	0	0	0	0
1	MSCTcl2plb	1	30	0	0	0	0	0	0	0	21	0	0	9	0	0	0	0	0	0
0	MSCTcl2plb	2	30	0	0	0	0	0	0	0	1	0	0	1	0	0	2	0	0	26
1	MSCTcl2plb	2	30	0	0	0	0	0	0	0	0	0	0	1	0	0	3	0	0	26
0	MSCTcl2plb	3	30	0	0	0	0	0	0	0	0	0	0	0	0	0	0	0	0	30
1	MSCTcl2plb	3	30	0	0	0	0	0	0	0	0	0	0	0	0	0	0	0	0	30
0	MSCTcl2plb	4	30	0	0	0	0	0	0	0	0	0	0	0	0	0	0	0	0	30
1	MSCTcl2plb	4	30	0	0	0	0	0	0	0	0	0	0	0	0	0	0	0	0	30
0	MSCTcl2plb	5	30	0	0	0	0	0	0	0	0	0	0	0	0	0	0	0	0	30
1	MSCTcl2plb	5	30	0	0	0	0	0	0	0	0	0	0	0	0	0	0	0	0	30
0	MSCTcl2plb	6	30	0	0	0	0	0	0	0	0	0	0	0	0	0	0	0	0	30
1	MSCTcl2plb	6	30	0	0	0	0	0	0	0	0	0	0	0	0	0	0	0	0	30
0	MSCTcl2plb	7	30	0	0	0	0	0	0	0	0	0	0	0	0	0	0	0	0	30
1	MSCTcl2plb	7	30	0	0	0	0	0	0	0	0	0	0	0	0	0	0	0	0	30
0	MSCTcl2plb	8	30	0	0	0	0	0	0	0	0	0	0	0	0	0	0	0	0	30
1	MSCTcl2plb	8	30	0	0	0	0	0	0	0	0	0	0	0	0	0	0	0	0	30
0	MSCTcl2plb	9	30	0	0	0	0	0	0	0	0	0	0	0	0	0	0	0	0	30
1	MSCTcl2plb	9	30	0	0	0	0	0	0	0	0	0	0	0	0	0	0	0	0	30
0	MSCTcl2plb	10	30	0	0	0	0	0	0	0	0	0	0	0	0	0	0	0	0	30
1	MSCTcl2plb	10	30	0	0	0	0	0	0	0	0	0	0	0	0	0	0	0	0	30
0	MSCTcl2plb	11	30	0	0	0	0	0	0	0	0	0	0	0	0	0	0	0	0	30
1	MSCTcl2plb	11	30	0	0	0	0	0	0	0	0	0	0	0	0	0	0	0	0	30
0	MSCTcl2plb	12	30	0	0	0	0	0	0	0	0	0	0	0	0	0	0	0	0	30
1	MSCTcl2plb	12	30	0	0	0	0	0	0	0	0	0	0	0	0	0	0	0	0	30
0	MSCTcl2plb	13	30	0	0	0	0	0	0	0	0	0	0	0	0	0	0	0	0	30
1	MSCTcl2plb	13	30	0	0	0	0	0	0	0	0	0	0	0	0	0	0	0	0	30
0	MSCTcl2plb	14	30	0	0	0	0	0	0	0	0	0	0	0	0	0	0	0	0	30
1	MSCTcl2plb	14	30	0	0	0	0	0	0	0	0	0	0	0	0	0	0	0	0	30
0	MSCTcl2plb	15	30	0	0	0	0	0	0	0	0	0	0	0	0	0	0	0	0	30
1	MSCTcl2plb	15	30	0	0	0	0	0	0	0	0	0	0	0	0	0	0	0	0	30
0	MSCTcl2plb	16	30	0	0	0	0	0	0	0	0	0	0	0	0	0	0	0	0	30
1	MSCTcl2plb	16	30	0	0	0	0	0	0	0	0	0	0	0	0	0	0	0	0	30
0	MSCTcl2plb	17	30	0	0	0	0	0	0	0	0	0	0	0	0	0	0	0	0	30
1	MSCTcl2plb	17	25	0	0	4	0	0	1	0	0	0	0	0	0	0	0	0	0	30
0	MSCTcl2plb	18	30	0	0	0	0	0	0	0	0	0	0	0	0	0	0	0	0	30
1	MSCTcl2plb	18	28	0	0	2	0	0	0	0	0	0	0	0	0	0	0	0	0	30
0	MSCTcl2plb	19	30	0	0	0	0	0	0	0	0	0	0	0	0	0	0	0	0	30
1	MSCTcl2plb	19	25	0	0	2	0	0	3	0	0	0	0	0	0	0	0	0	0	30
0	MSCTcl2plb	20	30	0	0	0	0	0	0	0	0	0	0	0	0	0	0	0	0	30
1	MSCTcl2plb	20	14	0	0	11	0	0	5	0	0	0	0	0	0	0	0	0	0	30
0	MSCTcl2plb	21	30	0	0	0	0	0	0	0	0	0	0	0	0	0	0	0	0	30
1	MSCTcl2plb	21	30	0	0	0	0	0	0	0	0	0	0	0	0	0	0	0	0	30
0	MSCTcl2plb	22	30	0	0	0	0	0	0	0	0	0	0	0	0	0	0	0	0	30
1	MSCTcl2plb	22	29	0	0	1	0	0	0	0	0	0	0	0	0	0	0	0	0	30
0	MSCTcl2plb	23	30	0	0	0	0	0	0	0	0	0	0	0	0	0	0	0	0	30
1	MSCTcl2plb	23	30	0	0	0	0	0	0	0	0	0	0	0	0	0	0	0	0	30
0	MSCTcl2plb	24	30	0	0	0	0	0	0	0	0	0	0	0	0	0	0	0	0	30
1	MSCTcl2plb	24	30	0	0	0	0	0	0	0	0	0	0	0	0	0	0	0	0	30
0	MSCTcl2plb	25	30	0	0	0	0	0	0	0	0	0	0	0	0	0	0	0	0	30
1	MSCTcl2plb	25	30	0	0	0	0	0	0	0	0	0	0	0	0	0	0	0	0	30
0	MSCTcl2plb	26	30	0	0	0	0	0	0	0	0	0	0	0	0	0	0	0	0	30
1	MSCTcl2plb	26	29	0	0	1	0	0	0	0	0	0	0	0	0	0	0	0	0	30
0	MSCTcl2plb	27	30	0	0	0	0	0	0	0	0	0	0	0	0	0	0	0	0	30
1	MSCTcl2plb	27	30	0	0	0	0	0	0	0	0	0	0	0	0	0	0	0	0	30
0	MSCTcl2plb	28	30	0	0	0	0	0	0	0	0	0	0	0	0	0	0	0	0	30
1	MSCTcl2plb	28	30	0	0	0	0	0	0	0	0	0	0	0	0	0	0	0	0	30
0	MSCTcl2plb	29	30	0	0	0	0	0	0	0	0	0	0	0	0	0	0	0	0	30
1	MSCTcl2plb	29	30	0	0	0	0	0	0	0	0	0	0	0	0	0	0	0	0	30
0	MSCTcl2plb	30	30	0	0	0	0	0	0	0	0	0	0	0	0	0	0	0	0	30
1	MSCTcl2plb	30	30	0	0	0	0	0	0	0	0	0	0	0	0	0	0	0	0	30
0	MSCTcl2plb	31	30	0	0	0	0	0	0	0	0	0	0	0	0	0	0	0	0	30
1	MSCTcl2plb	31	30	0	0	0	0	0	0	0	0	0	0	0	0	0	0	0	0	30
0	MSCTcl2plb	32	30	0	0	0	0	0	0	0	0	0	0	0	0	0	0	0	0	30
1	MSCTcl2plb	32	30	0	0	0	0	0	0	0	0	0	0	0	0	0	0	0	0	30
0	MSCTcl2plb	33	30	0	0	0	0	0	0	0	0	0	0	0	0	0	0	0	0	30
1	MSCTcl2plb	33	30	0	0	0	0	0	0	0	0	0	0	0	0	0	0	0	0	30
0	MSCTcl2plb	34	30	0	0	0	0	0	0	0	0	0	0	0	0	0	0	0	0	30
1	MSCTcl2plb	34	30	0	0	0	0	0	0	0	0	0	0	0	0	0	0	0	0	30
0	MSCTcl2plb	35	30	0	0	0	0	0	0	0	0	0	0	0	0	0	0	0	0	30
1	MSCTcl2plb	35	30	0	0	0	0	0	0	0	0	0	0	0	0	0	0	0	0	30
0	MSCTcl2plb	36	30	0	0	0	0	0	0	0	0	0	0	0	0	0	0	0	0	30
1	MSCTcl2plb	36	30	0	0	0	0	0	0	0	0	0	0	0	0	0	0	0	0	30
0	MSCTcl2plb	37	30	0	0	0	0	0	0	0	0	0	0	0	0	0	0	0	0	30
1	MSCTcl2plb	37	30	0	0	0	0	0	0	0	0	0	0	0	0	0	0	0	0	30
0	MSCTcl2plb	38	30	0	0	0	0	0	0	0	0	0	0	0	0	0	0	0	0	30
1	MSCTcl2plb	38	30	0	0	0	0	0	0	0	0	0	0	0	0	0	0	0	0	30
0	MSCTcl2plb	39	30	0	0	0	0	0	0	0	0	0	0	0	0	0	0	0	0	30
1	MSCTcl2plb	39	30	0	0	0	0	0	0	0	0	0	0	0	0	0	0	0	0	30
0	MSCTcl2plb	40	30	0	0	0	0	0	0	0	0	0	0	0	0	0	0	0	0	30
1	MSCTcl2plb	40	30	0	0	0	0	0	0	0	0	0	0	0	0	0	0	0	0	30
0	MSIIplb	1	30	0	0	0	0	2	0	0	18	0	0	10	0	0	0	0	0	0
1	MSIIplb	1	30	0	0	0	0	6	0	0	23	0	0	1	0	0	0	0	0	0
0	MSIIplb	2	30	0	0	0	0	0	0	0	7	0	0	3	0	0	3	0	0	17
1	MSIIplb	2	30	0	0	0	0	0	0	0	0	0	0	8	0	0	5	0	0	17
0	MSIIplb	3	30	0	0	0	0	0	0	0	0	0	0	0	0	0	0	0	0	30
1	MSIIplb	3	29	0	0	1	0	0	0	0	0	0	0	0	0	0	0	0	0	30
0	MSIIplb	4	30	0	0	0	0	0	0	0	0	0	0	0	0	0	0	0	0	30
1	MSIIplb	4	29	0	0	1	0	0	0	0	0	0	0	0	0	0	0	0	0	30
0	MSIIplb	5	30	0	0	0	0	0	0	0	0	0	0	0	0	0	0	0	0	30
1	MSIIplb	5	30	0	0	0	0	0	0	0	0	0	0	0	0	0	0	0	0	30
0	MSIIplb	6	30	0	0	0	0	0	0	0	0	0	0	0	0	0	0	0	0	30
1	MSIIplb	6	30	0	0	0	0	0	0	0	0	0	0	0	0	0	0	0	0	30
0	MSIIplb	7	30	0	0	0	0	0	0	0	0	0	0	0	0	0	0	0	0	30
1	MSIIplb	7	30	0	0	0	0	0	0	0	0	0	0	0	0	0	0	0	0	30
0	MSIIplb	8	30	0	0	0	0	0	0	0	0	0	0	0	0	0	0	0	0	30
1	MSIIplb	8	5	0	0	18	0	0	7	0	0	0	0	0	0	0	0	0	0	30
0	MSIIplb	9	30	0	0	0	0	0	0	0	0	0	0	0	0	0	0	0	0	30
1	MSIIplb	9	0	0	0	12	0	0	14	0	0	4	0	0	0	0	0	0	0	30
0	MSIIplb	10	30	0	0	0	0	0	0	0	0	0	0	0	0	0	0	0	0	30
1	MSIIplb	10	18	0	0	6	0	0	6	0	0	0	0	0	0	0	0	0	0	30
0	MSIIplb	11	30	0	0	0	0	0	0	0	0	0	0	0	0	0	0	0	0	30
1	MSIIplb	11	17	0	0	5	0	0	8	0	0	0	0	0	0	0	0	0	0	30
0	MSIIplb	12	30	0	0	0	0	0	0	0	0	0	0	0	0	0	0	0	0	30
1	MSIIplb	12	15	0	0	9	0	0	6	0	0	0	0	0	0	0	0	0	0	30
0	MSIIplb	13	30	0	0	0	0	0	0	0	0	0	0	0	0	0	0	0	0	30
1	MSIIplb	13	1	0	0	12	0	0	16	0	0	1	0	0	0	0	0	0	0	30
0	MSIIplb	14	30	0	0	0	0	0	0	0	0	0	0	0	0	0	0	0	0	30
1	MSIIplb	14	4	0	0	9	0	0	2	0	0	3	0	0	12	0	0	0	0	30
0	MSIIplb	15	30	0	0	0	0	0	0	0	0	0	0	0	0	0	0	0	0	30
1	MSIIplb	15	0	0	0	0	0	0	0	0	0	0	0	0	19	0	0	11	0	30
0	MSIIplb	16	30	0	0	0	0	0	0	0	0	0	0	0	0	0	0	0	0	30
1	MSIIplb	16	0	0	0	0	0	0	0	0	0	0	0	0	14	0	0	16	0	30
0	MSIIplb	17	30	0	0	0	0	0	0	0	0	0	0	0	0	0	0	0	0	30
1	MSIIplb	17	0	0	0	0	0	0	0	0	0	0	0	0	8	0	0	22	0	30
0	MSIIplb	18	30	0	0	0	0	0	0	0	0	0	0	0	0	0	0	0	0	30
1	MSIIplb	18	0	0	0	0	0	0	0	0	0	5	0	0	15	0	0	10	0	30
0	MSIIplb	19	30	0	0	0	0	0	0	0	0	0	0	0	0	0	0	0	0	30
1	MSIIplb	19	0	0	0	0	0	0	0	0	0	1	0	0	14	0	0	15	0	30
0	MSIIplb	20	30	0	0	0	0	0	0	0	0	0	0	0	0	0	0	0	0	30
1	MSIIplb	20	0	0	0	0	0	0	0	0	0	7	0	0	8	0	0	15	0	30
0	MSIIplb	21	30	0	0	0	0	0	0	0	0	0	0	0	0	0	0	0	0	30
1	MSIIplb	21	0	3	0	0	2	0	6	1	0	10	1	0	4	0	0	10	0	30
0	MSIIplb	22	30	0	0	0	0	0	0	0	0	0	0	0	0	0	0	0	0	30
1	MSIIplb	22	17	0	0	8	0	0	3	0	0	2	0	0	0	0	0	0	0	30
0	MSIIplb	23	30	0	0	0	0	0	0	0	0	0	0	0	0	0	0	0	0	30
1	MSIIplb	23	9	0	0	11	0	0	9	0	0	1	0	0	0	0	0	0	0	30
0	MSIIplb	24	30	0	0	0	0	0	0	0	0	0	0	0	0	0	0	0	0	30
1	MSIIplb	24	0	0	0	0	0	0	6	0	0	8	0	0	10	0	0	6	0	30
0	MSIIplb	25	30	0	0	0	0	0	0	0	0	0	0	0	0	0	0	0	0	30
1	MSIIplb	25	1	0	0	8	0	0	14	0	0	7	0	0	0	0	0	0	0	30
0	MSIIplb	26	30	0	0	0	0	0	0	0	0	0	0	0	0	0	0	0	0	30
1	MSIIplb	26	0	0	0	0	0	0	0	0	0	0	0	0	8	0	0	22	0	30
0	MSIIplb	27	30	0	0	0	0	0	0	0	0	0	0	0	0	0	0	0	0	30
1	MSIIplb	27	0	1	0	0	0	0	0	0	0	0	0	0	0	0	0	30	0	30
0	MSIIplb	28	30	0	0	0	0	0	0	0	0	0	0	0	0	0	0	0	0	30
1	MSIIplb	28	0	0	0	0	2	0	0	1	0	0	0	0	0	3	0	30	10	30
0	MSIIplb	29	30	0	0	0	0	0	0	0	0	0	0	0	0	0	0	0	0	30
1	MSIIplb	29	0	1	0	0	0	0	0	1	0	0	0	0	0	1	0	30	1	30
0	MSIIplb	30	30	0	0	0	0	0	0	0	0	0	0	0	0	0	0	0	0	30
1	MSIIplb	30	0	0	0	0	3	0	0	0	0	0	0	0	0	0	0	30	0	30
0	MSIIplb	31	30	0	0	0	0	0	0	0	0	0	0	0	0	0	0	0	0	30
1	MSIIplb	31	0	3	0	0	2	0	0	1	0	0	0	0	0	0	0	30	0	30
0	MSIIplb	32	30	0	0	0	0	0	0	0	0	0	0	0	0	0	0	0	0	30
1	MSIIplb	32	0	1	0	0	1	0	0	0	0	0	0	0	6	0	0	24	0	30
0	MSIIplb	33	30	0	0	0	0	0	0	0	0	0	0	0	0	0	0	0	0	30
1	MSIIplb	33	0	0	0	0	3	0	0	2	0	0	3	0	0	0	0	30	22	30
0	MSIIplb	34	30	0	0	0	0	0	0	0	0	0	0	0	0	0	0	0	0	30
1	MSIIplb	34	0	0	0	0	2	0	0	1	0	1	1	0	3	3	0	26	10	30
0	MSIIplb	35	30	0	0	0	0	0	0	0	0	0	0	0	0	0	0	0	0	30
1	MSIIplb	35	0	1	0	0	0	0	1	0	0	5	0	0	10	0	0	14	0	30
0	MSIIplb	36	30	0	0	0	0	0	0	0	0	0	0	0	0	0	0	0	0	30
1	MSIIplb	36	0	0	0	1	0	0	1	0	0	13	0	0	11	0	0	4	0	30
0	MSIIplb	37	30	0	0	0	0	0	0	0	0	0	0	0	0	0	0	0	0	30
1	MSIIplb	37	0	0	0	0	0	0	0	0	0	0	0	0	15	0	0	15	0	30
0	MSIIplb	38	30	0	0	0	0	0	0	0	0	0	0	0	0	0	0	0	0	30
1	MSIIplb	38	0	0	0	0	0	0	6	0	0	7	0	0	13	0	0	4	0	30
0	MSIIplb	39	30	0	0	0	0	0	0	0	0	0	0	0	0	0	0	0	0	30
1	MSIIplb	39	0	3	0	0	0	0	1	1	0	7	1	0	2	0	0	20	0	30
0	MSIIplb	40	30	0	0	0	0	0	0	0	0	0	0	0	0	0	0	0	0	30
1	MSIIplb	40	0	8	0	0	4	0	0	2	0	0	1	0	0	0	0	30	0	30
0	MSITcl3plb	1	30	0	0	0	0	0	0	0	14	0	0	16	0	0	0	0	0	0
1	MSITcl3plb	1	30	0	0	0	0	6	0	0	16	0	0	8	0	0	0	0	0	0
0	MSITcl3plb	2	30	0	0	0	0	0	0	0	0	0	0	7	0	0	2	0	0	21
1	MSITcl3plb	2	30	0	0	0	0	0	0	0	0	0	0	8	0	0	17	0	0	5
0	MSITcl3plb	3	30	0	0	0	0	0	0	0	0	0	0	0	0	0	0	0	0	30
1	MSITcl3plb	3	30	0	0	0	0	0	0	0	0	0	0	0	0	0	13	0	0	17
0	MSITcl3plb	4	30	0	0	0	0	0	0	0	0	0	0	0	0	0	0	0	0	30
1	MSITcl3plb	4	30	0	0	0	0	0	0	0	0	0	0	3	0	0	7	0	0	20
0	MSITcl3plb	5	30	0	0	0	0	0	0	0	0	0	0	0	0	0	0	0	0	30
1	MSITcl3plb	5	30	0	0	0	0	0	0	0	0	0	0	0	0	0	0	0	0	30
0	MSITcl3plb	6	30	0	0	0	0	0	0	0	0	0	0	0	0	0	0	0	0	30
1	MSITcl3plb	6	30	0	0	0	0	0	0	0	0	0	0	0	0	0	0	0	0	30
0	MSITcl3plb	7	30	0	0	0	0	0	0	0	0	0	0	0	0	0	0	0	0	30
1	MSITcl3plb	7	30	0	0	0	0	0	0	0	0	0	0	0	0	0	0	0	0	30
0	MSITcl3plb	8	30	0	0	0	0	0	0	0	0	0	0	0	0	0	0	0	0	30
1	MSITcl3plb	8	30	0	0	0	0	0	0	0	0	0	0	0	0	0	0	0	0	30
0	MSITcl3plb	9	30	0	0	0	0	0	0	0	0	0	0	0	0	0	0	0	0	30
1	MSITcl3plb	9	30	0	0	0	0	0	0	0	0	0	0	0	0	0	0	0	0	30
0	MSITcl3plb	10	30	0	0	0	0	0	0	0	0	0	0	0	0	0	0	0	0	30
1	MSITcl3plb	10	30	0	0	0	0	0	0	0	0	0	0	0	0	0	0	0	0	30
0	MSITcl3plb	11	30	0	0	0	0	0	0	0	0	0	0	0	0	0	0	0	0	30
1	MSITcl3plb	11	29	0	0	1	0	0	0	0	0	0	0	0	0	0	0	0	0	30
0	MSITcl3plb	12	30	0	0	0	0	0	0	0	0	0	0	0	0	0	0	0	0	30
1	MSITcl3plb	12	23	0	0	3	0	0	4	0	0	0	0	0	0	0	0	0	0	30
0	MSITcl3plb	13	30	0	0	0	0	0	0	0	0	0	0	0	0	0	0	0	0	30
1	MSITcl3plb	13	19	0	0	7	0	0	4	0	0	0	0	0	0	0	0	0	0	30
0	MSITcl3plb	14	30	0	0	0	0	0	0	0	0	0	0	0	0	0	0	0	0	30
1	MSITcl3plb	14	30	0	0	0	0	0	0	0	0	0	0	0	0	0	0	0	0	30
0	MSITcl3plb	15	30	0	0	0	0	0	0	0	0	0	0	0	0	0	0	0	0	30
1	MSITcl3plb	15	22	0	0	7	0	0	1	0	0	0	0	0	0	0	0	0	0	30
0	MSITcl3plb	16	30	0	0	0	0	0	0	0	0	0	0	0	0	0	0	0	0	30
1	MSITcl3plb	16	19	0	0	10	0	0	1	0	0	0	0	0	0	0	0	0	0	30
0	MSITcl3plb	17	30	0	0	0	0	0	0	0	0	0	0	0	0	0	0	0	0	30
1	MSITcl3plb	17	19	0	0	3	0	0	8	0	0	0	0	0	0	0	0	0	0	30
0	MSITcl3plb	18	30	0	0	0	0	0	0	0	0	0	0	0	0	0	0	0	0	30
1	MSITcl3plb	18	21	0	0	9	0	0	0	0	0	0	0	0	0	0	0	0	0	30
0	MSITcl3plb	19	30	0	0	0	0	0	0	0	0	0	0	0	0	0	0	0	0	30
1	MSITcl3plb	19	26	0	0	4	0	0	0	0	0	0	0	0	0	0	0	0	0	30
0	MSITcl3plb	20	30	0	0	0	0	0	0	0	0	0	0	0	0	0	0	0	0	30
1	MSITcl3plb	20	30	0	0	0	0	0	0	0	0	0	0	0	0	0	0	0	0	30
0	MSITcl3plb	21	30	0	0	0	0	0	0	0	0	0	0	0	0	0	0	0	0	30
1	MSITcl3plb	21	30	0	0	0	0	0	0	0	0	0	0	0	0	0	0	0	0	30
0	MSITcl3plb	22	30	0	0	0	0	0	0	0	0	0	0	0	0	0	0	0	0	30
1	MSITcl3plb	22	30	0	0	0	0	0	0	0	0	0	0	0	0	0	0	0	0	30
0	MSITcl3plb	23	30	0	0	0	0	0	0	0	0	0	0	0	0	0	0	0	0	30
1	MSITcl3plb	23	30	0	0	0	0	0	0	0	0	0	0	0	0	0	0	0	0	30
0	MSITcl3plb	24	30	0	0	0	0	0	0	0	0	0	0	0	0	0	0	0	0	30
1	MSITcl3plb	24	30	0	0	0	0	0	0	0	0	0	0	0	0	0	0	0	0	30
0	MSITcl3plb	25	30	0	0	0	0	0	0	0	0	0	0	0	0	0	0	0	0	30
1	MSITcl3plb	25	30	0	0	0	0	0	0	0	0	0	0	0	0	0	0	0	0	30
0	MSITcl3plb	26	30	0	0	0	0	0	0	0	0	0	0	0	0	0	0	0	0	30
1	MSITcl3plb	26	27	0	0	1	0	0	1	0	0	0	0	0	1	0	0	0	0	30
0	MSITcl3plb	27	30	0	0	0	0	0	0	0	0	0	0	0	0	0	0	0	0	30
1	MSITcl3plb	27	0	0	0	0	1	0	1	0	0	10	0	0	15	0	0	4	0	30
0	MSITcl3plb	28	30	0	0	0	0	0	0	0	0	0	0	0	0	0	0	0	0	30
1	MSITcl3plb	28	0	0	0	6	1	0	5	1	0	4	0	0	7	0	0	8	0	30
0	MSITcl3plb	29	30	0	0	0	0	0	0	0	0	0	0	0	0	0	0	0	0	30
1	MSITcl3plb	29	0	0	0	10	0	0	13	0	0	4	0	0	2	0	0	1	0	30
0	MSITcl3plb	30	30	0	0	0	0	0	0	0	0	0	0	0	0	0	0	0	0	30
1	MSITcl3plb	30	0	0	0	9	0	0	13	0	0	5	0	0	2	0	0	1	0	30
0	MSITcl3plb	31	30	0	0	0	0	0	0	0	0	0	0	0	0	0	0	0	0	30
1	MSITcl3plb	31	0	1	0	0	0	0	7	0	0	16	0	0	6	0	0	1	0	30
0	MSITcl3plb	32	30	0	0	0	0	0	0	0	0	0	0	0	0	0	0	0	0	30
1	MSITcl3plb	32	0	0	0	6	1	0	9	0	0	11	0	0	2	0	0	2	0	30
0	MSITcl3plb	33	30	0	0	0	0	0	0	0	0	0	0	0	0	0	0	0	0	30
1	MSITcl3plb	33	0	7	0	0	6	0	0	3	0	17	0	0	12	0	0	1	0	30
0	MSITcl3plb	34	30	0	0	0	0	0	0	0	0	0	0	0	0	0	0	0	0	30
1	MSITcl3plb	34	0	6	0	0	9	0	0	6	0	2	3	0	17	0	0	11	0	30
0	MSITcl3plb	35	30	0	0	0	0	0	0	0	0	0	0	0	0	0	0	0	0	30
1	MSITcl3plb	35	0	3	0	0	1	0	0	5	0	0	4	0	0	2	0	30	0	30
0	MSITcl3plb	36	30	0	0	0	0	0	0	0	0	0	0	0	0	0	0	0	0	30
1	MSITcl3plb	36	0	0	0	0	0	0	0	0	0	1	0	0	10	0	0	19	0	30
0	MSITcl3plb	37	30	0	0	0	0	0	0	0	0	0	0	0	0	0	0	0	0	30
1	MSITcl3plb	37	0	1	0	0	0	0	0	0	0	4	0	0	20	0	0	6	0	30
0	MSITcl3plb	38	30	0	0	0	0	0	0	0	0	0	0	0	0	0	0	0	0	30
1	MSITcl3plb	38	0	0	0	0	0	0	0	0	0	8	0	0	21	0	0	1	0	30
0	MSITcl3plb	39	30	0	0	0	0	0	0	0	0	0	0	0	0	0	0	0	0	30
1	MSITcl3plb	39	0	0	0	0	0	0	0	0	0	19	0	0	11	0	0	0	0	30
0	MSITcl3plb	40	30	0	0	0	0	0	0	0	0	0	0	0	0	0	0	0	0	30
1	MSITcl3plb	40	0	0	0	0	0	0	0	0	0	8	0	0	21	0	0	1	0	30
0	MSITcl4plb	1	30	0	0	0	0	0	0	0	7	0	0	23	0	0	0	0	0	0
1	MSITcl4plb	1	30	0	0	0	0	1	0	0	17	0	0	12	0	0	0	0	0	0
0	MSITcl4plb	2	30	0	0	0	0	0	0	0	0	0	0	7	0	0	0	0	0	23
1	MSITcl4plb	2	30	0	0	0	0	0	0	0	1	0	0	1	0	0	6	0	0	22
0	MSITcl4plb	3	30	0	0	0	0	0	0	0	0	0	0	0	0	0	0	0	0	30
1	MSITcl4plb	3	30	0	0	0	0	0	0	0	0	0	0	0	0	0	0	0	0	30
0	MSITcl4plb	4	30	0	0	0	0	0	0	0	0	0	0	0	0	0	0	0	0	30
1	MSITcl4plb	4	30	0	0	0	0	0	0	0	0	0	0	0	0	0	0	0	0	30
0	MSITcl4plb	5	30	0	0	0	0	0	0	0	0	0	0	0	0	0	0	0	0	30
1	MSITcl4plb	5	30	0	0	0	0	0	0	0	0	0	0	0	0	0	0	0	0	30
0	MSITcl4plb	6	30	0	0	0	0	0	0	0	0	0	0	0	0	0	0	0	0	30
1	MSITcl4plb	6	29	0	0	1	0	0	0	0	0	0	0	0	0	0	0	0	0	30
0	MSITcl4plb	7	30	0	0	0	0	0	0	0	0	0	0	0	0	0	0	0	0	30
1	MSITcl4plb	7	14	0	0	14	0	0	2	0	0	0	0	0	0	0	0	0	0	30
0	MSITcl4plb	8	30	0	0	0	0	0	0	0	0	0	0	0	0	0	0	0	0	30
1	MSITcl4plb	8	2	0	0	16	0	0	12	0	0	0	0	0	0	0	0	0	0	30
0	MSITcl4plb	9	30	0	0	0	0	0	0	0	0	0	0	0	0	0	0	0	0	30
1	MSITcl4plb	9	19	0	0	10	0	0	1	0	0	0	0	0	0	0	0	0	0	30
0	MSITcl4plb	10	30	0	0	0	0	0	0	0	0	0	0	0	0	0	0	0	0	30
1	MSITcl4plb	10	30	0	0	0	0	0	0	0	0	0	0	0	0	0	0	0	0	30
0	MSITcl4plb	11	30	0	0	0	0	0	0	0	0	0	0	0	0	0	0	0	0	30
1	MSITcl4plb	11	29	0	0	1	0	0	0	0	0	0	0	0	0	0	0	0	0	30
0	MSITcl4plb	12	30	0	0	0	0	0	0	0	0	0	0	0	0	0	0	0	0	30
1	MSITcl4plb	12	28	0	0	2	0	0	0	0	0	0	0	0	0	0	0	0	0	30
0	MSITcl4plb	13	30	0	0	0	0	0	0	0	0	0	0	0	0	0	0	0	0	30
1	MSITcl4plb	13	3	0	0	25	0	0	2	0	0	0	0	0	0	0	0	0	0	30
0	MSITcl4plb	14	30	0	0	0	0	0	0	0	0	0	0	0	0	0	0	0	0	30
1	MSITcl4plb	14	5	0	0	11	0	0	13	0	0	1	0	0	0	0	0	0	0	30
0	MSITcl4plb	15	30	0	0	0	0	0	0	0	0	0	0	0	0	0	0	0	0	30
1	MSITcl4plb	15	19	0	0	9	0	0	2	0	0	0	0	0	0	0	0	0	0	30
0	MSITcl4plb	16	30	0	0	0	0	0	0	0	0	0	0	0	0	0	0	0	0	30
1	MSITcl4plb	16	30	0	0	0	0	0	0	0	0	0	0	0	0	0	0	0	0	30
0	MSITcl4plb	17	30	0	0	0	0	0	0	0	0	0	0	0	0	0	0	0	0	30
1	MSITcl4plb	17	30	0	0	0	0	0	0	0	0	0	0	0	0	0	0	0	0	30
0	MSITcl4plb	18	30	0	0	0	0	0	0	0	0	0	0	0	0	0	0	0	0	30
1	MSITcl4plb	18	30	0	0	0	0	0	0	0	0	0	0	0	0	0	0	0	0	30
0	MSITcl4plb	19	30	0	0	0	0	0	0	0	0	0	0	0	0	0	0	0	0	30
1	MSITcl4plb	19	28	0	0	2	0	0	0	0	0	0	0	0	0	0	0	0	0	30
0	MSITcl4plb	20	30	0	0	0	0	0	0	0	0	0	0	0	0	0	0	0	0	30
1	MSITcl4plb	20	22	0	0	8	0	0	0	0	0	0	0	0	0	0	0	0	0	30
0	MSITcl4plb	21	30	0	0	0	0	0	0	0	0	0	0	0	0	0	0	0	0	30
1	MSITcl4plb	21	29	0	0	1	0	0	0	0	0	0	0	0	0	0	0	0	0	30
0	MSITcl4plb	22	30	0	0	0	0	0	0	0	0	0	0	0	0	0	0	0	0	30
1	MSITcl4plb	22	30	0	0	0	0	0	0	0	0	0	0	0	0	0	0	0	0	30
0	MSITcl4plb	23	30	0	0	0	0	0	0	0	0	0	0	0	0	0	0	0	0	30
1	MSITcl4plb	23	29	0	0	1	0	0	0	0	0	0	0	0	0	0	0	0	0	30
0	MSITcl4plb	24	30	0	0	0	0	0	0	0	0	0	0	0	0	0	0	0	0	30
1	MSITcl4plb	24	29	0	0	1	0	0	0	0	0	0	0	0	0	0	0	0	0	30
0	MSITcl4plb	25	30	0	0	0	0	0	0	0	0	0	0	0	0	0	0	0	0	30
1	MSITcl4plb	25	30	0	0	0	0	0	0	0	0	0	0	0	0	0	0	0	0	30
0	MSITcl4plb	26	30	0	0	0	0	0	0	0	0	0	0	0	0	0	0	0	0	30
1	MSITcl4plb	26	28	0	0	1	0	0	0	0	0	1	0	0	0	0	0	0	0	30
0	MSITcl4plb	27	30	0	0	0	0	0	0	0	0	0	0	0	0	0	0	0	0	30
1	MSITcl4plb	27	30	0	0	0	0	0	0	0	0	0	0	0	0	0	0	0	0	30
0	MSITcl4plb	28	30	0	0	0	0	0	0	0	0	0	0	0	0	0	0	0	0	30
1	MSITcl4plb	28	29	0	0	1	0	0	0	0	0	0	0	0	0	0	0	0	0	30
0	MSITcl4plb	29	30	0	0	0	0	0	0	0	0	0	0	0	0	0	0	0	0	30
1	MSITcl4plb	29	30	0	0	0	0	0	0	0	0	0	0	0	0	0	0	0	0	30
0	MSITcl4plb	30	30	0	0	0	0	0	0	0	0	0	0	0	0	0	0	0	0	30
1	MSITcl4plb	30	30	0	0	0	0	0	0	0	0	0	0	0	0	0	0	0	0	30
0	MSITcl4plb	31	30	0	0	0	0	0	0	0	0	0	0	0	0	0	0	0	0	30
1	MSITcl4plb	31	30	0	0	0	0	0	0	0	0	0	0	0	0	0	0	0	0	30
0	MSITcl4plb	32	30	0	0	0	0	0	0	0	0	0	0	0	0	0	0	0	0	30
1	MSITcl4plb	32	30	0	0	0	0	0	0	0	0	0	0	0	0	0	0	0	0	30
0	MSITcl4plb	33	30	0	0	0	0	0	0	0	0	0	0	0	0	0	0	0	0	30
1	MSITcl4plb	33	30	0	0	0	0	0	0	0	0	0	0	0	0	0	0	0	0	30
0	MSITcl4plb	34	30	0	0	0	0	0	0	0	0	0	0	0	0	0	0	0	0	30
1	MSITcl4plb	34	30	0	0	0	0	0	0	0	0	0	0	0	0	0	0	0	0	30
0	MSITcl4plb	35	30	0	0	0	0	0	0	0	0	0	0	0	0	0	0	0	0	30
1	MSITcl4plb	35	30	0	0	0	0	0	0	0	0	0	0	0	0	0	0	0	0	30
0	MSITcl4plb	36	30	0	0	0	0	0	0	0	0	0	0	0	0	0	0	0	0	30
1	MSITcl4plb	36	30	0	0	0	0	0	0	0	0	0	0	0	0	0	0	0	0	30
0	MSITcl4plb	37	30	0	0	0	0	0	0	0	0	0	0	0	0	0	0	0	0	30
1	MSITcl4plb	37	30	0	0	0	0	0	0	0	0	0	0	0	0	0	0	0	0	30
0	MSITcl4plb	38	30	0	0	0	0	0	0	0	0	0	0	0	0	0	0	0	0	30
1	MSITcl4plb	38	30	0	0	0	0	0	0	0	0	0	0	0	0	0	0	0	0	30
0	MSITcl4plb	39	30	0	0	0	0	0	0	0	0	0	0	0	0	0	0	0	0	30
1	MSITcl4plb	39	30	0	0	0	0	0	0	0	0	0	0	0	0	0	0	0	0	30
0	MSITcl4plb	40	30	0	0	0	0	0	0	0	0	0	0	0	0	0	0	0	0	30
1	MSITcl4plb	40	30	0	0	0	0	0	0	0	0	0	0	0	0	0	0	0	0	30
0	SECTcl3peb	1	30	0	0	0	0	1	0	0	10	0	0	14	0	0	5	0	0	0
1	SECTcl3peb	1	30	0	0	0	0	9	0	0	17	0	0	4	0	0	0	0	0	0
0	SECTcl3peb	2	30	0	0	0	0	0	0	0	0	0	0	0	0	0	2	0	0	28
1	SECTcl3peb	2	30	0	0	0	0	0	0	0	0	0	0	4	0	0	6	0	0	20
0	SECTcl3peb	3	30	0	0	0	0	0	0	0	0	0	0	0	0	0	0	0	0	30
1	SECTcl3peb	3	30	0	0	0	0	0	0	0	0	0	0	5	0	0	8	0	0	17
0	SECTcl3peb	4	30	0	0	0	0	0	0	0	0	0	0	0	0	0	0	0	0	30
1	SECTcl3peb	4	30	0	0	0	0	0	0	0	1	0	0	8	0	0	7	0	0	14
0	SECTcl3peb	5	30	0	0	0	0	0	0	0	0	0	0	0	0	0	0	0	0	30
1	SECTcl3peb	5	30	0	0	0	0	0	0	0	0	0	0	0	0	0	1	0	0	29
0	SECTcl3peb	6	30	0	0	0	0	0	0	0	0	0	0	0	0	0	0	0	0	30
1	SECTcl3peb	6	30	0	0	0	0	0	0	0	0	0	0	0	0	0	0	0	0	30
0	SECTcl3peb	7	30	0	0	0	0	0	0	0	0	0	0	0	0	0	0	0	0	30
1	SECTcl3peb	7	30	0	0	0	0	0	0	0	0	0	0	0	0	0	0	0	0	30
0	SECTcl3peb	8	30	0	0	0	0	0	0	0	0	0	0	0	0	0	2	0	0	28
1	SECTcl3peb	8	30	0	0	0	0	0	0	0	0	0	0	0	0	0	0	0	0	30
0	SECTcl3peb	9	30	0	0	0	0	0	0	0	1	0	0	6	0	0	10	0	0	13
1	SECTcl3peb	9	30	0	0	0	0	0	0	0	0	0	0	0	0	0	0	0	0	30
0	SECTcl3peb	10	30	0	0	0	0	1	0	0	5	0	0	18	0	0	5	0	0	1
1	SECTcl3peb	10	29	0	0	1	0	0	0	0	0	0	0	0	0	0	4	0	0	26
0	SECTcl3peb	11	30	0	0	0	0	11	0	0	13	0	0	6	0	0	0	0	0	0
1	SECTcl3peb	11	29	0	0	1	0	0	0	0	1	0	0	9	0	0	15	0	0	5
0	SECTcl3peb	12	30	0	0	0	0	0	0	0	7	0	0	15	0	0	2	0	0	6
1	SECTcl3peb	12	30	0	0	0	0	2	0	0	1	0	0	8	0	0	15	0	0	4
0	SECTcl3peb	13	30	0	0	0	0	0	0	0	0	0	0	0	0	0	3	0	0	27
1	SECTcl3peb	13	30	0	0	0	0	8	0	0	10	0	0	7	0	0	5	0	0	0
0	SECTcl3peb	14	30	0	0	0	0	0	0	0	0	0	0	2	0	0	7	0	0	21
1	SECTcl3peb	14	30	0	0	0	0	10	0	0	15	0	0	3	0	0	2	0	0	0
0	SECTcl3peb	15	30	0	0	0	0	0	0	0	0	0	0	2	0	0	6	0	0	22
1	SECTcl3peb	15	30	0	0	0	0	4	0	0	3	0	0	10	0	0	8	0	0	5
0	SECTcl3peb	16	30	0	0	0	0	0	0	0	0	0	0	8	0	0	16	0	0	6
1	SECTcl3peb	16	30	0	0	0	0	0	0	0	0	0	0	2	0	0	6	0	0	22
0	SECTcl3peb	17	30	0	0	0	0	0	0	0	1	0	0	18	0	0	9	0	0	2
1	SECTcl3peb	17	30	0	0	0	0	0	0	0	0	0	0	6	0	0	18	0	0	6
0	SECTcl3peb	18	30	0	0	0	0	0	0	0	0	0	0	0	0	0	2	0	0	28
1	SECTcl3peb	18	30	0	0	0	0	2	0	0	3	0	0	14	0	0	3	0	0	8
0	SECTcl3peb	19	30	0	0	0	0	0	0	0	0	0	0	0	0	0	0	0	0	30
1	SECTcl3peb	19	28	0	0	2	0	3	0	0	9	0	0	4	0	0	5	0	0	9
0	SECTcl3peb	20	30	0	0	0	0	0	0	0	0	0	0	1	0	0	10	0	0	19
1	SECTcl3peb	20	29	0	0	1	0	0	0	0	0	0	0	3	0	0	6	0	0	21
0	SECTcl3peb	21	30	0	0	0	0	0	0	0	0	0	0	6	0	0	17	0	0	7
1	SECTcl3peb	21	22	0	0	8	0	0	0	0	5	0	0	9	0	0	9	0	0	7
0	SECTcl3peb	22	30	0	0	0	0	0	0	0	7	0	0	13	0	0	8	0	0	2
1	SECTcl3peb	22	30	0	0	0	0	9	0	0	6	0	0	6	0	0	9	0	0	0
0	SECTcl3peb	23	30	0	0	0	0	1	0	0	9	0	0	9	0	0	7	0	0	4
1	SECTcl3peb	23	30	0	0	0	0	5	0	0	9	0	0	10	0	0	4	0	0	2
0	SECTcl3peb	24	30	0	0	0	0	0	0	0	7	0	0	18	0	0	3	0	0	2
1	SECTcl3peb	24	28	2	0	2	0	0	0	0	8	0	0	18	0	0	4	0	0	0
0	SECTcl3peb	25	30	0	0	0	0	0	0	0	2	0	0	11	0	0	11	0	0	6
1	SECTcl3peb	25	8	0	0	22	0	0	0	0	1	0	0	8	0	0	12	0	0	9
0	SECTcl3peb	26	30	0	0	0	0	0	0	0	1	0	0	1	0	0	7	0	0	21
1	SECTcl3peb	26	27	0	0	1	1	0	0	0	0	1	0	0	0	0	0	1	0	30
0	SECTcl3peb	27	30	0	0	0	0	0	0	0	0	0	0	12	0	0	6	0	0	12
1	SECTcl3peb	27	27	0	0	1	0	0	1	0	0	0	0	0	1	0	0	0	0	30
0	SECTcl3peb	28	30	0	0	0	0	0	0	0	0	0	0	0	0	0	0	0	0	30
1	SECTcl3peb	28	28	0	0	1	0	0	0	0	0	1	0	0	0	0	0	0	0	30
0	SECTcl3peb	29	30	0	0	0	0	0	0	0	0	0	0	0	0	0	0	0	0	30
1	SECTcl3peb	29	28	0	0	1	0	0	1	0	0	0	0	0	0	0	0	0	0	30
0	SECTcl3peb	30	30	0	0	0	0	0	0	0	0	0	0	0	0	0	1	0	0	29
1	SECTcl3peb	30	28	0	0	1	0	0	0	0	0	1	0	0	0	0	0	0	0	30
0	SECTcl3peb	31	30	0	0	0	0	0	0	0	0	0	0	0	0	0	0	0	0	30
1	SECTcl3peb	31	29	0	0	0	0	0	1	0	0	0	0	0	0	0	0	0	0	30
0	SECTcl3peb	32	30	0	0	0	0	0	0	0	0	0	0	0	0	0	0	0	0	30
1	SECTcl3peb	32	29	0	0	1	0	0	0	0	0	0	0	0	0	0	0	0	0	30
0	SECTcl3peb	33	30	0	0	0	0	0	0	0	0	0	0	0	0	0	0	0	0	30
1	SECTcl3peb	33	29	0	0	0	0	0	1	0	0	0	0	0	0	0	0	0	0	30
0	SECTcl3peb	34	30	0	0	0	0	0	0	0	0	0	0	0	0	0	0	0	0	30
1	SECTcl3peb	34	29	0	0	0	0	0	1	0	0	0	0	0	0	0	0	0	0	30
0	SECTcl3peb	35	30	0	0	0	0	0	0	0	0	0	0	1	0	0	5	0	0	24
1	SECTcl3peb	35	29	0	0	0	0	0	1	0	0	0	0	0	0	0	0	0	0	30
0	SECTcl3peb	36	30	0	0	0	0	0	0	0	0	0	0	3	0	0	10	0	0	17
1	SECTcl3peb	36	30	0	0	0	0	0	0	0	0	0	0	0	0	0	0	0	0	30
0	SECTcl3peb	37	30	0	0	0	0	0	0	0	0	0	0	0	0	0	0	0	0	30
1	SECTcl3peb	37	30	0	0	0	0	0	0	0	0	0	0	0	0	0	0	0	0	30
0	SECTcl3peb	38	30	0	0	0	0	0	0	0	0	0	0	0	0	0	0	0	0	30
1	SECTcl3peb	38	26	0	0	4	0	0	0	0	0	0	0	0	0	0	0	0	0	30
0	SECTcl3peb	39	30	0	0	0	0	0	0	0	0	0	0	0	0	0	0	0	0	30
1	SECTcl3peb	39	30	0	0	0	0	0	0	0	0	0	0	0	0	0	0	0	0	30
0	SECTcl3peb	40	30	0	0	0	0	0	0	0	0	0	0	0	0	0	2	0	0	28
1	SECTcl3peb	40	29	0	0	1	0	0	0	0	0	0	0	0	0	0	0	0	0	30
0	SECTpeb	1	30	0	0	0	0	8	0	0	11	0	0	11	0	0	0	0	0	0
1	SECTpeb	1	30	0	0	0	0	1	0	0	3	0	0	21	0	0	5	0	0	0
0	SECTpeb	2	30	0	0	0	0	0	0	0	0	0	0	1	0	0	6	0	0	23
1	SECTpeb	2	9	0	0	13	0	0	5	0	0	3	0	0	0	0	1	0	0	29
0	SECTpeb	3	30	0	0	0	0	0	0	0	0	0	0	0	0	0	14	0	0	16
1	SECTpeb	3	5	0	0	22	0	0	3	0	0	0	0	0	0	0	0	0	0	30
0	SECTpeb	4	30	0	0	0	0	1	0	0	2	0	0	3	0	0	14	0	0	10
1	SECTpeb	4	5	0	0	25	0	0	0	0	0	0	0	0	0	0	0	0	0	30
0	SECTpeb	5	30	0	0	0	0	5	0	0	16	0	0	8	0	0	1	0	0	0
1	SECTpeb	5	5	0	0	25	0	0	0	0	0	0	0	0	0	0	0	0	0	30
0	SECTpeb	6	30	0	0	0	0	7	0	0	11	0	0	5	0	0	6	0	0	1
1	SECTpeb	6	3	0	0	27	0	0	0	0	0	0	0	0	0	0	0	0	0	30
0	SECTpeb	7	30	0	0	0	0	0	0	0	0	0	0	0	0	0	0	0	0	30
1	SECTpeb	7	7	0	0	23	0	0	0	0	0	0	0	0	0	0	0	0	0	30
0	SECTpeb	8	30	0	0	0	0	0	0	0	0	0	0	0	0	0	3	0	0	27
1	SECTpeb	8	8	0	0	22	0	0	0	0	0	0	0	0	0	0	0	0	0	30
0	SECTpeb	9	30	0	0	0	0	0	0	0	1	0	0	6	0	0	11	0	0	12
1	SECTpeb	9	14	0	0	16	0	0	0	0	0	0	0	0	0	0	0	0	0	30
0	SECTpeb	10	30	0	0	0	0	0	0	0	4	0	0	23	0	0	3	0	0	0
1	SECTpeb	10	30	0	0	0	0	0	0	0	0	0	0	4	0	0	2	0	0	24
0	SECTpeb	11	30	0	0	0	0	7	0	0	18	0	0	4	0	0	1	0	0	0
1	SECTpeb	11	27	0	0	3	0	0	0	0	0	0	0	4	0	0	10	0	0	16
0	SECTpeb	12	30	0	0	0	0	0	0	0	16	0	0	6	0	0	1	0	0	7
1	SECTpeb	12	30	0	0	0	0	3	0	0	7	0	0	15	0	0	5	0	0	0
0	SECTpeb	13	30	0	0	0	0	0	0	0	0	0	0	0	0	0	3	0	0	27
1	SECTpeb	13	30	0	1	0	0	14	0	0	12	0	0	2	0	0	1	0	0	0
0	SECTpeb	14	30	0	0	0	0	0	0	0	0	0	0	1	0	0	6	0	0	23
1	SECTpeb	14	30	0	7	0	0	16	0	0	3	0	0	4	0	0	0	0	0	0
0	SECTpeb	15	30	0	0	0	0	0	0	0	0	0	0	4	0	0	17	0	0	9
1	SECTpeb	15	30	0	0	0	0	5	0	0	7	0	0	8	0	0	6	0	0	4
0	SECTpeb	16	30	0	0	0	0	0	0	0	1	0	0	15	0	0	9	0	0	5
1	SECTpeb	16	30	0	0	0	0	0	0	0	5	0	0	2	0	0	4	0	0	19
0	SECTpeb	17	30	0	0	0	0	0	0	0	1	0	0	20	0	0	5	0	0	4
1	SECTpeb	17	30	0	1	0	0	4	0	0	16	0	0	4	0	0	5	0	0	0
0	SECTpeb	18	30	0	0	0	0	0	0	0	0	0	0	2	0	0	10	0	0	18
1	SECTpeb	18	30	0	0	0	0	12	0	0	10	0	0	6	0	0	2	0	0	0
0	SECTpeb	19	30	0	0	0	0	0	0	0	4	0	0	3	0	0	19	0	0	4
1	SECTpeb	19	28	0	4	2	0	8	0	0	8	0	0	2	0	0	2	0	0	6
0	SECTpeb	20	30	0	0	0	0	12	0	0	12	0	0	5	0	0	1	0	0	0
1	SECTpeb	20	29	0	0	1	0	0	0	0	0	0	0	3	0	0	6	0	0	21
0	SECTpeb	21	30	0	0	0	0	12	0	0	11	0	0	6	0	0	0	0	0	1
1	SECTpeb	21	23	0	0	7	0	0	0	0	5	0	0	13	0	0	10	0	0	2
0	SECTpeb	22	30	0	0	0	0	15	0	0	9	0	0	4	0	0	0	0	0	2
1	SECTpeb	22	30	0	0	0	0	3	0	0	10	0	0	14	0	0	3	0	0	0
0	SECTpeb	23	30	0	0	0	0	10	0	0	6	0	0	9	0	0	2	0	0	3
1	SECTpeb	23	26	0	0	4	0	7	0	0	7	0	0	11	0	0	4	0	0	1
0	SECTpeb	24	30	0	0	0	0	9	0	0	13	0	0	6	0	0	1	0	0	1
1	SECTpeb	24	29	0	0	1	0	4	0	0	14	0	0	6	0	0	6	0	0	0
0	SECTpeb	25	30	0	0	0	0	14	0	0	5	0	0	4	0	0	4	0	0	3
1	SECTpeb	25	30	0	0	0	0	2	0	0	1	0	0	20	0	0	5	0	0	2
0	SECTpeb	26	30	0	0	0	0	0	0	0	2	0	0	2	0	0	18	0	0	8
1	SECTpeb	26	26	1	0	1	0	0	1	0	0	1	0	0	0	0	7	1	0	23
0	SECTpeb	27	30	0	0	0	0	0	0	0	8	0	0	10	0	0	3	0	0	9
1	SECTpeb	27	23	0	0	4	0	0	1	0	0	1	0	0	0	0	0	1	0	30
0	SECTpeb	28	30	0	0	0	0	0	0	0	0	0	0	0	0	0	0	0	0	30
1	SECTpeb	28	27	0	0	1	0	0	1	0	0	0	0	0	1	0	0	0	0	30
0	SECTpeb	29	30	0	0	0	0	0	0	0	0	0	0	0	0	0	0	0	0	30
1	SECTpeb	29	25	0	0	3	0	0	1	0	0	0	0	0	1	0	0	0	0	30
0	SECTpeb	30	30	0	0	0	0	0	0	0	0	0	0	0	0	0	4	0	0	26
1	SECTpeb	30	25	0	0	2	0	0	2	0	0	0	0	0	1	0	0	0	0	30
0	SECTpeb	31	30	0	0	0	0	0	0	0	0	0	0	0	0	0	3	0	0	27
1	SECTpeb	31	26	0	0	2	0	0	1	0	0	0	0	0	1	0	0	0	0	30
0	SECTpeb	32	30	0	0	0	0	0	0	0	2	0	0	3	0	0	2	0	0	23
1	SECTpeb	32	26	0	0	1	0	0	2	0	0	0	0	0	1	0	0	0	0	30
0	SECTpeb	33	30	0	0	0	0	1	0	0	11	0	0	17	0	0	1	0	0	0
1	SECTpeb	33	6	0	0	20	0	0	2	0	0	1	0	0	1	0	0	0	0	30
0	SECTpeb	34	30	0	0	0	0	7	0	0	13	0	0	8	0	0	2	0	0	0
1	SECTpeb	34	5	0	0	21	0	0	3	0	0	0	0	0	1	0	0	0	0	30
0	SECTpeb	35	30	0	0	0	0	19	0	0	7	0	0	4	0	0	0	0	0	0
1	SECTpeb	35	6	0	0	20	0	0	2	0	0	1	0	0	1	0	0	0	0	30
0	SECTpeb	36	30	0	1	0	0	4	0	0	8	0	0	8	0	0	5	0	0	4
1	SECTpeb	36	29	0	0	1	0	0	0	0	0	0	0	0	0	0	0	0	0	30
0	SECTpeb	37	30	0	0	0	0	0	0	0	0	0	0	1	0	0	6	0	0	23
1	SECTpeb	37	26	0	0	4	0	0	0	0	0	0	0	0	0	0	0	0	0	30
0	SECTpeb	38	30	0	0	0	0	0	0	0	0	0	0	10	0	0	15	0	0	5
1	SECTpeb	38	21	0	0	9	0	0	0	0	0	0	0	0	0	0	0	0	0	30
0	SECTpeb	39	30	0	0	0	0	0	0	0	8	0	0	10	0	0	9	0	0	3
1	SECTpeb	39	30	0	0	0	0	0	0	0	0	0	0	0	0	0	0	0	0	30
0	SECTpeb	40	30	0	0	0	0	0	0	0	17	0	0	5	0	0	4	0	0	4
1	SECTpeb	40	30	0	0	0	0	0	0	0	0	0	0	0	0	0	0	0	0	30
0	SEIIcl1peb	1	30	0	0	0	0	1	0	0	7	0	0	3	0	0	2	0	0	17
1	SEIIcl1peb	1	30	0	0	0	0	2	0	0	9	0	0	4	0	0	15	0	0	0
0	SEIIcl1peb	2	30	0	0	0	0	0	0	0	0	0	0	0	0	0	0	0	0	30
1	SEIIcl1peb	2	30	0	0	0	0	0	0	0	0	0	0	1	0	0	4	0	0	25
0	SEIIcl1peb	3	30	0	0	0	0	0	0	0	0	0	0	0	0	0	1	0	0	29
1	SEIIcl1peb	3	30	0	0	0	0	0	0	0	0	0	0	4	0	0	12	0	0	14
0	SEIIcl1peb	4	30	0	0	0	0	0	0	0	0	0	0	1	0	0	7	0	0	22
1	SEIIcl1peb	4	30	0	0	0	0	0	0	0	0	0	0	0	0	0	13	0	0	17
0	SEIIcl1peb	5	30	0	0	0	0	0	0	0	0	0	0	13	0	0	13	0	0	4
1	SEIIcl1peb	5	30	0	0	0	0	0	0	0	0	0	0	0	0	0	17	0	0	13
0	SEIIcl1peb	6	30	0	0	0	0	0	0	0	8	0	0	15	0	0	3	0	0	4
1	SEIIcl1peb	6	28	0	0	2	0	0	0	0	0	0	0	0	0	0	4	0	0	26
0	SEIIcl1peb	7	30	0	0	0	0	0	0	0	2	0	0	9	0	0	11	0	0	8
1	SEIIcl1peb	7	29	0	0	1	0	0	0	0	0	0	0	4	0	0	17	0	0	9
0	SEIIcl1peb	8	30	0	0	0	0	0	0	0	3	0	0	9	0	0	12	0	0	6
1	SEIIcl1peb	8	30	0	0	0	0	0	0	0	0	0	0	16	0	0	12	0	0	2
0	SEIIcl1peb	9	30	0	0	0	0	0	0	0	13	0	0	15	0	0	2	0	0	0
1	SEIIcl1peb	9	30	0	0	0	0	0	0	0	5	0	0	11	0	0	14	0	0	0
0	SEIIcl1peb	10	30	0	0	0	0	0	0	0	12	0	0	12	0	0	4	0	0	2
1	SEIIcl1peb	10	30	0	0	0	0	1	0	0	22	0	0	5	0	0	2	0	0	0
0	SEIIcl1peb	11	30	0	0	0	0	0	0	0	9	0	0	16	0	0	4	0	0	1
1	SEIIcl1peb	11	30	0	3	0	0	15	0	0	10	0	0	2	0	0	0	0	0	0
0	SEIIcl1peb	12	30	0	0	0	0	0	0	0	0	0	0	21	0	0	9	0	0	0
1	SEIIcl1peb	12	30	0	0	0	0	8	0	0	12	0	0	3	0	0	6	0	0	1
0	SEIIcl1peb	13	30	0	0	0	0	0	0	0	0	0	0	23	0	0	4	0	0	3
1	SEIIcl1peb	13	30	0	0	0	0	4	0	0	16	0	0	4	0	0	6	0	0	0
0	SEIIcl1peb	14	30	0	0	0	0	0	0	0	6	0	0	12	0	0	9	0	0	3
1	SEIIcl1peb	14	30	0	0	0	0	0	0	0	13	0	0	13	0	0	4	0	0	0
0	SEIIcl1peb	15	30	0	0	0	0	0	0	0	1	0	0	15	0	0	14	0	0	0
1	SEIIcl1peb	15	30	0	0	0	0	2	0	0	14	0	0	9	0	0	5	0	0	0
0	SEIIcl1peb	16	30	0	0	0	0	0	0	0	1	0	0	15	0	0	8	0	0	6
1	SEIIcl1peb	16	26	0	0	4	0	0	0	0	14	0	0	2	0	0	13	0	0	1
0	SEIIcl1peb	17	30	0	0	0	0	0	0	0	7	0	0	21	0	0	2	0	0	0
1	SEIIcl1peb	17	30	0	0	0	0	0	0	0	12	0	0	15	0	0	3	0	0	0
0	SEIIcl1peb	18	30	0	0	0	0	0	0	0	10	0	0	17	0	0	3	0	0	0
1	SEIIcl1peb	18	30	0	0	0	0	0	0	0	14	0	0	10	0	0	5	0	0	1
0	SEIIcl1peb	19	30	0	0	0	0	0	0	0	11	0	0	19	0	0	0	0	0	0
1	SEIIcl1peb	19	30	0	0	0	0	0	0	0	4	0	0	17	0	0	8	0	0	1
0	SEIIcl1peb	20	30	0	0	0	0	0	0	0	0	0	0	19	0	0	5	0	0	6
1	SEIIcl1peb	20	30	0	0	0	0	0	0	0	8	0	0	18	0	0	4	0	0	0
0	SEIIcl1peb	21	30	0	0	0	0	0	0	0	3	0	0	12	0	0	11	0	0	4
1	SEIIcl1peb	21	30	0	0	0	0	0	0	0	3	0	0	22	0	0	1	0	0	4
0	SEIIcl1peb	22	30	0	0	0	0	0	0	0	1	0	0	24	0	0	2	0	0	3
1	SEIIcl1peb	22	30	0	0	0	0	0	0	0	2	0	0	22	0	0	6	0	0	0
0	SEIIcl1peb	23	30	0	0	0	0	0	0	0	7	0	0	11	0	0	8	0	0	4
1	SEIIcl1peb	23	29	0	0	1	0	2	0	0	19	0	0	7	0	0	2	0	0	0
0	SEIIcl1peb	24	30	0	0	0	0	1	0	0	8	0	0	16	0	0	5	0	0	0
1	SEIIcl1peb	24	29	0	0	1	0	0	0	0	11	0	0	16	0	0	3	0	0	0
0	SEIIcl1peb	25	30	0	0	0	0	0	0	0	11	0	0	13	0	0	6	0	0	0
1	SEIIcl1peb	25	30	0	0	0	0	0	0	0	11	0	0	18	0	0	1	0	0	0
0	SEIIcl1peb	26	30	0	0	0	0	0	0	0	8	0	0	13	0	0	9	0	0	0
1	SEIIcl1peb	26	27	0	0	1	1	0	0	0	0	1	0	0	0	0	14	1	0	16
0	SEIIcl1peb	27	30	0	0	0	0	0	0	0	8	0	0	14	0	0	8	0	0	0
1	SEIIcl1peb	27	27	0	0	1	0	0	1	0	0	0	0	0	1	0	0	0	0	30
0	SEIIcl1peb	28	30	0	0	0	0	0	0	0	6	0	0	10	0	0	7	0	0	7
1	SEIIcl1peb	28	28	0	0	0	0	0	1	0	0	1	0	0	0	0	0	0	0	30
0	SEIIcl1peb	29	30	0	0	0	0	0	0	0	15	0	0	13	0	0	2	0	0	0
1	SEIIcl1peb	29	27	0	0	1	0	0	1	0	0	1	0	0	0	0	0	0	0	30
0	SEIIcl1peb	30	30	0	0	0	0	0	0	0	20	0	0	10	0	0	0	0	0	0
1	SEIIcl1peb	30	28	0	0	1	0	0	0	0	0	1	0	0	0	0	0	0	0	30
0	SEIIcl1peb	31	30	0	0	0	0	0	0	0	8	0	0	19	0	0	3	0	0	0
1	SEIIcl1peb	31	26	0	0	2	0	0	1	0	0	1	0	0	0	0	0	0	0	30
0	SEIIcl1peb	32	30	0	0	0	0	0	0	0	2	0	0	19	0	0	9	0	0	0
1	SEIIcl1peb	32	26	0	0	2	0	0	1	0	0	1	0	0	0	0	0	0	0	30
0	SEIIcl1peb	33	30	0	0	0	0	0	0	0	5	0	0	18	0	0	7	0	0	0
1	SEIIcl1peb	33	26	0	0	2	0	0	1	0	0	0	0	0	1	0	0	0	0	30
0	SEIIcl1peb	34	30	0	0	0	0	0	0	0	12	0	0	18	0	0	0	0	0	0
1	SEIIcl1peb	34	26	0	0	2	0	0	1	0	0	1	0	0	0	0	0	0	0	30
0	SEIIcl1peb	35	30	0	0	0	0	0	0	0	8	0	0	11	0	0	7	0	0	4
1	SEIIcl1peb	35	24	0	0	4	0	0	1	0	0	1	0	0	0	0	0	0	0	30
0	SEIIcl1peb	36	30	0	0	0	0	0	0	0	9	0	0	12	0	0	8	0	0	1
1	SEIIcl1peb	36	16	0	0	14	0	0	0	0	0	0	0	0	0	0	0	0	0	30
0	SEIIcl1peb	37	30	0	0	0	0	0	0	0	10	0	0	9	0	0	8	0	0	3
1	SEIIcl1peb	37	7	0	0	23	0	0	0	0	0	0	0	0	0	0	0	0	0	30
0	SEIIcl1peb	38	30	0	0	0	0	0	0	0	4	0	0	16	0	0	4	0	0	6
1	SEIIcl1peb	38	16	0	0	14	0	0	0	0	0	0	0	0	0	0	0	0	0	30
0	SEIIcl1peb	39	30	0	0	0	0	0	0	0	0	0	0	22	0	0	8	0	0	0
1	SEIIcl1peb	39	3	0	0	23	0	0	4	0	0	0	0	0	0	0	0	0	0	30
0	SEIIcl1peb	40	30	0	0	0	0	0	0	0	2	0	0	9	0	0	7	0	0	12
1	SEIIcl1peb	40	16	0	0	14	0	0	0	0	0	0	0	0	0	0	0	0	0	30
0	SEITcl1plb	1	30	0	0	0	0	4	0	0	24	0	0	2	0	0	0	0	0	0
1	SEITcl1plb	1	30	0	0	0	0	3	0	0	8	0	0	19	0	0	0	0	0	0
0	SEITcl1plb	2	30	0	0	0	0	1	0	0	8	0	0	4	0	0	3	0	0	14
1	SEITcl1plb	2	30	0	0	0	0	0	0	0	1	0	0	7	0	0	7	0	0	15
0	SEITcl1plb	3	30	0	0	0	0	0	0	0	0	0	0	0	0	0	0	0	0	30
1	SEITcl1plb	3	30	0	0	0	0	0	0	0	0	0	0	0	0	0	0	0	0	30
0	SEITcl1plb	4	30	0	0	0	0	0	0	0	0	0	0	0	0	0	0	0	0	30
1	SEITcl1plb	4	30	0	0	0	0	0	0	0	0	0	0	0	0	0	0	0	0	30
0	SEITcl1plb	5	30	0	0	0	0	0	0	0	0	0	0	0	0	0	0	0	0	30
1	SEITcl1plb	5	30	0	0	0	0	0	0	0	0	0	0	0	0	0	0	0	0	30
0	SEITcl1plb	6	30	0	0	0	0	0	0	0	0	0	0	0	0	0	7	0	0	23
1	SEITcl1plb	6	30	0	0	0	0	0	0	0	0	0	0	5	0	0	8	0	0	17
0	SEITcl1plb	7	30	0	0	0	0	0	0	0	0	0	0	0	0	0	14	0	0	16
1	SEITcl1plb	7	30	0	0	0	0	0	0	0	0	0	0	12	0	0	14	0	0	4
0	SEITcl1plb	8	30	0	0	0	0	0	0	0	0	0	0	0	0	0	4	0	0	26
1	SEITcl1plb	8	30	0	0	0	0	0	0	0	6	0	0	18	0	0	3	0	0	3
0	SEITcl1plb	9	30	0	0	0	0	0	0	0	0	0	0	0	0	0	9	0	0	21
1	SEITcl1plb	9	30	0	6	0	0	14	0	0	9	0	0	1	0	0	0	0	0	0
0	SEITcl1plb	10	30	0	0	0	0	0	0	0	0	0	0	4	0	0	20	0	0	6
1	SEITcl1plb	10	30	0	0	0	0	2	0	0	12	0	0	8	0	0	6	0	0	2
0	SEITcl1plb	11	30	0	0	0	0	0	0	0	0	0	0	13	0	0	17	0	0	0
1	SEITcl1plb	11	30	0	0	0	0	0	0	0	0	0	0	9	0	0	10	0	0	11
0	SEITcl1plb	12	30	0	0	0	0	0	0	0	0	0	0	0	0	0	20	0	0	10
1	SEITcl1plb	12	28	0	0	2	0	0	0	0	2	0	0	19	0	0	8	0	0	1
0	SEITcl1plb	13	30	0	0	0	0	0	0	0	0	0	0	4	0	0	17	0	0	9
1	SEITcl1plb	13	30	0	0	0	0	1	0	0	13	0	0	13	0	0	3	0	0	0
0	SEITcl1plb	14	30	0	0	0	0	0	0	0	0	0	0	5	0	0	17	0	0	8
1	SEITcl1plb	14	30	0	0	0	0	2	0	0	15	0	0	11	0	0	2	0	0	0
0	SEITcl1plb	15	30	0	0	0	0	0	0	0	6	0	0	17	0	0	6	0	0	1
1	SEITcl1plb	15	30	0	0	0	0	2	0	0	9	0	0	14	0	0	2	0	0	3
0	SEITcl1plb	16	30	0	0	0	0	7	0	0	9	0	0	9	0	0	5	0	0	0
1	SEITcl1plb	16	30	0	0	0	0	0	0	0	0	0	0	4	0	0	13	0	0	13
0	SEITcl1plb	17	30	0	0	0	0	0	0	0	6	0	0	12	0	0	9	0	0	3
1	SEITcl1plb	17	30	0	0	0	0	0	0	0	1	0	0	4	0	0	17	0	0	8
0	SEITcl1plb	18	30	0	0	0	0	0	0	0	4	0	0	20	0	0	6	0	0	0
1	SEITcl1plb	18	30	0	0	0	0	4	0	0	18	0	0	7	0	0	1	0	0	0
0	SEITcl1plb	19	30	0	0	0	0	0	0	0	7	0	0	15	0	0	8	0	0	0
1	SEITcl1plb	19	30	0	0	0	0	1	0	0	10	0	0	11	0	0	6	0	0	2
0	SEITcl1plb	20	30	0	0	0	0	0	0	0	0	0	0	16	0	0	11	0	0	3
1	SEITcl1plb	20	30	0	0	0	0	4	0	0	12	0	0	10	0	0	4	0	0	0
0	SEITcl1plb	21	30	0	0	0	0	0	0	0	2	0	0	22	0	0	6	0	0	0
1	SEITcl1plb	21	30	0	0	0	0	3	0	0	21	0	0	3	0	0	3	0	0	0
0	SEITcl1plb	22	30	0	0	0	0	2	0	0	18	0	0	7	0	0	3	0	0	0
1	SEITcl1plb	22	30	0	0	0	0	5	0	0	10	0	0	12	0	0	3	0	0	0
0	SEITcl1plb	23	30	0	0	0	0	0	0	0	12	0	0	5	0	0	10	0	0	3
1	SEITcl1plb	23	30	0	0	0	0	5	0	0	8	0	0	14	0	0	3	0	0	0
0	SEITcl1plb	24	30	0	0	0	0	0	0	0	0	0	0	15	0	0	14	0	0	1
1	SEITcl1plb	24	30	0	0	0	0	1	0	0	7	0	0	8	0	0	14	0	0	0
0	SEITcl1plb	25	30	0	0	0	0	0	0	0	7	0	0	18	0	0	4	0	0	1
1	SEITcl1plb	25	30	0	0	0	0	3	0	0	17	0	0	7	0	0	2	0	0	1
0	SEITcl1plb	26	30	0	0	0	0	0	0	0	13	0	0	11	0	0	6	0	0	0
1	SEITcl1plb	26	27	1	0	1	0	0	0	0	0	1	0	0	1	0	0	0	0	30
0	SEITcl1plb	27	30	0	0	0	0	0	0	0	1	0	0	12	0	0	13	0	0	4
1	SEITcl1plb	27	28	0	0	0	0	0	1	0	0	1	0	0	0	0	0	0	0	30
0	SEITcl1plb	28	30	0	0	0	0	0	0	0	0	0	0	1	0	0	8	0	0	21
1	SEITcl1plb	28	28	0	0	1	0	0	0	0	0	1	0	0	0	0	0	0	0	30
0	SEITcl1plb	29	30	0	0	0	0	0	0	0	0	0	0	13	0	0	15	0	0	2
1	SEITcl1plb	29	28	0	0	1	0	0	0	0	0	1	0	0	0	0	0	0	0	30
0	SEITcl1plb	30	30	0	0	0	0	0	0	0	12	0	0	17	0	0	1	0	0	0
1	SEITcl1plb	30	28	0	0	1	0	0	0	0	0	1	0	0	0	0	0	0	0	30
0	SEITcl1plb	31	30	0	0	0	0	0	0	0	4	0	0	16	0	0	7	0	0	3
1	SEITcl1plb	31	25	0	0	3	0	0	1	0	0	1	0	0	0	0	0	0	0	30
0	SEITcl1plb	32	30	0	0	0	0	0	0	0	1	0	0	18	0	0	9	0	0	2
1	SEITcl1plb	32	20	0	0	8	0	0	0	0	0	1	0	0	1	0	0	0	0	30
0	SEITcl1plb	33	30	0	0	0	0	2	0	0	10	0	0	16	0	0	2	0	0	0
1	SEITcl1plb	33	19	0	0	8	0	0	1	0	0	1	0	0	1	0	0	0	0	30
0	SEITcl1plb	34	30	0	0	0	0	2	0	0	13	0	0	12	0	0	3	0	0	0
1	SEITcl1plb	34	24	0	0	4	0	0	1	0	0	0	0	0	1	0	0	0	0	30
0	SEITcl1plb	35	30	0	0	0	0	0	0	0	17	0	0	11	0	0	2	0	0	0
1	SEITcl1plb	35	22	0	0	6	0	0	1	0	0	1	0	0	0	0	0	0	0	30
0	SEITcl1plb	36	30	0	0	0	0	0	0	0	4	0	0	13	0	0	11	0	0	2
1	SEITcl1plb	36	22	0	0	8	0	0	0	0	0	0	0	0	0	0	0	0	0	30
0	SEITcl1plb	37	30	0	0	0	0	0	0	0	0	0	0	7	0	0	20	0	0	3
1	SEITcl1plb	37	30	0	0	0	0	0	0	0	0	0	0	0	0	0	0	0	0	30
0	SEITcl1plb	38	30	0	0	0	0	0	0	0	12	0	0	14	0	0	4	0	0	0
1	SEITcl1plb	38	28	0	0	2	0	0	0	0	0	0	0	0	0	0	0	0	0	30
0	SEITcl1plb	39	30	0	0	0	0	0	0	0	6	0	0	12	0	0	12	0	0	0
1	SEITcl1plb	39	3	0	0	25	0	0	2	0	0	0	0	0	0	0	0	0	0	30
0	SEITcl1plb	40	30	0	0	0	0	0	0	0	1	0	0	22	0	0	4	0	0	3
1	SEITcl1plb	40	12	0	0	18	0	0	0	0	0	0	0	0	0	0	0	0	0	30
0	SEITcl3peb	1	30	0	0	0	0	8	0	0	10	0	0	4	0	0	8	0	0	0
1	SEITcl3peb	1	30	0	0	0	0	3	0	0	21	0	0	6	0	0	0	0	0	0
0	SEITcl3peb	2	30	0	0	0	0	0	0	0	0	0	0	1	0	0	2	0	0	27
1	SEITcl3peb	2	20	0	0	6	0	0	1	0	0	1	0	1	2	0	6	0	0	23
0	SEITcl3peb	3	30	0	0	0	0	0	0	0	0	0	0	0	0	0	0	0	0	30
1	SEITcl3peb	3	23	0	0	7	0	0	0	0	0	0	0	0	0	0	0	0	0	30
0	SEITcl3peb	4	30	0	0	0	0	0	0	0	0	0	0	1	0	0	5	0	0	24
1	SEITcl3peb	4	26	0	0	4	0	0	0	0	0	0	0	0	0	0	0	0	0	30
0	SEITcl3peb	5	30	0	0	0	0	0	0	0	6	0	0	16	0	0	7	0	0	1
1	SEITcl3peb	5	15	0	0	15	0	0	0	0	0	0	0	0	0	0	0	0	0	30
0	SEITcl3peb	6	30	0	0	0	0	0	0	0	18	0	0	11	0	0	1	0	0	0
1	SEITcl3peb	6	24	0	0	6	0	0	0	0	0	0	0	0	0	0	0	0	0	30
0	SEITcl3peb	7	30	0	0	0	0	0	0	0	1	0	0	9	0	0	9	0	0	11
1	SEITcl3peb	7	23	0	0	7	0	0	0	0	0	0	0	0	0	0	3	0	0	27
0	SEITcl3peb	8	30	0	0	0	0	4	0	0	7	0	0	7	0	0	11	0	0	1
1	SEITcl3peb	8	30	0	0	0	0	0	0	0	0	0	0	0	0	0	11	0	0	19
0	SEITcl3peb	9	30	0	0	0	0	19	0	0	3	0	0	4	0	0	4	0	0	0
1	SEITcl3peb	9	30	0	0	0	0	0	0	0	1	0	0	2	0	0	3	0	0	24
0	SEITcl3peb	10	30	0	0	0	0	14	0	0	16	0	0	0	0	0	0	0	0	0
1	SEITcl3peb	10	30	0	0	0	0	3	0	0	11	0	0	12	0	0	4	0	0	0
0	SEITcl3peb	11	30	0	1	0	0	17	0	0	9	0	0	3	0	0	0	0	0	0
1	SEITcl3peb	11	30	0	0	0	0	9	0	0	12	0	0	7	0	0	2	0	0	0
0	SEITcl3peb	12	30	0	0	0	0	6	0	0	9	0	0	8	0	0	5	0	0	2
1	SEITcl3peb	12	30	0	6	0	0	10	0	0	9	0	0	5	0	0	0	0	0	0
0	SEITcl3peb	13	30	0	0	0	0	0	0	0	3	0	0	4	0	0	19	0	0	4
1	SEITcl3peb	13	30	0	12	0	0	11	0	0	6	0	0	1	0	0	0	0	0	0
0	SEITcl3peb	14	30	0	0	0	0	4	0	0	8	0	0	15	0	0	3	0	0	0
1	SEITcl3peb	14	30	0	6	0	0	14	0	0	7	0	0	3	0	0	0	0	0	0
0	SEITcl3peb	15	30	0	0	0	0	12	0	0	9	0	0	6	0	0	3	0	0	0
1	SEITcl3peb	15	30	0	0	0	0	2	0	0	9	0	0	6	0	0	8	0	0	5
0	SEITcl3peb	16	30	0	0	0	0	8	0	0	8	0	0	7	0	0	6	0	0	1
1	SEITcl3peb	16	28	0	0	2	0	0	0	0	0	0	0	3	0	0	6	0	0	21
0	SEITcl3peb	17	30	0	0	0	0	8	0	0	15	0	0	6	0	0	1	0	0	0
1	SEITcl3peb	17	30	0	0	0	0	2	0	0	5	0	0	11	0	0	11	0	0	1
0	SEITcl3peb	18	30	0	0	0	0	0	0	0	7	0	0	10	0	0	13	0	0	0
1	SEITcl3peb	18	30	0	1	0	0	9	0	0	16	0	0	3	0	0	1	0	0	0
0	SEITcl3peb	19	30	0	0	0	0	4	0	0	2	0	0	12	0	0	11	0	0	1
1	SEITcl3peb	19	28	0	0	2	0	3	0	0	11	0	0	5	0	0	6	0	0	5
0	SEITcl3peb	20	30	0	0	0	0	12	0	0	13	0	0	5	0	0	0	0	0	0
1	SEITcl3peb	20	30	0	0	0	0	0	0	0	0	0	0	5	0	0	13	0	0	12
0	SEITcl3peb	21	30	0	1	0	0	18	0	0	9	0	0	1	0	0	1	0	0	0
1	SEITcl3peb	21	30	0	0	0	0	0	0	0	1	0	0	10	0	0	19	0	0	0
0	SEITcl3peb	22	30	0	1	0	0	15	0	0	11	0	0	1	0	0	2	0	0	0
1	SEITcl3peb	22	29	0	0	1	0	1	0	0	12	0	0	11	0	0	6	0	0	0
0	SEITcl3peb	23	30	0	0	0	0	6	0	0	7	0	0	13	0	0	4	0	0	0
1	SEITcl3peb	23	28	0	0	2	0	6	0	0	7	0	0	15	0	0	2	0	0	0
0	SEITcl3peb	24	30	0	0	0	0	7	0	0	17	0	0	6	0	0	0	0	0	0
1	SEITcl3peb	24	30	0	0	0	0	4	0	0	14	0	0	7	0	0	5	0	0	0
0	SEITcl3peb	25	30	0	0	0	0	12	0	0	6	0	0	7	0	0	5	0	0	0
1	SEITcl3peb	25	15	2	0	15	0	1	0	0	4	0	0	18	0	0	7	0	0	0
0	SEITcl3peb	26	30	0	0	0	0	2	0	0	2	0	0	19	0	0	7	0	0	0
1	SEITcl3peb	26	19	0	0	7	0	0	1	1	0	1	0	0	1	0	5	1	0	25
0	SEITcl3peb	27	30	0	0	0	0	3	0	0	12	0	0	5	0	0	1	0	0	9
1	SEITcl3peb	27	3	1	0	21	0	0	3	0	0	1	0	0	1	0	0	1	0	30
0	SEITcl3peb	28	30	0	0	0	0	0	0	0	0	0	0	2	0	0	3	0	0	25
1	SEITcl3peb	28	0	0	0	26	0	0	1	0	0	1	0	0	1	0	0	1	0	30
0	SEITcl3peb	29	30	0	0	0	0	4	0	0	4	0	0	12	0	0	10	0	0	0
1	SEITcl3peb	29	0	0	0	3	0	0	23	0	0	2	0	0	1	0	0	1	0	30
0	SEITcl3peb	30	30	0	0	0	0	11	0	0	11	0	0	8	0	0	0	0	0	0
1	SEITcl3peb	30	0	0	0	0	0	0	26	0	0	2	0	0	1	0	0	1	0	30
0	SEITcl3peb	31	30	0	0	0	0	7	0	0	9	0	0	8	0	0	5	0	0	1
1	SEITcl3peb	31	0	1	0	0	0	0	11	0	0	16	0	0	1	0	0	2	0	30
0	SEITcl3peb	32	30	0	0	0	0	0	0	0	2	0	0	5	0	0	19	0	0	4
1	SEITcl3peb	32	0	0	0	0	0	0	10	0	0	17	0	0	2	0	0	1	0	30
0	SEITcl3peb	33	30	0	0	0	0	8	0	0	16	0	0	5	0	0	1	0	0	0
1	SEITcl3peb	33	0	1	0	0	0	0	18	0	0	9	0	0	2	0	0	1	0	30
0	SEITcl3peb	34	30	0	6	0	0	11	0	0	8	0	0	5	0	0	0	0	0	0
1	SEITcl3peb	34	0	1	0	0	0	0	6	0	0	20	0	0	3	0	0	1	0	30
0	SEITcl3peb	35	30	0	2	0	0	14	0	0	12	0	0	2	0	0	0	0	0	0
1	SEITcl3peb	35	0	0	0	0	0	0	10	0	0	17	0	0	2	0	0	1	0	30
0	SEITcl3peb	36	30	0	0	0	0	10	0	0	6	0	0	10	0	0	4	0	0	0
1	SEITcl3peb	36	0	0	0	0	0	0	27	0	0	3	0	0	0	0	0	0	0	30
0	SEITcl3peb	37	30	0	0	0	0	0	0	0	2	0	0	7	0	0	14	0	0	7
1	SEITcl3peb	37	0	0	0	5	0	0	25	0	0	0	0	0	0	0	0	0	0	30
0	SEITcl3peb	38	30	0	0	0	0	0	0	0	8	0	0	16	0	0	6	0	0	0
1	SEITcl3peb	38	7	0	0	23	0	0	0	0	0	0	0	0	0	0	0	0	0	30
0	SEITcl3peb	39	30	0	0	0	0	1	0	0	19	0	0	9	0	0	1	0	0	0
1	SEITcl3peb	39	12	0	0	18	0	0	0	0	0	0	0	0	0	0	0	0	0	30
0	SEITcl3peb	40	30	0	0	0	0	10	0	0	10	0	0	6	0	0	4	0	0	0
1	SEITcl3peb	40	16	0	0	14	0	0	0	0	0	0	0	0	0	0	0	0	0	30
0	SEITcl4peb	1	30	0	0	0	0	0	0	0	5	0	0	5	0	0	16	0	0	4
1	SEITcl4peb	1	30	0	0	0	0	3	0	0	13	0	0	14	0	0	0	0	0	0
0	SEITcl4peb	2	30	0	0	0	0	0	0	0	0	0	0	1	0	0	5	0	0	24
1	SEITcl4peb	2	30	0	0	0	0	0	0	0	0	0	0	1	0	0	6	0	0	23
0	SEITcl4peb	3	30	0	0	0	0	0	0	0	0	0	0	7	0	0	10	0	0	13
1	SEITcl4peb	3	30	0	0	0	0	0	0	0	0	0	0	0	0	0	4	0	0	26
0	SEITcl4peb	4	30	0	0	0	0	1	0	0	12	0	0	14	0	0	3	0	0	0
1	SEITcl4peb	4	30	0	0	0	0	0	0	0	0	0	0	0	0	0	10	0	0	20
0	SEITcl4peb	5	30	0	0	0	0	7	0	0	17	0	0	5	0	0	1	0	0	0
1	SEITcl4peb	5	25	0	0	5	0	0	0	0	0	0	0	0	0	0	0	0	0	30
0	SEITcl4peb	6	30	0	0	0	0	7	0	0	7	0	0	14	0	0	2	0	0	0
1	SEITcl4peb	6	17	0	0	13	0	0	0	0	0	0	0	0	0	0	2	0	0	28
0	SEITcl4peb	7	30	0	0	0	0	0	0	0	2	0	0	12	0	0	14	0	0	2
1	SEITcl4peb	7	18	0	0	11	0	0	1	0	0	0	0	4	0	0	3	0	0	23
0	SEITcl4peb	8	30	0	0	0	0	5	0	0	3	0	0	10	0	0	12	0	0	0
1	SEITcl4peb	8	30	0	0	0	0	0	0	0	0	0	0	1	0	0	13	0	0	16
0	SEITcl4peb	9	30	0	5	0	0	12	0	0	9	0	0	2	0	0	2	0	0	0
1	SEITcl4peb	9	30	0	0	0	0	0	0	0	3	0	0	3	0	0	16	0	0	8
0	SEITcl4peb	10	30	0	0	0	0	12	0	0	11	0	0	7	0	0	0	0	0	0
1	SEITcl4peb	10	30	0	1	0	0	5	0	0	10	0	0	11	0	0	3	0	0	0
0	SEITcl4peb	11	30	0	0	0	0	17	0	0	11	0	0	2	0	0	0	0	0	0
1	SEITcl4peb	11	30	0	0	0	0	10	0	0	11	0	0	7	0	0	2	0	0	0
0	SEITcl4peb	12	30	0	0	0	0	2	0	0	13	0	0	12	0	0	2	0	0	1
1	SEITcl4peb	12	30	0	6	0	0	14	0	0	9	0	0	1	0	0	0	0	0	0
0	SEITcl4peb	13	30	0	0	0	0	0	0	0	5	0	0	5	0	0	15	0	0	5
1	SEITcl4peb	13	30	0	14	0	0	7	0	0	6	0	0	3	0	0	0	0	0	0
0	SEITcl4peb	14	30	0	0	0	0	8	0	0	3	0	0	9	0	0	8	0	0	2
1	SEITcl4peb	14	30	0	10	0	0	10	0	0	8	0	0	1	0	0	1	0	0	0
0	SEITcl4peb	15	30	0	0	0	0	15	0	0	10	0	0	5	0	0	0	0	0	0
1	SEITcl4peb	15	30	0	0	0	0	4	0	0	11	0	0	10	0	0	5	0	0	0
0	SEITcl4peb	16	30	0	0	0	0	14	0	0	6	0	0	9	0	0	1	0	0	0
1	SEITcl4peb	16	30	0	0	0	0	4	0	0	4	0	0	5	0	0	5	0	0	12
0	SEITcl4peb	17	30	0	0	0	0	13	0	0	5	0	0	6	0	0	3	0	0	3
1	SEITcl4peb	17	30	0	0	0	0	13	0	0	11	0	0	4	0	0	2	0	0	0
0	SEITcl4peb	18	30	0	0	0	0	0	0	0	0	0	0	4	0	0	7	0	0	19
1	SEITcl4peb	18	30	0	0	0	0	16	0	0	7	0	0	7	0	0	0	0	0	0
0	SEITcl4peb	19	30	0	0	0	0	3	0	0	2	0	0	11	0	0	13	0	0	1
1	SEITcl4peb	19	28	0	0	2	0	16	0	0	4	0	0	2	0	0	4	0	0	4
0	SEITcl4peb	20	30	0	0	0	0	13	0	0	9	0	0	8	0	0	0	0	0	0
1	SEITcl4peb	20	28	0	0	2	0	0	0	0	0	0	0	7	0	0	8	0	0	15
0	SEITcl4peb	21	30	0	0	0	0	13	0	0	13	0	0	3	0	0	1	0	0	0
1	SEITcl4peb	21	27	0	0	3	0	0	0	0	4	0	0	16	0	0	9	0	0	1
0	SEITcl4peb	22	30	0	0	0	0	14	0	0	14	0	0	1	0	0	1	0	0	0
1	SEITcl4peb	22	30	0	0	0	0	2	0	0	11	0	0	8	0	0	8	0	0	1
0	SEITcl4peb	23	30	0	0	0	0	8	0	0	9	0	0	10	0	0	3	0	0	0
1	SEITcl4peb	23	28	0	0	2	0	13	0	0	7	0	0	6	0	0	4	0	0	0
0	SEITcl4peb	24	30	0	0	0	0	12	0	0	14	0	0	4	0	0	0	0	0	0
1	SEITcl4peb	24	23	1	0	7	0	3	0	0	12	0	0	7	0	0	7	0	0	1
0	SEITcl4peb	25	30	0	0	0	0	8	0	0	6	0	0	10	0	0	3	0	0	3
1	SEITcl4peb	25	25	0	1	5	0	1	0	0	3	0	0	20	0	0	4	0	0	1
0	SEITcl4peb	26	30	0	0	0	0	0	0	0	2	0	0	2	0	0	9	0	0	17
1	SEITcl4peb	26	21	1	0	6	0	0	1	1	0	0	0	0	1	0	12	1	0	18
0	SEITcl4peb	27	30	0	0	0	0	0	0	0	7	0	0	10	0	0	4	0	0	9
1	SEITcl4peb	27	4	1	0	14	0	0	9	0	0	1	0	0	1	0	0	1	0	30
0	SEITcl4peb	28	30	0	0	0	0	0	0	0	2	0	0	3	0	0	2	0	0	23
1	SEITcl4peb	28	1	1	0	10	0	0	16	0	0	1	0	0	1	0	0	1	0	30
0	SEITcl4peb	29	30	0	0	0	0	11	0	0	12	0	0	7	0	0	0	0	0	0
1	SEITcl4peb	29	0	1	0	1	0	0	13	0	0	13	0	0	2	0	0	1	0	30
0	SEITcl4peb	30	30	0	0	0	0	4	0	0	12	0	0	14	0	0	0	0	0	0
1	SEITcl4peb	30	0	0	0	2	0	0	5	0	0	19	0	0	2	0	0	2	0	30
0	SEITcl4peb	31	30	0	0	0	0	0	0	0	7	0	0	16	0	0	5	0	0	2
1	SEITcl4peb	31	0	1	0	3	0	0	4	0	0	19	0	0	2	0	0	2	0	30
0	SEITcl4peb	32	30	0	0	0	0	2	0	0	9	0	0	16	0	0	3	0	0	0
1	SEITcl4peb	32	0	1	0	0	1	0	5	0	0	17	0	0	6	0	0	2	0	30
0	SEITcl4peb	33	30	0	0	0	0	11	0	0	12	0	0	7	0	0	0	0	0	0
1	SEITcl4peb	33	0	0	0	0	1	0	6	0	0	18	0	0	4	0	0	2	0	30
0	SEITcl4peb	34	30	0	1	0	0	17	0	0	12	0	0	0	0	0	0	0	0	0
1	SEITcl4peb	34	0	1	0	0	0	0	6	0	0	17	0	0	5	0	0	2	0	30
0	SEITcl4peb	35	30	0	3	0	0	16	0	0	10	0	0	1	0	0	0	0	0	0
1	SEITcl4peb	35	0	2	0	0	0	0	7	0	0	2	0	0	19	0	0	2	0	30
0	SEITcl4peb	36	30	0	0	0	0	5	0	0	9	0	0	11	0	0	5	0	0	0
1	SEITcl4peb	36	0	0	0	5	0	0	25	0	0	0	0	0	0	0	0	0	0	30
0	SEITcl4peb	37	30	0	0	0	0	0	0	0	3	0	0	5	0	0	9	0	0	13
1	SEITcl4peb	37	2	0	0	23	0	0	5	0	0	0	0	0	0	0	0	0	0	30
0	SEITcl4peb	38	30	0	0	0	0	3	0	0	14	0	0	11	0	0	2	0	0	0
1	SEITcl4peb	38	21	0	0	9	0	0	0	0	0	0	0	2	0	0	2	0	0	26
0	SEITcl4peb	39	30	0	0	0	0	11	0	0	10	0	0	9	0	0	0	0	0	0
1	SEITcl4peb	39	30	0	0	0	0	0	0	0	7	0	0	12	0	0	9	0	0	2
0	SEITcl4peb	40	30	0	0	0	0	5	0	0	10	0	0	10	0	0	2	0	0	3
1	SEITcl4peb	40	30	0	2	0	0	1	0	0	9	0	0	15	0	0	2	0	0	0
