ID	Species	MaxAge	AllocSeed	LMR	m0	MaxMass	mSeed	Dist	pEstab	Gmax	SLA	palat	memo	RAR	growth	mThres	clonal	propSex	meanSpacerLength	sdSpacerlength	Resshare	AllocSpacer	mSpacer	sens	allocroot	allocshoot	EC50_biomass	slope_biomass	EC50_SEbiomass	slope_SEbiomass	EC50_survival	slope_survival	EC50_establishment	slope_establishment	EC50_sterility	slope_sterility	EC50_seednumber	slope_seednumber	FlowerWeek	DispWeek	GermPeriod	Overwintering
1	LECAcl3p	100	0.05	0.5	1	5000	1	0.1	0.5	60	0.5	0.25	2	1	0.25	0.2	1	1	17.5	12.5	1	0.05	70	0	1	1	0	0	0	0	0	0	0	0	0	0	0	0	16	20	1	1
2	LECIcl3p	100	0.05	0.5	1	5000	1	0.1	0.5	60	0.75	0.5	2	1	0.25	0.2	1	1	17.5	12.5	1	0.05	70	0	1	1	0	0	0	0	0	0	0	0	0	0	0	0	16	20	1	1
3	LSCAp	100	0.05	0.75	1	5000	1	0.1	0.5	60	0.5	0.25	2	1	0.25	0.2	0	0	0	0	0	0	0	0	1	1	0	0	0	0	0	0	0	0	0	0	0	0	16	20	1	1
4	LSCAcl1p	100	0.05	0.75	1	5000	1	0.1	0.5	60	0.5	0.25	2	1	0.25	0.2	1	1	2.5	2.5	1	0.05	70	0	1	1	0	0	0	0	0	0	0	0	0	0	0	0	16	20	1	1
5	LSCIcl1p	100	0.05	0.75	1	5000	1	0.1	0.5	60	0.75	0.5	2	1	0.25	0.2	1	1	2.5	2.5	1	0.05	70	0	1	1	0	0	0	0	0	0	0	0	0	0	0	0	16	20	1	1
6	LSCIcl3p	100	0.05	0.75	1	5000	1	0.1	0.5	60	0.75	0.5	2	1	0.25	0.2	1	1	17.5	12.5	1	0.05	70	0	1	1	0	0	0	0	0	0	0	0	0	0	0	0	16	20	1	1
7	LSCTcl2p	100	0.05	0.75	1	5000	1	0.1	0.5	60	1	1	2	1	0.25	0.2	1	1	2.5	2.5	0	0.05	70	0	1	1	0	0	0	0	0	0	0	0	0	0	0	0	16	20	1	1
8	LSSIcl3p	100	0.05	0.75	1	5000	1	0.1	0.5	20	0.75	0.5	6	1	0.25	0.2	1	1	17.5	12.5	1	0.05	70	0	1	1	0	0	0	0	0	0	0	0	0	0	0	0	16	20	1	1
9	LSSTcl3p	100	0.05	0.75	1	5000	1	0.1	0.5	20	1	1	6	1	0.25	0.2	1	1	17.5	12.5	1	0.05	70	0	1	1	0	0	0	0	0	0	0	0	0	0	0	0	16	20	1	1
10	MECIcl3p	100	0.05	0.5	0.3	2000	0.3	0.3	0.5	60	0.75	0.5	2	1	0.25	0.2	1	1	17.5	12.5	1	0.05	70	0	1	1	0	0	0	0	0	0	0	0	0	0	0	0	16	20	1	1
11	MECTcl3p	100	0.05	0.5	0.3	2000	0.3	0.3	0.5	60	1	1	2	1	0.25	0.2	1	1	17.5	12.5	1	0.05	70	0	1	1	0	0	0	0	0	0	0	0	0	0	0	0	16	20	1	1
12	MEIIcl4p	100	0.05	0.5	0.3	2000	0.3	0.3	0.5	40	0.75	0.5	4	1	0.25	0.2	1	1	17.5	12.5	0	0.05	70	0	1	1	0	0	0	0	0	0	0	0	0	0	0	0	16	20	1	1
13	MEITp	100	0.05	0.5	0.3	2000	0.3	0.3	0.5	40	1	1	4	1	0.25	0.2	0	0	0	0	0	0	0	0	1	1	0	0	0	0	0	0	0	0	0	0	0	0	16	20	1	1
14	MESTcl1p	100	0.05	0.5	0.3	2000	0.3	0.3	0.5	20	1	1	6	1	0.25	0.2	1	1	2.5	2.5	1	0.05	70	0	1	1	0	0	0	0	0	0	0	0	0	0	0	0	16	20	1	1
15	MSCAcl3p	100	0.05	0.75	0.3	2000	0.3	0.3	0.5	60	0.5	0.25	2	1	0.25	0.2	1	1	17.5	12.5	1	0.05	70	0	1	1	0	0	0	0	0	0	0	0	0	0	0	0	16	20	1	1
16	MSCIcl1p	100	0.05	0.75	0.3	2000	0.3	0.3	0.5	60	0.75	0.5	2	1	0.25	0.2	1	1	2.5	2.5	1	0.05	70	0	1	1	0	0	0	0	0	0	0	0	0	0	0	0	16	20	1	1
17	MSCTcl1p	100	0.05	0.75	0.3	2000	0.3	0.3	0.5	60	1	1	2	1	0.25	0.2	1	1	2.5	2.5	1	0.05	70	0	1	1	0	0	0	0	0	0	0	0	0	0	0	0	16	20	1	1
18	MSCTcl2p	100	0.05	0.75	0.3	2000	0.3	0.3	0.5	60	1	1	2	1	0.25	0.2	1	1	2.5	2.5	0	0.05	70	0	1	1	0	0	0	0	0	0	0	0	0	0	0	0	16	20	1	1
19	MSIAcl1p	100	0.05	0.75	0.3	2000	0.3	0.3	0.5	40	0.5	0.25	4	1	0.25	0.2	1	1	2.5	2.5	1	0.05	70	0	1	1	0	0	0	0	0	0	0	0	0	0	0	0	16	20	1	1
20	MSIAcl4p	100	0.05	0.75	0.3	2000	0.3	0.3	0.5	40	0.5	0.25	4	1	0.25	0.2	1	1	17.5	12.5	0	0.05	70	0	1	1	0	0	0	0	0	0	0	0	0	0	0	0	16	20	1	1
21	MSIIcl3p	100	0.05	0.75	0.3	2000	0.3	0.3	0.5	40	0.75	0.5	4	1	0.25	0.2	1	1	17.5	12.5	1	0.05	70	0	1	1	0	0	0	0	0	0	0	0	0	0	0	0	16	20	1	1
22	MSITcl1p	100	0.05	0.75	0.3	2000	0.3	0.3	0.5	40	1	1	4	1	0.25	0.2	1	1	2.5	2.5	1	0.05	70	0	1	1	0	0	0	0	0	0	0	0	0	0	0	0	16	20	1	1
23	MSITcl3p	100	0.05	0.75	0.3	2000	0.3	0.3	0.5	40	1	1	4	1	0.25	0.2	1	1	17.5	12.5	1	0.05	70	0	1	1	0	0	0	0	0	0	0	0	0	0	0	0	16	20	1	1
24	MSITcl4p	100	0.05	0.75	0.3	2000	0.3	0.3	0.5	40	1	1	4	1	0.25	0.2	1	1	17.5	12.5	0	0.05	70	0	1	1	0	0	0	0	0	0	0	0	0	0	0	0	16	20	1	1
25	MSSIcl1p	100	0.05	0.75	0.3	2000	0.3	0.3	0.5	20	0.75	0.5	6	1	0.25	0.2	1	1	2.5	2.5	1	0.05	70	0	1	1	0	0	0	0	0	0	0	0	0	0	0	0	16	20	1	1
26	MSSTcl3p	100	0.05	0.75	0.3	2000	0.3	0.3	0.5	20	1	1	6	1	0.25	0.2	1	1	17.5	12.5	1	0.05	70	0	1	1	0	0	0	0	0	0	0	0	0	0	0	0	16	20	1	1
27	SECTp	100	0.05	0.5	0.1	1000	0.1	0.6	0.5	60	1	1	2	1	0.25	0.2	0	0	0	0	0	0	0	0	1	1	0	0	0	0	0	0	0	0	0	0	0	0	16	20	1	1
28	SEIAcl4p	100	0.05	0.5	0.1	1000	0.1	0.6	0.5	40	0.5	0.25	4	1	0.25	0.2	1	1	17.5	12.5	0	0.05	70	0	1	1	0	0	0	0	0	0	0	0	0	0	0	0	16	20	1	1
29	SEITcl4p	100	0.05	0.5	0.1	1000	0.1	0.6	0.5	40	1	1	4	1	0.25	0.2	1	1	17.5	12.5	0	0.05	70	0	1	1	0	0	0	0	0	0	0	0	0	0	0	0	16	20	1	1
30	SESIcl4p	100	0.05	0.5	0.1	1000	0.1	0.6	0.5	20	0.75	0.5	6	1	0.25	0.2	1	1	17.5	12.5	0	0.05	70	0	1	1	0	0	0	0	0	0	0	0	0	0	0	0	16	20	1	1
31	SRIAp	100	0.05	1	0.1	1000	0.1	0.6	0.5	40	0.5	0.25	4	1	0.25	0.2	0	0	0	0	0	0	0	0	1	1	0	0	0	0	0	0	0	0	0	0	0	0	16	20	1	1
32	SRIAcl2p	100	0.05	1	0.1	1000	0.1	0.6	0.5	40	0.5	0.25	4	1	0.25	0.2	1	1	2.5	2.5	0	0.05	70	0	1	1	0	0	0	0	0	0	0	0	0	0	0	0	16	20	1	1
33	SRIAcl4p	100	0.05	1	0.1	1000	0.1	0.6	0.5	40	0.5	0.25	4	1	0.25	0.2	1	1	17.5	12.5	0	0.05	70	0	1	1	0	0	0	0	0	0	0	0	0	0	0	0	16	20	1	1
34	SSCTp	100	0.05	0.75	0.1	1000	0.1	0.6	0.5	60	1	1	2	1	0.25	0.2	0	0	0	0	0	0	0	0	1	1	0	0	0	0	0	0	0	0	0	0	0	0	16	20	1	1
35	SSIAcl4p	100	0.05	0.75	0.1	1000	0.1	0.6	0.5	40	0.5	0.25	4	1	0.25	0.2	1	1	17.5	12.5	0	0.05	70	0	1	1	0	0	0	0	0	0	0	0	0	0	0	0	16	20	1	1
36	SSITcl3p	100	0.05	0.75	0.1	1000	0.1	0.6	0.5	40	1	1	4	1	0.25	0.2	1	1	17.5	12.5	1	0.05	70	0	1	1	0	0	0	0	0	0	0	0	0	0	0	0	16	20	1	1
37	SSITcl4p	100	0.05	0.75	0.1	1000	0.1	0.6	0.5	40	1	1	4	1	0.25	0.2	1	1	17.5	12.5	0	0.05	70	0	1	1	0	0	0	0	0	0	0	0	0	0	0	0	16	20	1	1