ID	Species	MaxAge	AllocSeed	LMR	m0	MaxMass	mSeed	Dist	pEstab	Gmax	SLA	palat	memo	RAR	growth	mThres	clonal	propSex	meanSpacerLength	sdSpacerLength	Resshare	AllocSpacer	mSpacer	sens	allocroot	allocshoot	EC50_biomass	slope_biomass	EC50_SEbiomass	slope_SEbiomass	EC50_survival	slope_survival	EC50_establishment	slope_establishment	EC50_sterility	slope_sterility	EC50_seednumber	slope_seednumber	FlowerWeek	DispWeek	GermPeriod	Overwintering
1	LECAcl4p	100	0.05	0.5	1	5000	1	0.1	0.5	60	0.5	0.25	2	1	0.25	0.2	1	1	17.5	12.5	0	0.05	70	0	1	1	0	0	0	0	0	0	0	0	0	0	0	0	16	20	1	1
2	LECIcl3p	100	0.05	0.5	1	5000	1	0.1	0.5	60	0.75	0.5	2	1	0.25	0.2	1	1	17.5	12.5	1	0.05	70	0	1	1	0	0	0	0	0	0	0	0	0	0	0	0	16	20	1	1
3	LECIcl4p	100	0.05	0.5	1	5000	1	0.1	0.5	60	0.75	0.5	2	1	0.25	0.2	1	1	17.5	12.5	0	0.05	70	0	1	1	0	0	0	0	0	0	0	0	0	0	0	0	16	20	1	1
6	LSCAp	100	0.05	0.75	1	5000	1	0.1	0.5	60	0.5	0.25	2	1	0.25	0.2	0	0	0	0	0	0	0	0	1	1	0	0	0	0	0	0	0	0	0	0	0	0	16	20	1	1
8	LSCIcl1p	100	0.05	0.75	1	5000	1	0.1	0.5	60	0.75	0.5	2	1	0.25	0.2	1	1	2.5	2.5	1	0.05	70	0	1	1	0	0	0	0	0	0	0	0	0	0	0	0	16	20	1	1
9	LSCIcl2p	100	0.05	0.75	1	5000	1	0.1	0.5	60	0.75	0.5	2	1	0.25	0.2	1	1	2.5	2.5	0	0.05	70	0	1	1	0	0	0	0	0	0	0	0	0	0	0	0	16	20	1	1
10	LSCIcl3p	100	0.05	0.75	1	5000	1	0.1	0.5	60	0.75	0.5	2	1	0.25	0.2	1	1	17.5	12.5	1	0.05	70	0	1	1	0	0	0	0	0	0	0	0	0	0	0	0	16	20	1	1
7	LSCIp	100	0.05	0.75	1	5000	1	0.1	0.5	60	0.75	0.5	2	1	0.25	0.2	0	0	0	0	0	0	0	0	1	1	0	0	0	0	0	0	0	0	0	0	0	0	16	20	1	1
12	LSCTcl3p	100	0.05	0.75	1	5000	1	0.1	0.5	60	1	1	2	1	0.25	0.2	1	1	17.5	12.5	1	0.05	70	0	1	1	0	0	0	0	0	0	0	0	0	0	0	0	16	20	1	1
11	LSCTp	100	0.05	0.75	1	5000	1	0.1	0.5	60	1	1	2	1	0.25	0.2	0	0	0	0	0	0	0	0	1	1	0	0	0	0	0	0	0	0	0	0	0	0	16	20	1	1
17	MECAcl4p	100	0.05	0.5	0.3	2000	0.3	0.3	0.5	60	0.5	0.25	2	1	0.25	0.2	1	1	17.5	12.5	0	0.05	70	0	1	1	0	0	0	0	0	0	0	0	0	0	0	0	16	20	1	1
18	MECIcl3p	100	0.05	0.5	0.3	2000	0.3	0.3	0.5	60	0.75	0.5	2	1	0.25	0.2	1	1	17.5	12.5	1	0.05	70	0	1	1	0	0	0	0	0	0	0	0	0	0	0	0	16	20	1	1
19	MECIcl4p	100	0.05	0.5	0.3	2000	0.3	0.3	0.5	60	0.75	0.5	2	1	0.25	0.2	1	1	17.5	12.5	0	0.05	70	0	1	1	0	0	0	0	0	0	0	0	0	0	0	0	16	20	1	1
21	MECTcl3p	100	0.05	0.5	0.3	2000	0.3	0.3	0.5	60	1	1	2	1	0.25	0.2	1	1	17.5	12.5	1	0.05	70	0	1	1	0	0	0	0	0	0	0	0	0	0	0	0	1	5	1	1
20	MECTp	100	0.05	0.5	0.3	2000	0.3	0.3	0.5	60	1	1	2	1	0.25	0.2	0	0	0	0	0	0	0	0	1	1	0	0	0	0	0	0	0	0	0	0	0	0	16	20	1	1
24	MEITp	100	0.05	0.5	0.3	2000	0.3	0.3	0.5	40	1	1	4	1	0.25	0.2	0	0	0	0	0	0	0	0	1	1	0	0	0	0	0	0	0	0	0	0	0	0	16	20	1	1
25	MESTcl3p	100	0.05	0.5	0.3	2000	0.3	0.3	0.5	20	1	1	6	1	0.25	0.2	1	1	17.5	12.5	1	0.05	70	0	1	1	0	0	0	0	0	0	0	0	0	0	0	0	16	20	1	1
26	MRITcl3p	100	0.05	1	0.3	2000	0.3	0.3	0.5	40	1	1	4	1	0.25	0.2	1	1	17.5	12.5	1	0.05	70	0	1	1	0	0	0	0	0	0	0	0	0	0	0	0	1	5	1	1
28	MSCAcl1p	100	0.05	0.75	0.3	2000	0.3	0.3	0.5	60	0.5	0.25	2	1	0.25	0.2	1	1	2.5	2.5	1	0.05	70	0	1	1	0	0	0	0	0	0	0	0	0	0	0	0	16	20	1	1
29	MSCAcl2p	100	0.05	0.75	0.3	2000	0.3	0.3	0.5	60	0.5	0.25	2	1	0.25	0.2	1	1	2.5	2.5	0	0.05	70	0	1	1	0	0	0	0	0	0	0	0	0	0	0	0	16	20	1	1
30	MSCAcl3p	100	0.05	0.75	0.3	2000	0.3	0.3	0.5	60	0.5	0.25	2	1	0.25	0.2	1	1	17.5	12.5	1	0.05	70	0	1	1	0	0	0	0	0	0	0	0	0	0	0	0	16	20	1	1
27	MSCAp	100	0.05	0.75	0.3	2000	0.3	0.3	0.5	60	0.5	0.25	2	1	0.25	0.2	0	0	0	0	0	0	0	0	1	1	0	0	0	0	0	0	0	0	0	0	0	0	16	20	1	1
32	MSCIcl3p	100	0.05	0.75	0.3	2000	0.3	0.3	0.5	60	0.75	0.5	2	1	0.25	0.2	1	1	17.5	12.5	1	0.05	70	0	1	1	0	0	0	0	0	0	0	0	0	0	0	0	16	20	1	1
31	MSCIp	100	0.05	0.75	0.3	2000	0.3	0.3	0.5	60	0.75	0.5	2	1	0.25	0.2	0	0	0	0	0	0	0	0	1	1	0	0	0	0	0	0	0	0	0	0	0	0	16	20	1	1
34	MSCTcl1p	100	0.05	0.75	0.3	2000	0.3	0.3	0.5	60	1	1	2	1	0.25	0.2	1	1	2.5	2.5	1	0.05	70	0	1	1	0	0	0	0	0	0	0	0	0	0	0	0	16	20	1	1
35	MSCTcl2p	100	0.05	0.75	0.3	2000	0.3	0.3	0.5	60	1	1	2	1	0.25	0.2	1	1	2.5	2.5	0	0.05	70	0	1	1	0	0	0	0	0	0	0	0	0	0	0	0	16	20	1	1
41	MSIAcl3p	100	0.05	0.75	0.3	2000	0.3	0.3	0.5	40	0.5	0.25	4	1	0.25	0.2	1	1	17.5	12.5	1	0.05	70	0	1	1	0	0	0	0	0	0	0	0	0	0	0	0	16	20	1	1
42	MSIAcl4p	100	0.05	0.75	0.3	2000	0.3	0.3	0.5	40	0.5	0.25	4	1	0.25	0.2	1	1	17.5	12.5	0	0.05	70	0	1	1	0	0	0	0	0	0	0	0	0	0	0	0	16	20	1	1
44	MSIIcl1p	100	0.05	0.75	0.3	2000	0.3	0.3	0.5	40	0.75	0.5	4	1	0.25	0.2	1	1	2.5	2.5	1	0.05	70	0	1	1	0	0	0	0	0	0	0	0	0	0	0	0	16	20	1	1
43	MSIIp	100	0.05	0.75	0.3	2000	0.3	0.3	0.5	40	0.75	0.5	4	1	0.25	0.2	0	0	0	0	0	0	0	0	1	1	0	0	0	0	0	0	0	0	0	0	0	0	16	20	1	1
45	MSITcl3p	100	0.05	0.75	0.3	2000	0.3	0.3	0.5	40	1	1	4	1	0.25	0.2	1	1	17.5	12.5	1	0.05	70	0	1	1	0	0	0	0	0	0	0	0	0	0	0	0	16	20	1	1
46	MSITcl4p	100	0.05	0.75	0.3	2000	0.3	0.3	0.5	40	1	1	4	1	0.25	0.2	1	1	17.5	12.5	0	0.05	70	0	1	1	0	0	0	0	0	0	0	0	0	0	0	0	16	20	1	1
49	MSSAcl4p	100	0.05	0.75	0.3	2000	0.3	0.3	0.5	20	0.5	0.25	6	1	0.25	0.2	1	1	17.5	12.5	0	0.05	70	0	1	1	0	0	0	0	0	0	0	0	0	0	0	0	16	20	1	1
50	SECAcl3p	100	0.05	0.5	0.1	1000	0.1	0.6	0.5	60	0.5	0.25	2	1	0.25	0.2	1	1	17.5	12.5	1	0.05	70	0	1	1	0	0	0	0	0	0	0	0	0	0	0	0	16	20	1	1
52	SECTcl3p	100	0.05	0.5	0.1	1000	0.1	0.6	0.5	60	1	1	2	1	0.25	0.2	1	1	17.5	12.5	1	0.05	70	0	1	1	0	0	0	0	0	0	0	0	0	0	0	0	1	5	1	1
51	SECTp	100	0.05	0.5	0.1	1000	0.1	0.6	0.5	60	1	1	2	1	0.25	0.2	0	0	0	0	0	0	0	0	1	1	0	0	0	0	0	0	0	0	0	0	0	0	1	5	1	1
55	SEIAcl4p	100	0.05	0.5	0.1	1000	0.1	0.6	0.5	40	0.5	0.25	4	1	0.25	0.2	1	1	17.5	12.5	0	0.05	70	0	1	1	0	0	0	0	0	0	0	0	0	0	0	0	1	5	1	1
54	SEIAp	100	0.05	0.5	0.1	1000	0.1	0.6	0.5	40	0.5	0.25	4	1	0.25	0.2	0	0	0	0	0	0	0	0	1	1	0	0	0	0	0	0	0	0	0	0	0	0	16	20	1	1
57	SEITcl1p	100	0.05	0.5	0.1	1000	0.1	0.6	0.5	40	1	1	4	1	0.25	0.2	1	1	2.5	2.5	1	0.05	70	0	1	1	0	0	0	0	0	0	0	0	0	0	0	0	16	20	1	1
58	SEITcl3p	100	0.05	0.5	0.1	1000	0.1	0.6	0.5	40	1	1	4	1	0.25	0.2	1	1	17.5	12.5	1	0.05	70	0	1	1	0	0	0	0	0	0	0	0	0	0	0	0	1	5	1	1
59	SEITcl4p	100	0.05	0.5	0.1	1000	0.1	0.6	0.5	40	1	1	4	1	0.25	0.2	1	1	17.5	12.5	0	0.05	70	0	1	1	0	0	0	0	0	0	0	0	0	0	0	0	1	5	1	1
62	SESTcl4p	100	0.05	0.5	0.1	1000	0.1	0.6	0.5	20	1	1	6	1	0.25	0.2	1	1	17.5	12.5	0	0.05	70	0	1	1	0	0	0	0	0	0	0	0	0	0	0	0	16	20	1	1
64	SRIAcl1p	100	0.05	1	0.1	1000	0.1	0.6	0.5	40	0.5	0.25	4	1	0.25	0.2	1	1	2.5	2.5	1	0.05	70	0	1	1	0	0	0	0	0	0	0	0	0	0	0	0	16	20	1	1
63	SRIAcl1pf	100	0.05	1	0.1	1000	0.1	0.6	0.5	40	0.5	0.25	4	1	0.25	0.2	1	1	2.5	2.5	1	0.05	70	0	1	1	0	0	0	0	0	0	0	0	0	0	0	0	1	5	1	1
65	SRIAcl3p	100	0.05	1	0.1	1000	0.1	0.6	0.5	40	0.5	0.25	4	1	0.25	0.2	1	1	17.5	12.5	1	0.05	70	0	1	1	0	0	0	0	0	0	0	0	0	0	0	0	16	20	1	1
66	SRIAcl4p	100	0.05	1	0.1	1000	0.1	0.6	0.5	40	0.5	0.25	4	1	0.25	0.2	1	1	17.5	12.5	0	0.05	70	0	1	1	0	0	0	0	0	0	0	0	0	0	0	0	1	5	1	1
68	SRITcl3p	100	0.05	1	0.1	1000	0.1	0.6	0.5	40	1	1	4	1	0.25	0.2	1	1	17.5	12.5	1	0.05	70	0	1	1	0	0	0	0	0	0	0	0	0	0	0	0	16	20	1	1
67	SRITcl3pf	100	0.05	1	0.1	1000	0.1	0.6	0.5	40	1	1	4	1	0.25	0.2	1	1	17.5	12.5	1	0.05	70	0	1	1	0	0	0	0	0	0	0	0	0	0	0	0	1	5	1	1
69	SSCIcl1p	100	0.05	0.75	0.1	1000	0.1	0.6	0.5	60	0.75	0.5	2	1	0.25	0.2	1	1	2.5	2.5	1	0.05	70	0	1	1	0	0	0	0	0	0	0	0	0	0	0	0	16	20	1	1
70	SSCTp	100	0.05	0.75	0.1	1000	0.1	0.6	0.5	60	1	1	2	1	0.25	0.2	0	0	0	0	0	0	0	0	1	1	0	0	0	0	0	0	0	0	0	0	0	0	16	20	1	1
71	SSIAcl4p	100	0.05	0.75	0.1	1000	0.1	0.6	0.5	40	0.5	0.25	4	1	0.25	0.2	1	1	17.5	12.5	0	0.05	70	0	1	1	0	0	0	0	0	0	0	0	0	0	0	0	16	20	1	1
73	SSIIp	100	0.05	0.75	0.1	1000	0.1	0.6	0.5	40	0.75	0.5	4	1	0.25	0.2	0	0	0	0	0	0	0	0	1	1	0	0	0	0	0	0	0	0	0	0	0	0	16	20	1	1