Application rate	PFT	year	mean.10	min.10	max.10	mean.10_20	min.10_20	max.10_20	mean.20_30	min.20_30	max.20_30	mean.30_40	min.30_40	max.30_40	mean.40_50	min.40_50	max.40_50	mean.50	min.50	max.50
0	LSCTcl3p	1	30	30	30	0	0	0	0	0	0	0	0	0	0	0	0	0	0	0
90	LSCTcl3p	1	30	30	30	0	0	0	0	0	0	0	0	0	0	0	0	0	0	0
260	LSCTcl3p	1	30	30	30	0	0	0	0	0	0	0	0	0	0	0	0	0	0	0
0	LSCTcl3p	2	30	30	30	0	0	0	0	0	0	0	0	0	0	0	0	0	0	0
90	LSCTcl3p	2	30	30	30	0	0	0	0	0	0	0	0	0	0	0	0	0	0	0
260	LSCTcl3p	2	30	30	30	0	0	0	0	0	0	0	0	0	0	0	0	0	0	0
0	LSCTcl3p	3	30	30	30	0	0	0	0	0	0	0	0	0	0	0	0	0	0	0
90	LSCTcl3p	3	30	30	30	0	0	0	0	0	0	0	0	0	0	0	0	0	0	0
260	LSCTcl3p	3	30	30	30	0	0	0	0	0	0	0	0	0	0	0	0	0	0	0
0	LSCTcl3p	4	30	30	30	0	0	0	0	0	0	0	0	0	0	0	0	0	0	0
90	LSCTcl3p	4	30	30	30	0	0	0	0	0	0	0	0	0	0	0	0	0	0	0
260	LSCTcl3p	4	30	30	30	0	0	0	0	0	0	0	0	0	0	0	0	0	0	0
0	LSCTcl3p	5	30	30	30	0	0	0	0	0	0	0	0	0	0	0	0	0	0	0
90	LSCTcl3p	5	30	30	30	0	0	0	0	0	0	0	0	0	0	0	0	0	0	0
260	LSCTcl3p	5	30	30	30	0	0	0	0	0	0	0	0	0	0	0	0	0	0	0
0	LSCTcl3p	6	30	30	30	0	0	0	0	0	0	0	0	0	0	0	0	0	0	0
90	LSCTcl3p	6	30	30	30	0	0	0	0	0	0	0	0	0	0	0	0	0	0	0
260	LSCTcl3p	6	30	30	30	0	0	0	0	0	0	0	0	0	0	0	0	0	0	0
0	LSCTcl3p	7	30	30	30	0	0	0	0	0	0	0	0	0	0	0	0	0	0	0
90	LSCTcl3p	7	30	30	30	0	0	0	0	0	0	0	0	0	0	0	0	0	0	0
260	LSCTcl3p	7	30	30	30	0	0	0	0	0	0	0	0	0	0	0	0	0	0	0
0	LSCTcl3p	8	30	30	30	0	0	0	0	0	0	0	0	0	0	0	0	0	0	0
90	LSCTcl3p	8	30	30	30	0	0	0	0	0	0	0	0	0	0	0	0	0	0	0
260	LSCTcl3p	8	30	30	30	0	0	0	0	0	0	0	0	0	0	0	0	0	0	0
0	LSCTcl3p	9	30	30	30	0	0	0	0	0	0	0	0	0	0	0	0	0	0	0
90	LSCTcl3p	9	30	30	30	0	0	0	0	0	0	0	0	0	0	0	0	0	0	0
260	LSCTcl3p	9	30	30	30	0	0	0	0	0	0	0	0	0	0	0	0	0	0	0
0	LSCTcl3p	10	30	30	30	0	0	0	0	0	0	0	0	0	0	0	0	0	0	0
90	LSCTcl3p	10	30	30	30	0	0	0	0	0	0	0	0	0	0	0	0	0	0	0
260	LSCTcl3p	10	30	30	30	0	0	0	0	0	0	0	0	0	0	0	0	0	0	0
0	LSCTcl3p	11	30	30	30	0	0	0	0	0	0	0	0	0	0	0	0	0	0	0
90	LSCTcl3p	11	30	30	30	0	0	0	0	0	0	0	0	0	0	0	0	0	0	0
260	LSCTcl3p	11	30	30	30	0	0	0	0	0	0	0	0	0	0	0	0	0	0	0
0	LSCTcl3p	12	30	30	30	0	0	0	0	0	0	0	0	0	0	0	0	0	0	0
90	LSCTcl3p	12	30	30	30	0	0	0	0	0	0	0	0	0	0	0	0	0	0	0
260	LSCTcl3p	12	30	30	30	0	0	0	0	0	0	0	0	0	0	0	0	0	0	0
0	LSCTcl3p	13	30	30	30	0	0	0	0	0	0	0	0	0	0	0	0	0	0	0
90	LSCTcl3p	13	30	30	30	0	0	0	0	0	0	0	0	0	0	0	0	0	0	0
260	LSCTcl3p	13	30	30	30	0	0	0	0	0	0	0	0	0	0	0	0	0	0	0
0	LSCTcl3p	14	30	30	30	0	0	0	0	0	0	0	0	0	0	0	0	0	0	0
90	LSCTcl3p	14	30	30	30	0	0	0	0	0	0	0	0	0	0	0	0	0	0	0
260	LSCTcl3p	14	30	30	30	0	0	0	0	0	0	0	0	0	0	0	0	0	0	0
0	LSCTcl3p	15	30	30	30	0	0	0	0	0	0	0	0	0	0	0	0	0	0	0
90	LSCTcl3p	15	30	30	30	0	0	0	0	0	0	0	0	0	0	0	0	0	0	0
260	LSCTcl3p	15	30	30	30	0	0	0	0	0	0	0	0	0	0	0	0	0	0	0
0	LSCTcl3p	16	30	30	30	0	0	0	0	0	0	0	0	0	0	0	0	0	0	0
90	LSCTcl3p	16	30	30	30	0	0	0	0	0	0	0	0	0	0	0	0	0	0	0
260	LSCTcl3p	16	30	30	30	0	0	0	0	0	0	0	0	0	0	0	0	0	0	0
0	LSCTcl3p	17	30	30	30	0	0	0	0	0	0	0	0	0	0	0	0	0	0	0
90	LSCTcl3p	17	30	30	30	0	0	0	0	0	0	0	0	0	0	0	0	0	0	0
260	LSCTcl3p	17	30	30	30	0	0	0	0	0	0	0	0	0	0	0	0	0	0	0
0	LSCTcl3p	18	30	30	30	0	0	0	0	0	0	0	0	0	0	0	0	0	0	0
90	LSCTcl3p	18	30	30	30	0	0	0	0	0	0	0	0	0	0	0	0	0	0	0
260	LSCTcl3p	18	30	30	30	0	0	0	0	0	0	0	0	0	0	0	0	0	0	0
0	LSCTcl3p	19	30	30	30	0	0	0	0	0	0	0	0	0	0	0	0	0	0	0
90	LSCTcl3p	19	30	30	30	0	0	0	0	0	0	0	0	0	0	0	0	0	0	0
260	LSCTcl3p	19	30	30	30	0	0	0	0	0	0	0	0	0	0	0	0	0	0	0
0	LSCTcl3p	20	30	30	30	0	0	0	0	0	0	0	0	0	0	0	0	0	0	0
90	LSCTcl3p	20	30	30	30	0	0	0	0	0	0	0	0	0	0	0	0	0	0	0
260	LSCTcl3p	20	30	30	30	0	0	0	0	0	0	0	0	0	0	0	0	0	0	0
0	LSCTcl3p	21	30	30	30	0	0	0	0	0	0	0	0	0	0	0	0	0	0	0
90	LSCTcl3p	21	30	30	30	0	0	0	0	0	0	0	0	0	0	0	0	0	0	0
260	LSCTcl3p	21	30	30	30	0	0	0	0	0	0	0	0	0	0	0	0	0	0	0
0	LSCTcl3p	22	30	30	30	0	0	0	0	0	0	0	0	0	0	0	0	0	0	0
90	LSCTcl3p	22	30	30	30	0	0	0	0	0	0	0	0	0	0	0	0	0	0	0
260	LSCTcl3p	22	30	30	30	0	0	0	0	0	0	0	0	0	0	0	0	0	0	0
0	LSCTcl3p	23	30	30	30	0	0	0	0	0	0	0	0	0	0	0	0	0	0	0
90	LSCTcl3p	23	30	30	30	0	0	0	0	0	0	0	0	0	0	0	0	0	0	0
260	LSCTcl3p	23	30	30	30	0	0	0	0	0	0	0	0	0	0	0	0	0	0	0
0	LSCTcl3p	24	30	30	30	0	0	0	0	0	0	0	0	0	0	0	0	0	0	0
90	LSCTcl3p	24	30	30	30	0	0	0	0	0	0	0	0	0	0	0	0	0	0	0
260	LSCTcl3p	24	30	30	30	0	0	0	0	0	0	0	0	0	0	0	0	0	0	0
0	LSCTcl3p	25	30	30	30	0	0	0	0	0	0	0	0	0	0	0	0	0	0	0
90	LSCTcl3p	25	30	30	30	0	0	0	0	0	0	0	0	0	0	0	0	0	0	0
260	LSCTcl3p	25	30	30	30	0	0	0	0	0	0	0	0	0	0	0	0	0	0	0
0	MECIcl3p	1	30	30	30	0	0	0	0	0	0	0	0	0	0	0	0	0	0	0
90	MECIcl3p	1	30	30	30	0	0	0	0	0	0	0	0	0	0	0	0	0	0	0
260	MECIcl3p	1	30	30	30	0	0	0	0	0	0	0	0	0	0	0	0	0	0	0
0	MECIcl3p	2	30	30	30	0	0	0	0	0	0	0	0	0	0	0	0	0	0	0
90	MECIcl3p	2	30	30	30	0	0	0	0	0	0	0	0	0	0	0	0	0	0	0
260	MECIcl3p	2	30	30	30	0	0	0	0	0	0	0	0	0	0	0	0	0	0	0
0	MECIcl3p	3	30	30	30	0	0	0	0	0	0	0	0	0	0	0	0	0	0	0
90	MECIcl3p	3	30	30	30	0	0	0	0	0	0	0	0	0	0	0	0	0	0	0
260	MECIcl3p	3	30	30	30	0	0	0	0	0	0	0	0	0	0	0	0	0	0	0
0	MECIcl3p	4	30	30	30	0	0	0	0	0	0	0	0	0	0	0	0	0	0	0
90	MECIcl3p	4	30	30	30	0	0	0	0	0	0	0	0	0	0	0	0	0	0	0
260	MECIcl3p	4	30	30	30	0	0	0	0	0	0	0	0	0	0	0	0	0	0	0
0	MECIcl3p	5	30	30	30	0	0	0	0	0	0	0	0	0	0	0	0	0	0	0
90	MECIcl3p	5	30	30	30	0	0	0	0	0	0	0	0	0	0	0	0	0	0	0
260	MECIcl3p	5	30	30	30	0	0	0	0	0	0	0	0	0	0	0	0	0	0	0
0	MECIcl3p	6	30	30	30	0	0	0	0	0	0	0	0	0	0	0	0	0	0	0
90	MECIcl3p	6	30	30	30	0	0	0	0	0	0	0	0	0	0	0	0	0	0	0
260	MECIcl3p	6	30	30	30	0	0	0	0	0	0	0	0	0	0	0	0	0	0	0
0	MECIcl3p	7	30	30	30	0	0	0	0	0	0	0	0	0	0	0	0	0	0	0
90	MECIcl3p	7	30	30	30	0	0	0	0	0	0	0	0	0	0	0	0	0	0	0
260	MECIcl3p	7	30	30	30	0	0	0	0	0	0	0	0	0	0	0	0	0	0	0
0	MECIcl3p	8	30	30	30	0	0	0	0	0	0	0	0	0	0	0	0	0	0	0
90	MECIcl3p	8	30	30	30	0	0	0	0	0	0	0	0	0	0	0	0	0	0	0
260	MECIcl3p	8	30	30	30	0	0	0	0	0	0	0	0	0	0	0	0	0	0	0
0	MECIcl3p	9	30	30	30	0	0	0	0	0	0	0	0	0	0	0	0	0	0	0
90	MECIcl3p	9	30	30	30	0	0	0	0	0	0	0	0	0	0	0	0	0	0	0
260	MECIcl3p	9	30	30	30	0	0	0	0	0	0	0	0	0	0	0	0	0	0	0
0	MECIcl3p	10	30	30	30	0	0	0	0	0	0	0	0	0	0	0	0	0	0	0
90	MECIcl3p	10	30	30	30	0	0	0	0	0	0	0	0	0	0	0	0	0	0	0
260	MECIcl3p	10	30	30	30	0	0	0	0	0	0	0	0	0	0	0	0	0	0	0
0	MECIcl3p	11	30	30	30	0	0	0	0	0	0	0	0	0	0	0	0	0	0	0
90	MECIcl3p	11	30	30	30	0	0	0	0	0	0	0	0	0	0	0	0	0	0	0
260	MECIcl3p	11	30	30	30	0	0	0	0	0	0	0	0	0	0	0	0	0	0	0
0	MECIcl3p	12	30	30	30	0	0	0	0	0	0	0	0	0	0	0	0	0	0	0
90	MECIcl3p	12	30	30	30	0	0	0	0	0	0	0	0	0	0	0	0	0	0	0
260	MECIcl3p	12	30	30	30	0	0	0	0	0	0	0	0	0	0	0	0	0	0	0
0	MECIcl3p	13	30	30	30	0	0	0	0	0	0	0	0	0	0	0	0	0	0	0
90	MECIcl3p	13	30	30	30	0	0	0	0	0	0	0	0	0	0	0	0	0	0	0
260	MECIcl3p	13	30	30	30	0	0	0	0	0	0	0	0	0	0	0	0	0	0	0
0	MECIcl3p	14	30	30	30	0	0	0	0	0	0	0	0	0	0	0	0	0	0	0
90	MECIcl3p	14	30	30	30	0	0	0	0	0	0	0	0	0	0	0	0	0	0	0
260	MECIcl3p	14	30	30	30	0	0	0	0	0	0	0	0	0	0	0	0	0	0	0
0	MECIcl3p	15	30	30	30	0	0	0	0	0	0	0	0	0	0	0	0	0	0	0
90	MECIcl3p	15	30	30	30	0	0	0	0	0	0	0	0	0	0	0	0	0	0	0
260	MECIcl3p	15	30	30	30	0	0	0	0	0	0	0	0	0	0	0	0	0	0	0
0	MECIcl3p	16	30	30	30	0	0	0	0	0	0	0	0	0	0	0	0	0	0	0
90	MECIcl3p	16	30	30	30	0	0	0	0	0	0	0	0	0	0	0	0	0	0	0
260	MECIcl3p	16	30	30	30	0	0	0	0	0	0	0	0	0	0	0	0	0	0	0
0	MECIcl3p	17	30	30	30	0	0	0	0	0	0	0	0	0	0	0	0	0	0	0
90	MECIcl3p	17	30	30	30	0	0	0	0	0	0	0	0	0	0	0	0	0	0	0
260	MECIcl3p	17	30	30	30	0	0	0	0	0	0	0	0	0	0	0	0	0	0	0
0	MECIcl3p	18	30	30	30	0	0	0	0	0	0	0	0	0	0	0	0	0	0	0
90	MECIcl3p	18	30	30	30	0	0	0	0	0	0	0	0	0	0	0	0	0	0	0
260	MECIcl3p	18	30	30	30	0	0	0	0	0	0	0	0	0	0	0	0	0	0	0
0	MECIcl3p	19	30	30	30	0	0	0	0	0	0	0	0	0	0	0	0	0	0	0
90	MECIcl3p	19	30	30	30	0	0	0	0	0	0	0	0	0	0	0	0	0	0	0
260	MECIcl3p	19	30	30	30	0	0	0	0	0	0	0	0	0	0	0	0	0	0	0
0	MECIcl3p	20	30	30	30	0	0	0	0	0	0	0	0	0	0	0	0	0	0	0
90	MECIcl3p	20	30	30	30	0	0	0	0	0	0	0	0	0	0	0	0	0	0	0
260	MECIcl3p	20	30	30	30	0	0	0	0	0	0	0	0	0	0	0	0	0	0	0
0	MECIcl3p	21	30	30	30	0	0	0	0	0	0	0	0	0	0	0	0	0	0	0
90	MECIcl3p	21	30	30	30	0	0	0	0	0	0	0	0	0	0	0	0	0	0	0
260	MECIcl3p	21	30	30	30	0	0	0	0	0	0	0	0	0	0	0	0	0	0	0
0	MECIcl3p	22	30	30	30	0	0	0	0	0	0	0	0	0	0	0	0	0	0	0
90	MECIcl3p	22	30	30	30	0	0	0	0	0	0	0	0	0	0	0	0	0	0	0
260	MECIcl3p	22	30	30	30	0	0	0	0	0	0	0	0	0	0	0	0	0	0	0
0	MECIcl3p	23	30	30	30	0	0	0	0	0	0	0	0	0	0	0	0	0	0	0
90	MECIcl3p	23	30	30	30	0	0	0	0	0	0	0	0	0	0	0	0	0	0	0
260	MECIcl3p	23	30	30	30	0	0	0	0	0	0	0	0	0	0	0	0	0	0	0
0	MECIcl3p	24	30	30	30	0	0	0	0	0	0	0	0	0	0	0	0	0	0	0
90	MECIcl3p	24	30	30	30	0	0	0	0	0	0	0	0	0	0	0	0	0	0	0
260	MECIcl3p	24	30	30	30	0	0	0	0	0	0	0	0	0	0	0	0	0	0	0
0	MECIcl3p	25	30	30	30	0	0	0	0	0	0	0	0	0	0	0	0	0	0	0
90	MECIcl3p	25	30	30	30	0	0	0	0	0	0	0	0	0	0	0	0	0	0	0
260	MECIcl3p	25	30	30	30	0	0	0	0	0	0	0	0	0	0	0	0	0	0	0
0	MECIcl4p	1	30	30	30	0	0	0	0	0	0	0	0	0	0	0	0	0	0	0
90	MECIcl4p	1	30	30	30	0	0	0	0	0	0	0	0	0	0	0	0	0	0	0
260	MECIcl4p	1	30	30	30	0	0	0	0	0	0	0	0	0	0	0	0	0	0	0
0	MECIcl4p	2	30	30	30	0	0	0	0	0	0	0	0	0	0	0	0	0	0	0
90	MECIcl4p	2	30	30	30	0	0	0	0	0	0	0	0	0	0	0	0	0	0	0
260	MECIcl4p	2	30	30	30	0	0	0	0	0	0	0	0	0	0	0	0	0	0	0
0	MECIcl4p	3	30	30	30	0	0	0	0	0	0	0	0	0	0	0	0	0	0	0
90	MECIcl4p	3	30	30	30	0	0	0	0	0	0	0	0	0	0	0	0	0	0	0
260	MECIcl4p	3	30	30	30	0	0	0	0	0	0	0	0	0	0	0	0	0	0	0
0	MECIcl4p	4	30	30	30	0	0	0	0	0	0	0	0	0	0	0	0	0	0	0
90	MECIcl4p	4	30	30	30	0	0	0	0	0	0	0	0	0	0	0	0	0	0	0
260	MECIcl4p	4	30	30	30	0	0	0	0	0	0	0	0	0	0	0	0	0	0	0
0	MECIcl4p	5	30	30	30	0	0	0	0	0	0	0	0	0	0	0	0	0	0	0
90	MECIcl4p	5	30	30	30	0	0	0	0	0	0	0	0	0	0	0	0	0	0	0
260	MECIcl4p	5	30	30	30	0	0	0	0	0	0	0	0	0	0	0	0	0	0	0
0	MECIcl4p	6	30	30	30	0	0	0	0	0	0	0	0	0	0	0	0	0	0	0
90	MECIcl4p	6	30	30	30	0	0	0	0	0	0	0	0	0	0	0	0	0	0	0
260	MECIcl4p	6	30	30	30	0	0	0	0	0	0	0	0	0	0	0	0	0	0	0
0	MECIcl4p	7	30	30	30	0	0	0	0	0	0	0	0	0	0	0	0	0	0	0
90	MECIcl4p	7	30	30	30	0	0	0	0	0	0	0	0	0	0	0	0	0	0	0
260	MECIcl4p	7	30	30	30	0	0	0	0	0	0	0	0	0	0	0	0	0	0	0
0	MECIcl4p	8	30	30	30	0	0	0	0	0	0	0	0	0	0	0	0	0	0	0
90	MECIcl4p	8	30	30	30	0	0	0	0	0	0	0	0	0	0	0	0	0	0	0
260	MECIcl4p	8	30	30	30	0	0	0	0	0	0	0	0	0	0	0	0	0	0	0
0	MECIcl4p	9	30	30	30	0	0	0	0	0	0	0	0	0	0	0	0	0	0	0
90	MECIcl4p	9	30	30	30	0	0	0	0	0	0	0	0	0	0	0	0	0	0	0
260	MECIcl4p	9	30	30	30	0	0	0	0	0	0	0	0	0	0	0	0	0	0	0
0	MECIcl4p	10	30	30	30	0	0	0	0	0	0	0	0	0	0	0	0	0	0	0
90	MECIcl4p	10	30	30	30	0	0	0	0	0	0	0	0	0	0	0	0	0	0	0
260	MECIcl4p	10	30	30	30	0	0	0	0	0	0	0	0	0	0	0	0	0	0	0
0	MECIcl4p	11	30	30	30	0	0	0	0	0	0	0	0	0	0	0	0	0	0	0
90	MECIcl4p	11	30	30	30	0	0	0	0	0	0	0	0	0	0	0	0	0	0	0
260	MECIcl4p	11	30	30	30	0	0	0	0	0	0	0	0	0	0	0	0	0	0	0
0	MECIcl4p	12	30	30	30	0	0	0	0	0	0	0	0	0	0	0	0	0	0	0
90	MECIcl4p	12	30	30	30	0	0	0	0	0	0	0	0	0	0	0	0	0	0	0
260	MECIcl4p	12	30	30	30	0	0	0	0	0	0	0	0	0	0	0	0	0	0	0
0	MECIcl4p	13	30	30	30	0	0	0	0	0	0	0	0	0	0	0	0	0	0	0
90	MECIcl4p	13	30	30	30	0	0	0	0	0	0	0	0	0	0	0	0	0	0	0
260	MECIcl4p	13	30	30	30	0	0	0	0	0	0	0	0	0	0	0	0	0	0	0
0	MECIcl4p	14	30	30	30	0	0	0	0	0	0	0	0	0	0	0	0	0	0	0
90	MECIcl4p	14	30	30	30	0	0	0	0	0	0	0	0	0	0	0	0	0	0	0
260	MECIcl4p	14	30	30	30	0	0	0	0	0	0	0	0	0	0	0	0	0	0	0
0	MECIcl4p	15	30	30	30	0	0	0	0	0	0	0	0	0	0	0	0	0	0	0
90	MECIcl4p	15	30	30	30	0	0	0	0	0	0	0	0	0	0	0	0	0	0	0
260	MECIcl4p	15	30	30	30	0	0	0	0	0	0	0	0	0	0	0	0	0	0	0
0	MECIcl4p	16	30	30	30	0	0	0	0	0	0	0	0	0	0	0	0	0	0	0
90	MECIcl4p	16	30	30	30	0	0	0	0	0	0	0	0	0	0	0	0	0	0	0
260	MECIcl4p	16	30	30	30	0	0	0	0	0	0	0	0	0	0	0	0	0	0	0
0	MECIcl4p	17	30	30	30	0	0	0	0	0	0	0	0	0	0	0	0	0	0	0
90	MECIcl4p	17	30	30	30	0	0	0	0	0	0	0	0	0	0	0	0	0	0	0
260	MECIcl4p	17	30	30	30	0	0	0	0	0	0	0	0	0	0	0	0	0	0	0
0	MECIcl4p	18	30	30	30	0	0	0	0	0	0	0	0	0	0	0	0	0	0	0
90	MECIcl4p	18	30	30	30	0	0	0	0	0	0	0	0	0	0	0	0	0	0	0
260	MECIcl4p	18	30	30	30	0	0	0	0	0	0	0	0	0	0	0	0	0	0	0
0	MECIcl4p	19	30	30	30	0	0	0	0	0	0	0	0	0	0	0	0	0	0	0
90	MECIcl4p	19	30	30	30	0	0	0	0	0	0	0	0	0	0	0	0	0	0	0
260	MECIcl4p	19	30	30	30	0	0	0	0	0	0	0	0	0	0	0	0	0	0	0
0	MECIcl4p	20	30	30	30	0	0	0	0	0	0	0	0	0	0	0	0	0	0	0
90	MECIcl4p	20	30	30	30	0	0	0	0	0	0	0	0	0	0	0	0	0	0	0
260	MECIcl4p	20	30	30	30	0	0	0	0	0	0	0	0	0	0	0	0	0	0	0
0	MECIcl4p	21	30	30	30	0	0	0	0	0	0	0	0	0	0	0	0	0	0	0
90	MECIcl4p	21	30	30	30	0	0	0	0	0	0	0	0	0	0	0	0	0	0	0
260	MECIcl4p	21	30	30	30	0	0	0	0	0	0	0	0	0	0	0	0	0	0	0
0	MECIcl4p	22	30	30	30	0	0	0	0	0	0	0	0	0	0	0	0	0	0	0
90	MECIcl4p	22	30	30	30	0	0	0	0	0	0	0	0	0	0	0	0	0	0	0
260	MECIcl4p	22	30	30	30	0	0	0	0	0	0	0	0	0	0	0	0	0	0	0
0	MECIcl4p	23	30	30	30	0	0	0	0	0	0	0	0	0	0	0	0	0	0	0
90	MECIcl4p	23	30	30	30	0	0	0	0	0	0	0	0	0	0	0	0	0	0	0
260	MECIcl4p	23	30	30	30	0	0	0	0	0	0	0	0	0	0	0	0	0	0	0
0	MECIcl4p	24	30	30	30	0	0	0	0	0	0	0	0	0	0	0	0	0	0	0
90	MECIcl4p	24	30	30	30	0	0	0	0	0	0	0	0	0	0	0	0	0	0	0
260	MECIcl4p	24	30	30	30	0	0	0	0	0	0	0	0	0	0	0	0	0	0	0
0	MECIcl4p	25	30	30	30	0	0	0	0	0	0	0	0	0	0	0	0	0	0	0
90	MECIcl4p	25	30	30	30	0	0	0	0	0	0	0	0	0	0	0	0	0	0	0
260	MECIcl4p	25	30	30	30	0	0	0	0	0	0	0	0	0	0	0	0	0	0	0
0	MECTcl3p	1	30	30	30	0	0	0	0	0	0	0	0	0	0	0	0	0	0	0
90	MECTcl3p	1	30	30	30	0	0	0	0	0	0	0	0	0	0	0	0	0	0	0
260	MECTcl3p	1	30	30	30	0	0	0	0	0	0	0	0	0	0	0	0	0	0	0
0	MECTcl3p	2	30	30	30	0	0	0	0	0	0	0	0	0	0	0	0	0	0	0
90	MECTcl3p	2	30	30	30	0	0	0	0	0	0	0	0	0	0	0	0	0	0	0
260	MECTcl3p	2	30	30	30	0	0	0	0	0	0	0	0	0	0	0	0	0	0	0
0	MECTcl3p	3	30	30	30	0	0	0	0	0	0	0	0	0	0	0	0	0	0	0
90	MECTcl3p	3	30	30	30	0	0	0	0	0	0	0	0	0	0	0	0	0	0	0
260	MECTcl3p	3	30	30	30	0	0	0	0	0	0	0	0	0	0	0	0	0	0	0
0	MECTcl3p	4	30	30	30	0	0	0	0	0	0	0	0	0	0	0	0	0	0	0
90	MECTcl3p	4	30	30	30	0	0	0	0	0	0	0	0	0	0	0	0	0	0	0
260	MECTcl3p	4	30	30	30	0	0	0	0	0	0	0	0	0	0	0	0	0	0	0
0	MECTcl3p	5	30	30	30	0	0	0	0	0	0	0	0	0	0	0	0	0	0	0
90	MECTcl3p	5	30	30	30	0	0	0	0	0	0	0	0	0	0	0	0	0	0	0
260	MECTcl3p	5	30	30	30	0	0	0	0	0	0	0	0	0	0	0	0	0	0	0
0	MECTcl3p	6	30	30	30	0	0	0	0	0	0	0	0	0	0	0	0	0	0	0
90	MECTcl3p	6	30	30	30	0	0	0	0	0	0	0	0	0	0	0	0	0	0	0
260	MECTcl3p	6	30	30	30	0	0	0	0	0	0	0	0	0	0	0	0	0	0	0
0	MECTcl3p	7	30	30	30	0	0	0	0	0	0	0	0	0	0	0	0	0	0	0
90	MECTcl3p	7	30	30	30	0	0	0	0	0	0	0	0	0	0	0	0	0	0	0
260	MECTcl3p	7	30	30	30	0	0	0	0	0	0	0	0	0	0	0	0	0	0	0
0	MECTcl3p	8	30	30	30	0	0	0	0	0	0	0	0	0	0	0	0	0	0	0
90	MECTcl3p	8	30	30	30	0	0	0	0	0	0	0	0	0	0	0	0	0	0	0
260	MECTcl3p	8	30	30	30	0	0	0	0	0	0	0	0	0	0	0	0	0	0	0
0	MECTcl3p	9	30	30	30	0	0	0	0	0	0	0	0	0	0	0	0	0	0	0
90	MECTcl3p	9	30	30	30	0	0	0	0	0	0	0	0	0	0	0	0	0	0	0
260	MECTcl3p	9	30	30	30	0	0	0	0	0	0	0	0	0	0	0	0	0	0	0
0	MECTcl3p	10	30	30	30	0	0	0	0	0	0	0	0	0	0	0	0	0	0	0
90	MECTcl3p	10	30	30	30	0	0	0	0	0	0	0	0	0	0	0	0	0	0	0
260	MECTcl3p	10	30	30	30	0	0	0	0	0	0	0	0	0	0	0	0	0	0	0
0	MECTcl3p	11	30	30	30	0	0	0	0	0	0	0	0	0	0	0	0	0	0	0
90	MECTcl3p	11	30	30	30	0	0	0	0	0	0	0	0	0	0	0	0	0	0	0
260	MECTcl3p	11	30	30	30	0	0	0	0	0	0	0	0	0	0	0	0	0	0	0
0	MECTcl3p	12	30	30	30	0	0	0	0	0	0	0	0	0	0	0	0	0	0	0
90	MECTcl3p	12	30	30	30	0	0	0	0	0	0	0	0	0	0	0	0	0	0	0
260	MECTcl3p	12	30	30	30	0	0	0	0	0	0	0	0	0	0	0	0	0	0	0
0	MECTcl3p	13	30	30	30	0	0	0	0	0	0	0	0	0	0	0	0	0	0	0
90	MECTcl3p	13	30	30	30	0	0	0	0	0	0	0	0	0	0	0	0	0	0	0
260	MECTcl3p	13	30	30	30	0	0	0	0	0	0	0	0	0	0	0	0	0	0	0
0	MECTcl3p	14	30	30	30	0	0	0	0	0	0	0	0	0	0	0	0	0	0	0
90	MECTcl3p	14	30	30	30	0	0	0	0	0	0	0	0	0	0	0	0	0	0	0
260	MECTcl3p	14	30	30	30	0	0	0	0	0	0	0	0	0	0	0	0	0	0	0
0	MECTcl3p	15	30	30	30	0	0	0	0	0	0	0	0	0	0	0	0	0	0	0
90	MECTcl3p	15	30	30	30	0	0	0	0	0	0	0	0	0	0	0	0	0	0	0
260	MECTcl3p	15	30	30	30	0	0	0	0	0	0	0	0	0	0	0	0	0	0	0
0	MECTcl3p	16	30	30	30	0	0	0	0	0	0	0	0	0	0	0	0	0	0	0
90	MECTcl3p	16	30	30	30	0	0	0	0	0	0	0	0	0	0	0	0	0	0	0
260	MECTcl3p	16	30	30	30	0	0	0	0	0	0	0	0	0	0	0	0	0	0	0
0	MECTcl3p	17	30	30	30	0	0	0	0	0	0	0	0	0	0	0	0	0	0	0
90	MECTcl3p	17	30	30	30	0	0	0	0	0	0	0	0	0	0	0	0	0	0	0
260	MECTcl3p	17	30	30	30	0	0	0	0	0	0	0	0	0	0	0	0	0	0	0
0	MECTcl3p	18	30	30	30	0	0	0	0	0	0	0	0	0	0	0	0	0	0	0
90	MECTcl3p	18	30	30	30	0	0	0	0	0	0	0	0	0	0	0	0	0	0	0
260	MECTcl3p	18	30	30	30	0	0	0	0	0	0	0	0	0	0	0	0	0	0	0
0	MECTcl3p	19	30	30	30	0	0	0	0	0	0	0	0	0	0	0	0	0	0	0
90	MECTcl3p	19	30	30	30	0	0	0	0	0	0	0	0	0	0	0	0	0	0	0
260	MECTcl3p	19	30	30	30	0	0	0	0	0	0	0	0	0	0	0	0	0	0	0
0	MECTcl3p	20	30	30	30	0	0	0	0	0	0	0	0	0	0	0	0	0	0	0
90	MECTcl3p	20	30	30	30	0	0	0	0	0	0	0	0	0	0	0	0	0	0	0
260	MECTcl3p	20	30	30	30	0	0	0	0	0	0	0	0	0	0	0	0	0	0	0
0	MECTcl3p	21	30	30	30	0	0	0	0	0	0	0	0	0	0	0	0	0	0	0
90	MECTcl3p	21	30	30	30	0	0	0	0	0	0	0	0	0	0	0	0	0	0	0
260	MECTcl3p	21	30	30	30	0	0	0	0	0	0	0	0	0	0	0	0	0	0	0
0	MECTcl3p	22	30	30	30	0	0	0	0	0	0	0	0	0	0	0	0	0	0	0
90	MECTcl3p	22	30	30	30	0	0	0	0	0	0	0	0	0	0	0	0	0	0	0
260	MECTcl3p	22	30	30	30	0	0	0	0	0	0	0	0	0	0	0	0	0	0	0
0	MECTcl3p	23	30	30	30	0	0	0	0	0	0	0	0	0	0	0	0	0	0	0
90	MECTcl3p	23	30	30	30	0	0	0	0	0	0	0	0	0	0	0	0	0	0	0
260	MECTcl3p	23	30	30	30	0	0	0	0	0	0	0	0	0	0	0	0	0	0	0
0	MECTcl3p	24	30	30	30	0	0	0	0	0	0	0	0	0	0	0	0	0	0	0
90	MECTcl3p	24	30	30	30	0	0	0	0	0	0	0	0	0	0	0	0	0	0	0
260	MECTcl3p	24	30	30	30	0	0	0	0	0	0	0	0	0	0	0	0	0	0	0
0	MECTcl3p	25	30	30	30	0	0	0	0	0	0	0	0	0	0	0	0	0	0	0
90	MECTcl3p	25	30	30	30	0	0	0	0	0	0	0	0	0	0	0	0	0	0	0
260	MECTcl3p	25	30	30	30	0	0	0	0	0	0	0	0	0	0	0	0	0	0	0
0	MECTp	1	30	30	30	0	0	0	0	0	0	0	0	0	0	0	0	0	0	0
90	MECTp	1	30	30	30	0	0	0	0	0	0	0	0	0	0	0	0	0	0	0
260	MECTp	1	30	30	30	0	0	0	0	0	0	0	0	0	0	0	0	0	0	0
0	MECTp	2	30	30	30	0	0	0	0	0	0	0	0	0	0	0	0	0	0	0
90	MECTp	2	30	30	30	0	0	0	0	0	0	0	0	0	0	0	0	0	0	0
260	MECTp	2	30	30	30	0	0	0	0	0	0	0	0	0	0	0	0	0	0	0
0	MECTp	3	30	30	30	0	0	0	0	0	0	0	0	0	0	0	0	0	0	0
90	MECTp	3	30	30	30	0	0	0	0	0	0	0	0	0	0	0	0	0	0	0
260	MECTp	3	30	30	30	0	0	0	0	0	0	0	0	0	0	0	0	0	0	0
0	MECTp	4	30	30	30	0	0	0	0	0	0	0	0	0	0	0	0	0	0	0
90	MECTp	4	30	30	30	0	0	0	0	0	0	0	0	0	0	0	0	0	0	0
260	MECTp	4	30	30	30	0	0	0	0	0	0	0	0	0	0	0	0	0	0	0
0	MECTp	5	30	30	30	0	0	0	0	0	0	0	0	0	0	0	0	0	0	0
90	MECTp	5	30	30	30	0	0	0	0	0	0	0	0	0	0	0	0	0	0	0
260	MECTp	5	30	30	30	0	0	0	0	0	0	0	0	0	0	0	0	0	0	0
0	MECTp	6	30	30	30	0	0	0	0	0	0	0	0	0	0	0	0	0	0	0
90	MECTp	6	30	30	30	0	0	0	0	0	0	0	0	0	0	0	0	0	0	0
260	MECTp	6	30	30	30	0	0	0	0	0	0	0	0	0	0	0	0	0	0	0
0	MECTp	7	30	30	30	0	0	0	0	0	0	0	0	0	0	0	0	0	0	0
90	MECTp	7	30	30	30	0	0	0	0	0	0	0	0	0	0	0	0	0	0	0
260	MECTp	7	30	30	30	0	0	0	0	0	0	0	0	0	0	0	0	0	0	0
0	MECTp	8	30	30	30	0	0	0	0	0	0	0	0	0	0	0	0	0	0	0
90	MECTp	8	30	30	30	0	0	0	0	0	0	0	0	0	0	0	0	0	0	0
260	MECTp	8	30	30	30	0	0	0	0	0	0	0	0	0	0	0	0	0	0	0
0	MECTp	9	30	30	30	0	0	0	0	0	0	0	0	0	0	0	0	0	0	0
90	MECTp	9	30	30	30	0	0	0	0	0	0	0	0	0	0	0	0	0	0	0
260	MECTp	9	30	30	30	0	0	0	0	0	0	0	0	0	0	0	0	0	0	0
0	MECTp	10	30	30	30	0	0	0	0	0	0	0	0	0	0	0	0	0	0	0
90	MECTp	10	30	30	30	0	0	0	0	0	0	0	0	0	0	0	0	0	0	0
260	MECTp	10	30	30	30	0	0	0	0	0	0	0	0	0	0	0	0	0	0	0
0	MECTp	11	30	30	30	0	0	0	0	0	0	0	0	0	0	0	0	0	0	0
90	MECTp	11	30	30	30	0	0	0	0	0	0	0	0	0	0	0	0	0	0	0
260	MECTp	11	30	30	30	0	0	0	0	0	0	0	0	0	0	0	0	0	0	0
0	MECTp	12	30	30	30	0	0	0	0	0	0	0	0	0	0	0	0	0	0	0
90	MECTp	12	30	30	30	0	0	0	0	0	0	0	0	0	0	0	0	0	0	0
260	MECTp	12	30	30	30	0	0	0	0	0	0	0	0	0	0	0	0	0	0	0
0	MECTp	13	30	30	30	0	0	0	0	0	0	0	0	0	0	0	0	0	0	0
90	MECTp	13	30	30	30	0	0	0	0	0	0	0	0	0	0	0	0	0	0	0
260	MECTp	13	30	30	30	0	0	0	0	0	0	0	0	0	0	0	0	0	0	0
0	MECTp	14	30	30	30	0	0	0	0	0	0	0	0	0	0	0	0	0	0	0
90	MECTp	14	30	30	30	0	0	0	0	0	0	0	0	0	0	0	0	0	0	0
260	MECTp	14	30	30	30	0	0	0	0	0	0	0	0	0	0	0	0	0	0	0
0	MECTp	15	30	30	30	0	0	0	0	0	0	0	0	0	0	0	0	0	0	0
90	MECTp	15	30	30	30	0	0	0	0	0	0	0	0	0	0	0	0	0	0	0
260	MECTp	15	30	30	30	0	0	0	0	0	0	0	0	0	0	0	0	0	0	0
0	MECTp	16	30	30	30	0	0	0	0	0	0	0	0	0	0	0	0	0	0	0
90	MECTp	16	30	30	30	0	0	0	0	0	0	0	0	0	0	0	0	0	0	0
260	MECTp	16	30	30	30	0	0	0	0	0	0	0	0	0	0	0	0	0	0	0
0	MECTp	17	30	30	30	0	0	0	0	0	0	0	0	0	0	0	0	0	0	0
90	MECTp	17	30	30	30	0	0	0	0	0	0	0	0	0	0	0	0	0	0	0
260	MECTp	17	30	30	30	0	0	0	0	0	0	0	0	0	0	0	0	0	0	0
0	MECTp	18	30	30	30	0	0	0	0	0	0	0	0	0	0	0	0	0	0	0
90	MECTp	18	30	30	30	0	0	0	0	0	0	0	0	0	0	0	0	0	0	0
260	MECTp	18	30	30	30	0	0	0	0	0	0	0	0	0	0	0	0	0	0	0
0	MECTp	19	30	30	30	0	0	0	0	0	0	0	0	0	0	0	0	0	0	0
90	MECTp	19	30	30	30	0	0	0	0	0	0	0	0	0	0	0	0	0	0	0
260	MECTp	19	30	30	30	0	0	0	0	0	0	0	0	0	0	0	0	0	0	0
0	MECTp	20	30	30	30	0	0	0	0	0	0	0	0	0	0	0	0	0	0	0
90	MECTp	20	30	30	30	0	0	0	0	0	0	0	0	0	0	0	0	0	0	0
260	MECTp	20	30	30	30	0	0	0	0	0	0	0	0	0	0	0	0	0	0	0
0	MECTp	21	30	30	30	0	0	0	0	0	0	0	0	0	0	0	0	0	0	0
90	MECTp	21	30	30	30	0	0	0	0	0	0	0	0	0	0	0	0	0	0	0
260	MECTp	21	30	30	30	0	0	0	0	0	0	0	0	0	0	0	0	0	0	0
0	MECTp	22	30	30	30	0	0	0	0	0	0	0	0	0	0	0	0	0	0	0
90	MECTp	22	30	30	30	0	0	0	0	0	0	0	0	0	0	0	0	0	0	0
260	MECTp	22	30	30	30	0	0	0	0	0	0	0	0	0	0	0	0	0	0	0
0	MECTp	23	30	30	30	0	0	0	0	0	0	0	0	0	0	0	0	0	0	0
90	MECTp	23	30	30	30	0	0	0	0	0	0	0	0	0	0	0	0	0	0	0
260	MECTp	23	30	30	30	0	0	0	0	0	0	0	0	0	0	0	0	0	0	0
0	MECTp	24	30	30	30	0	0	0	0	0	0	0	0	0	0	0	0	0	0	0
90	MECTp	24	30	30	30	0	0	0	0	0	0	0	0	0	0	0	0	0	0	0
260	MECTp	24	30	30	30	0	0	0	0	0	0	0	0	0	0	0	0	0	0	0
0	MECTp	25	30	30	30	0	0	0	0	0	0	0	0	0	0	0	0	0	0	0
90	MECTp	25	30	30	30	0	0	0	0	0	0	0	0	0	0	0	0	0	0	0
260	MECTp	25	30	30	30	0	0	0	0	0	0	0	0	0	0	0	0	0	0	0
0	MEITp	1	30	30	30	0	0	0	0	0	0	0	0	0	0	0	0	0	0	0
90	MEITp	1	30	30	30	0	0	0	0	0	0	0	0	0	0	0	0	0	0	0
260	MEITp	1	30	30	30	0	0	0	0	0	0	0	0	0	0	0	0	0	0	0
0	MEITp	2	30	30	30	0	0	0	0	0	0	0	0	0	0	0	0	0	0	0
90	MEITp	2	30	30	30	0	0	0	0	0	0	0	0	0	0	0	0	0	0	0
260	MEITp	2	30	30	30	0	0	0	0	0	0	0	0	0	0	0	0	0	0	0
0	MEITp	3	30	30	30	0	0	0	0	0	0	0	0	0	0	0	0	0	0	0
90	MEITp	3	30	30	30	0	0	0	0	0	0	0	0	0	0	0	0	0	0	0
260	MEITp	3	30	30	30	0	0	0	0	0	0	0	0	0	0	0	0	0	0	0
0	MEITp	4	30	30	30	0	0	0	0	0	0	0	0	0	0	0	0	0	0	0
90	MEITp	4	30	30	30	0	0	0	0	0	0	0	0	0	0	0	0	0	0	0
260	MEITp	4	30	30	30	0	0	0	0	0	0	0	0	0	0	0	0	0	0	0
0	MEITp	5	30	30	30	0	0	0	0	0	0	0	0	0	0	0	0	0	0	0
90	MEITp	5	30	30	30	0	0	0	0	0	0	0	0	0	0	0	0	0	0	0
260	MEITp	5	30	30	30	0	0	0	0	0	0	0	0	0	0	0	0	0	0	0
0	MEITp	6	30	30	30	0	0	0	0	0	0	0	0	0	0	0	0	0	0	0
90	MEITp	6	30	30	30	0	0	0	0	0	0	0	0	0	0	0	0	0	0	0
260	MEITp	6	30	30	30	0	0	0	0	0	0	0	0	0	0	0	0	0	0	0
0	MEITp	7	30	30	30	0	0	0	0	0	0	0	0	0	0	0	0	0	0	0
90	MEITp	7	30	30	30	0	0	0	0	0	0	0	0	0	0	0	0	0	0	0
260	MEITp	7	30	30	30	0	0	0	0	0	0	0	0	0	0	0	0	0	0	0
0	MEITp	8	30	30	30	0	0	0	0	0	0	0	0	0	0	0	0	0	0	0
90	MEITp	8	30	30	30	0	0	0	0	0	0	0	0	0	0	0	0	0	0	0
260	MEITp	8	30	30	30	0	0	0	0	0	0	0	0	0	0	0	0	0	0	0
0	MEITp	9	30	30	30	0	0	0	0	0	0	0	0	0	0	0	0	0	0	0
90	MEITp	9	30	30	30	0	0	0	0	0	0	0	0	0	0	0	0	0	0	0
260	MEITp	9	30	30	30	0	0	0	0	0	0	0	0	0	0	0	0	0	0	0
0	MEITp	10	30	30	30	0	0	0	0	0	0	0	0	0	0	0	0	0	0	0
90	MEITp	10	30	30	30	0	0	0	0	0	0	0	0	0	0	0	0	0	0	0
260	MEITp	10	30	30	30	0	0	0	0	0	0	0	0	0	0	0	0	0	0	0
0	MEITp	11	30	30	30	0	0	0	0	0	0	0	0	0	0	0	0	0	0	0
90	MEITp	11	30	30	30	0	0	0	0	0	0	0	0	0	0	0	0	0	0	0
260	MEITp	11	30	30	30	0	0	0	0	0	0	0	0	0	0	0	0	0	0	0
0	MEITp	12	30	30	30	0	0	0	0	0	0	0	0	0	0	0	0	0	0	0
90	MEITp	12	30	30	30	0	0	0	0	0	0	0	0	0	0	0	0	0	0	0
260	MEITp	12	30	30	30	0	0	0	0	0	0	0	0	0	0	0	0	0	0	0
0	MEITp	13	30	30	30	0	0	0	0	0	0	0	0	0	0	0	0	0	0	0
90	MEITp	13	30	30	30	0	0	0	0	0	0	0	0	0	0	0	0	0	0	0
260	MEITp	13	30	30	30	0	0	0	0	0	0	0	0	0	0	0	0	0	0	0
0	MEITp	14	30	30	30	0	0	0	0	0	0	0	0	0	0	0	0	0	0	0
90	MEITp	14	30	30	30	0	0	0	0	0	0	0	0	0	0	0	0	0	0	0
260	MEITp	14	30	30	30	0	0	0	0	0	0	0	0	0	0	0	0	0	0	0
0	MEITp	15	30	30	30	0	0	0	0	0	0	0	0	0	0	0	0	0	0	0
90	MEITp	15	30	30	30	0	0	0	0	0	0	0	0	0	0	0	0	0	0	0
260	MEITp	15	30	30	30	0	0	0	0	0	0	0	0	0	0	0	0	0	0	0
0	MEITp	16	30	30	30	0	0	0	0	0	0	0	0	0	0	0	0	0	0	0
90	MEITp	16	30	30	30	0	0	0	0	0	0	0	0	0	0	0	0	0	0	0
260	MEITp	16	30	30	30	0	0	0	0	0	0	0	0	0	0	0	0	0	0	0
0	MEITp	17	30	30	30	0	0	0	0	0	0	0	0	0	0	0	0	0	0	0
90	MEITp	17	30	30	30	0	0	0	0	0	0	0	0	0	0	0	0	0	0	0
260	MEITp	17	30	30	30	0	0	0	0	0	0	0	0	0	0	0	0	0	0	0
0	MEITp	18	30	30	30	0	0	0	0	0	0	0	0	0	0	0	0	0	0	0
90	MEITp	18	30	30	30	0	0	0	0	0	0	0	0	0	0	0	0	0	0	0
260	MEITp	18	30	30	30	0	0	0	0	0	0	0	0	0	0	0	0	0	0	0
0	MEITp	19	30	30	30	0	0	0	0	0	0	0	0	0	0	0	0	0	0	0
90	MEITp	19	30	30	30	0	0	0	0	0	0	0	0	0	0	0	0	0	0	0
260	MEITp	19	30	30	30	0	0	0	0	0	0	0	0	0	0	0	0	0	0	0
0	MEITp	20	30	30	30	0	0	0	0	0	0	0	0	0	0	0	0	0	0	0
90	MEITp	20	30	30	30	0	0	0	0	0	0	0	0	0	0	0	0	0	0	0
260	MEITp	20	30	30	30	0	0	0	0	0	0	0	0	0	0	0	0	0	0	0
0	MEITp	21	30	30	30	0	0	0	0	0	0	0	0	0	0	0	0	0	0	0
90	MEITp	21	30	30	30	0	0	0	0	0	0	0	0	0	0	0	0	0	0	0
260	MEITp	21	30	30	30	0	0	0	0	0	0	0	0	0	0	0	0	0	0	0
0	MEITp	22	30	30	30	0	0	0	0	0	0	0	0	0	0	0	0	0	0	0
90	MEITp	22	30	30	30	0	0	0	0	0	0	0	0	0	0	0	0	0	0	0
260	MEITp	22	30	30	30	0	0	0	0	0	0	0	0	0	0	0	0	0	0	0
0	MEITp	23	30	30	30	0	0	0	0	0	0	0	0	0	0	0	0	0	0	0
90	MEITp	23	30	30	30	0	0	0	0	0	0	0	0	0	0	0	0	0	0	0
260	MEITp	23	30	30	30	0	0	0	0	0	0	0	0	0	0	0	0	0	0	0
0	MEITp	24	30	30	30	0	0	0	0	0	0	0	0	0	0	0	0	0	0	0
90	MEITp	24	30	30	30	0	0	0	0	0	0	0	0	0	0	0	0	0	0	0
260	MEITp	24	30	30	30	0	0	0	0	0	0	0	0	0	0	0	0	0	0	0
0	MEITp	25	30	30	30	0	0	0	0	0	0	0	0	0	0	0	0	0	0	0
90	MEITp	25	30	30	30	0	0	0	0	0	0	0	0	0	0	0	0	0	0	0
260	MEITp	25	30	30	30	0	0	0	0	0	0	0	0	0	0	0	0	0	0	0
0	MSCIp	1	30	30	30	0	0	0	0	0	0	0	0	0	0	0	0	0	0	0
90	MSCIp	1	30	30	30	0	0	0	0	0	0	0	0	0	0	0	0	0	0	0
260	MSCIp	1	30	30	30	0	0	0	0	0	0	0	0	0	0	0	0	0	0	0
0	MSCIp	2	30	30	30	0	0	0	0	0	0	0	0	0	0	0	0	0	0	0
90	MSCIp	2	30	30	30	0	0	0	0	0	0	0	0	0	0	0	0	0	0	0
260	MSCIp	2	30	30	30	0	0	0	0	0	0	0	0	0	0	0	0	0	0	0
0	MSCIp	3	30	30	30	0	0	0	0	0	0	0	0	0	0	0	0	0	0	0
90	MSCIp	3	30	30	30	0	0	0	0	0	0	0	0	0	0	0	0	0	0	0
260	MSCIp	3	30	30	30	0	0	0	0	0	0	0	0	0	0	0	0	0	0	0
0	MSCIp	4	30	30	30	0	0	0	0	0	0	0	0	0	0	0	0	0	0	0
90	MSCIp	4	30	30	30	0	0	0	0	0	0	0	0	0	0	0	0	0	0	0
260	MSCIp	4	30	30	30	0	0	0	0	0	0	0	0	0	0	0	0	0	0	0
0	MSCIp	5	30	30	30	0	0	0	0	0	0	0	0	0	0	0	0	0	0	0
90	MSCIp	5	30	30	30	0	0	0	0	0	0	0	0	0	0	0	0	0	0	0
260	MSCIp	5	30	30	30	0	0	0	0	0	0	0	0	0	0	0	0	0	0	0
0	MSCIp	6	30	30	30	0	0	0	0	0	0	0	0	0	0	0	0	0	0	0
90	MSCIp	6	30	30	30	0	0	0	0	0	0	0	0	0	0	0	0	0	0	0
260	MSCIp	6	30	30	30	0	0	0	0	0	0	0	0	0	0	0	0	0	0	0
0	MSCIp	7	30	30	30	0	0	0	0	0	0	0	0	0	0	0	0	0	0	0
90	MSCIp	7	30	30	30	0	0	0	0	0	0	0	0	0	0	0	0	0	0	0
260	MSCIp	7	30	30	30	0	0	0	0	0	0	0	0	0	0	0	0	0	0	0
0	MSCIp	8	30	30	30	0	0	0	0	0	0	0	0	0	0	0	0	0	0	0
90	MSCIp	8	30	30	30	0	0	0	0	0	0	0	0	0	0	0	0	0	0	0
260	MSCIp	8	30	30	30	0	0	0	0	0	0	0	0	0	0	0	0	0	0	0
0	MSCIp	9	30	30	30	0	0	0	0	0	0	0	0	0	0	0	0	0	0	0
90	MSCIp	9	30	30	30	0	0	0	0	0	0	0	0	0	0	0	0	0	0	0
260	MSCIp	9	30	30	30	0	0	0	0	0	0	0	0	0	0	0	0	0	0	0
0	MSCIp	10	30	30	30	0	0	0	0	0	0	0	0	0	0	0	0	0	0	0
90	MSCIp	10	30	30	30	0	0	0	0	0	0	0	0	0	0	0	0	0	0	0
260	MSCIp	10	30	30	30	0	0	0	0	0	0	0	0	0	0	0	0	0	0	0
0	MSCIp	11	30	30	30	0	0	0	0	0	0	0	0	0	0	0	0	0	0	0
90	MSCIp	11	30	30	30	0	0	0	0	0	0	0	0	0	0	0	0	0	0	0
260	MSCIp	11	30	30	30	0	0	0	0	0	0	0	0	0	0	0	0	0	0	0
0	MSCIp	12	30	30	30	0	0	0	0	0	0	0	0	0	0	0	0	0	0	0
90	MSCIp	12	30	30	30	0	0	0	0	0	0	0	0	0	0	0	0	0	0	0
260	MSCIp	12	30	30	30	0	0	0	0	0	0	0	0	0	0	0	0	0	0	0
0	MSCIp	13	30	30	30	0	0	0	0	0	0	0	0	0	0	0	0	0	0	0
90	MSCIp	13	30	30	30	0	0	0	0	0	0	0	0	0	0	0	0	0	0	0
260	MSCIp	13	30	30	30	0	0	0	0	0	0	0	0	0	0	0	0	0	0	0
0	MSCIp	14	30	30	30	0	0	0	0	0	0	0	0	0	0	0	0	0	0	0
90	MSCIp	14	30	30	30	0	0	0	0	0	0	0	0	0	0	0	0	0	0	0
260	MSCIp	14	30	30	30	0	0	0	0	0	0	0	0	0	0	0	0	0	0	0
0	MSCIp	15	30	30	30	0	0	0	0	0	0	0	0	0	0	0	0	0	0	0
90	MSCIp	15	30	30	30	0	0	0	0	0	0	0	0	0	0	0	0	0	0	0
260	MSCIp	15	30	30	30	0	0	0	0	0	0	0	0	0	0	0	0	0	0	0
0	MSCIp	16	30	30	30	0	0	0	0	0	0	0	0	0	0	0	0	0	0	0
90	MSCIp	16	30	30	30	0	0	0	0	0	0	0	0	0	0	0	0	0	0	0
260	MSCIp	16	30	30	30	0	0	0	0	0	0	0	0	0	0	0	0	0	0	0
0	MSCIp	17	30	30	30	0	0	0	0	0	0	0	0	0	0	0	0	0	0	0
90	MSCIp	17	30	30	30	0	0	0	0	0	0	0	0	0	0	0	0	0	0	0
260	MSCIp	17	30	30	30	0	0	0	0	0	0	0	0	0	0	0	0	0	0	0
0	MSCIp	18	30	30	30	0	0	0	0	0	0	0	0	0	0	0	0	0	0	0
90	MSCIp	18	30	30	30	0	0	0	0	0	0	0	0	0	0	0	0	0	0	0
260	MSCIp	18	30	30	30	0	0	0	0	0	0	0	0	0	0	0	0	0	0	0
0	MSCIp	19	30	30	30	0	0	0	0	0	0	0	0	0	0	0	0	0	0	0
90	MSCIp	19	30	30	30	0	0	0	0	0	0	0	0	0	0	0	0	0	0	0
260	MSCIp	19	30	30	30	0	0	0	0	0	0	0	0	0	0	0	0	0	0	0
0	MSCIp	20	30	30	30	0	0	0	0	0	0	0	0	0	0	0	0	0	0	0
90	MSCIp	20	30	30	30	0	0	0	0	0	0	0	0	0	0	0	0	0	0	0
260	MSCIp	20	30	30	30	0	0	0	0	0	0	0	0	0	0	0	0	0	0	0
0	MSCIp	21	30	30	30	0	0	0	0	0	0	0	0	0	0	0	0	0	0	0
90	MSCIp	21	30	30	30	0	0	0	0	0	0	0	0	0	0	0	0	0	0	0
260	MSCIp	21	30	30	30	0	0	0	0	0	0	0	0	0	0	0	0	0	0	0
0	MSCIp	22	30	30	30	0	0	0	0	0	0	0	0	0	0	0	0	0	0	0
90	MSCIp	22	30	30	30	0	0	0	0	0	0	0	0	0	0	0	0	0	0	0
260	MSCIp	22	30	30	30	0	0	0	0	0	0	0	0	0	0	0	0	0	0	0
0	MSCIp	23	30	30	30	0	0	0	0	0	0	0	0	0	0	0	0	0	0	0
90	MSCIp	23	30	30	30	0	0	0	0	0	0	0	0	0	0	0	0	0	0	0
260	MSCIp	23	30	30	30	0	0	0	0	0	0	0	0	0	0	0	0	0	0	0
0	MSCIp	24	30	30	30	0	0	0	0	0	0	0	0	0	0	0	0	0	0	0
90	MSCIp	24	30	30	30	0	0	0	0	0	0	0	0	0	0	0	0	0	0	0
260	MSCIp	24	30	30	30	0	0	0	0	0	0	0	0	0	0	0	0	0	0	0
0	MSCIp	25	30	30	30	0	0	0	0	0	0	0	0	0	0	0	0	0	0	0
90	MSCIp	25	30	30	30	0	0	0	0	0	0	0	0	0	0	0	0	0	0	0
260	MSCIp	25	30	30	30	0	0	0	0	0	0	0	0	0	0	0	0	0	0	0
0	MSCTcl1p	1	30	30	30	0	0	0	0	0	0	0	0	0	0	0	0	0	0	0
90	MSCTcl1p	1	30	30	30	0	0	0	0	0	0	0	0	0	0	0	0	0	0	0
260	MSCTcl1p	1	30	30	30	0	0	0	0	0	0	0	0	0	0	0	0	0	0	0
0	MSCTcl1p	2	30	30	30	0	0	0	0	0	0	0	0	0	0	0	0	0	0	0
90	MSCTcl1p	2	30	30	30	0	0	0	0	0	0	0	0	0	0	0	0	0	0	0
260	MSCTcl1p	2	30	30	30	0	0	0	0	0	0	0	0	0	0	0	0	0	0	0
0	MSCTcl1p	3	30	30	30	0	0	0	0	0	0	0	0	0	0	0	0	0	0	0
90	MSCTcl1p	3	30	30	30	0	0	0	0	0	0	0	0	0	0	0	0	0	0	0
260	MSCTcl1p	3	30	30	30	0	0	0	0	0	0	0	0	0	0	0	0	0	0	0
0	MSCTcl1p	4	30	30	30	0	0	0	0	0	0	0	0	0	0	0	0	0	0	0
90	MSCTcl1p	4	30	30	30	0	0	0	0	0	0	0	0	0	0	0	0	0	0	0
260	MSCTcl1p	4	30	30	30	0	0	0	0	0	0	0	0	0	0	0	0	0	0	0
0	MSCTcl1p	5	30	30	30	0	0	0	0	0	0	0	0	0	0	0	0	0	0	0
90	MSCTcl1p	5	30	30	30	0	0	0	0	0	0	0	0	0	0	0	0	0	0	0
260	MSCTcl1p	5	30	30	30	0	0	0	0	0	0	0	0	0	0	0	0	0	0	0
0	MSCTcl1p	6	30	30	30	0	0	0	0	0	0	0	0	0	0	0	0	0	0	0
90	MSCTcl1p	6	30	30	30	0	0	0	0	0	0	0	0	0	0	0	0	0	0	0
260	MSCTcl1p	6	30	30	30	0	0	0	0	0	0	0	0	0	0	0	0	0	0	0
0	MSCTcl1p	7	30	30	30	0	0	0	0	0	0	0	0	0	0	0	0	0	0	0
90	MSCTcl1p	7	30	30	30	0	0	0	0	0	0	0	0	0	0	0	0	0	0	0
260	MSCTcl1p	7	30	30	30	0	0	0	0	0	0	0	0	0	0	0	0	0	0	0
0	MSCTcl1p	8	30	30	30	0	0	0	0	0	0	0	0	0	0	0	0	0	0	0
90	MSCTcl1p	8	30	30	30	0	0	0	0	0	0	0	0	0	0	0	0	0	0	0
260	MSCTcl1p	8	30	30	30	0	0	0	0	0	0	0	0	0	0	0	0	0	0	0
0	MSCTcl1p	9	30	30	30	0	0	0	0	0	0	0	0	0	0	0	0	0	0	0
90	MSCTcl1p	9	30	30	30	0	0	0	0	0	0	0	0	0	0	0	0	0	0	0
260	MSCTcl1p	9	30	30	30	0	0	0	0	0	0	0	0	0	0	0	0	0	0	0
0	MSCTcl1p	10	30	30	30	0	0	0	0	0	0	0	0	0	0	0	0	0	0	0
90	MSCTcl1p	10	30	30	30	0	0	0	0	0	0	0	0	0	0	0	0	0	0	0
260	MSCTcl1p	10	30	30	30	0	0	0	0	0	0	0	0	0	0	0	0	0	0	0
0	MSCTcl1p	11	30	30	30	0	0	0	0	0	0	0	0	0	0	0	0	0	0	0
90	MSCTcl1p	11	30	30	30	0	0	0	0	0	0	0	0	0	0	0	0	0	0	0
260	MSCTcl1p	11	30	30	30	0	0	0	0	0	0	0	0	0	0	0	0	0	0	0
0	MSCTcl1p	12	30	30	30	0	0	0	0	0	0	0	0	0	0	0	0	0	0	0
90	MSCTcl1p	12	30	30	30	0	0	0	0	0	0	0	0	0	0	0	0	0	0	0
260	MSCTcl1p	12	30	30	30	0	0	0	0	0	0	0	0	0	0	0	0	0	0	0
0	MSCTcl1p	13	30	30	30	0	0	0	0	0	0	0	0	0	0	0	0	0	0	0
90	MSCTcl1p	13	30	30	30	0	0	0	0	0	0	0	0	0	0	0	0	0	0	0
260	MSCTcl1p	13	30	30	30	0	0	0	0	0	0	0	0	0	0	0	0	0	0	0
0	MSCTcl1p	14	30	30	30	0	0	0	0	0	0	0	0	0	0	0	0	0	0	0
90	MSCTcl1p	14	30	30	30	0	0	0	0	0	0	0	0	0	0	0	0	0	0	0
260	MSCTcl1p	14	30	30	30	0	0	0	0	0	0	0	0	0	0	0	0	0	0	0
0	MSCTcl1p	15	30	30	30	0	0	0	0	0	0	0	0	0	0	0	0	0	0	0
90	MSCTcl1p	15	30	30	30	0	0	0	0	0	0	0	0	0	0	0	0	0	0	0
260	MSCTcl1p	15	30	30	30	0	0	0	0	0	0	0	0	0	0	0	0	0	0	0
0	MSCTcl1p	16	30	30	30	0	0	0	0	0	0	0	0	0	0	0	0	0	0	0
90	MSCTcl1p	16	30	30	30	0	0	0	0	0	0	0	0	0	0	0	0	0	0	0
260	MSCTcl1p	16	30	30	30	0	0	0	0	0	0	0	0	0	0	0	0	0	0	0
0	MSCTcl1p	17	30	30	30	0	0	0	0	0	0	0	0	0	0	0	0	0	0	0
90	MSCTcl1p	17	30	30	30	0	0	0	0	0	0	0	0	0	0	0	0	0	0	0
260	MSCTcl1p	17	30	30	30	0	0	0	0	0	0	0	0	0	0	0	0	0	0	0
0	MSCTcl1p	18	30	30	30	0	0	0	0	0	0	0	0	0	0	0	0	0	0	0
90	MSCTcl1p	18	30	30	30	0	0	0	0	0	0	0	0	0	0	0	0	0	0	0
260	MSCTcl1p	18	30	30	30	0	0	0	0	0	0	0	0	0	0	0	0	0	0	0
0	MSCTcl1p	19	30	30	30	0	0	0	0	0	0	0	0	0	0	0	0	0	0	0
90	MSCTcl1p	19	30	30	30	0	0	0	0	0	0	0	0	0	0	0	0	0	0	0
260	MSCTcl1p	19	30	30	30	0	0	0	0	0	0	0	0	0	0	0	0	0	0	0
0	MSCTcl1p	20	30	30	30	0	0	0	0	0	0	0	0	0	0	0	0	0	0	0
90	MSCTcl1p	20	30	30	30	0	0	0	0	0	0	0	0	0	0	0	0	0	0	0
260	MSCTcl1p	20	30	30	30	0	0	0	0	0	0	0	0	0	0	0	0	0	0	0
0	MSCTcl1p	21	30	30	30	0	0	0	0	0	0	0	0	0	0	0	0	0	0	0
90	MSCTcl1p	21	30	30	30	0	0	0	0	0	0	0	0	0	0	0	0	0	0	0
260	MSCTcl1p	21	30	30	30	0	0	0	0	0	0	0	0	0	0	0	0	0	0	0
0	MSCTcl1p	22	30	30	30	0	0	0	0	0	0	0	0	0	0	0	0	0	0	0
90	MSCTcl1p	22	30	30	30	0	0	0	0	0	0	0	0	0	0	0	0	0	0	0
260	MSCTcl1p	22	30	30	30	0	0	0	0	0	0	0	0	0	0	0	0	0	0	0
0	MSCTcl1p	23	30	30	30	0	0	0	0	0	0	0	0	0	0	0	0	0	0	0
90	MSCTcl1p	23	30	30	30	0	0	0	0	0	0	0	0	0	0	0	0	0	0	0
260	MSCTcl1p	23	30	30	30	0	0	0	0	0	0	0	0	0	0	0	0	0	0	0
0	MSCTcl1p	24	30	30	30	0	0	0	0	0	0	0	0	0	0	0	0	0	0	0
90	MSCTcl1p	24	30	30	30	0	0	0	0	0	0	0	0	0	0	0	0	0	0	0
260	MSCTcl1p	24	30	30	30	0	0	0	0	0	0	0	0	0	0	0	0	0	0	0
0	MSCTcl1p	25	30	30	30	0	0	0	0	0	0	0	0	0	0	0	0	0	0	0
90	MSCTcl1p	25	30	30	30	0	0	0	0	0	0	0	0	0	0	0	0	0	0	0
260	MSCTcl1p	25	30	30	30	0	0	0	0	0	0	0	0	0	0	0	0	0	0	0
0	MSCTcl2p	1	30	30	30	0	0	0	0	0	0	0	0	0	0	0	0	0	0	0
90	MSCTcl2p	1	30	30	30	0	0	0	0	0	0	0	0	0	0	0	0	0	0	0
260	MSCTcl2p	1	30	30	30	0	0	0	0	0	0	0	0	0	0	0	0	0	0	0
0	MSCTcl2p	2	30	30	30	0	0	0	0	0	0	0	0	0	0	0	0	0	0	0
90	MSCTcl2p	2	30	30	30	0	0	0	0	0	0	0	0	0	0	0	0	0	0	0
260	MSCTcl2p	2	30	30	30	0	0	0	0	0	0	0	0	0	0	0	0	0	0	0
0	MSCTcl2p	3	30	30	30	0	0	0	0	0	0	0	0	0	0	0	0	0	0	0
90	MSCTcl2p	3	30	30	30	0	0	0	0	0	0	0	0	0	0	0	0	0	0	0
260	MSCTcl2p	3	30	30	30	0	0	0	0	0	0	0	0	0	0	0	0	0	0	0
0	MSCTcl2p	4	30	30	30	0	0	0	0	0	0	0	0	0	0	0	0	0	0	0
90	MSCTcl2p	4	30	30	30	0	0	0	0	0	0	0	0	0	0	0	0	0	0	0
260	MSCTcl2p	4	30	30	30	0	0	0	0	0	0	0	0	0	0	0	0	0	0	0
0	MSCTcl2p	5	30	30	30	0	0	0	0	0	0	0	0	0	0	0	0	0	0	0
90	MSCTcl2p	5	30	30	30	0	0	0	0	0	0	0	0	0	0	0	0	0	0	0
260	MSCTcl2p	5	30	30	30	0	0	0	0	0	0	0	0	0	0	0	0	0	0	0
0	MSCTcl2p	6	30	30	30	0	0	0	0	0	0	0	0	0	0	0	0	0	0	0
90	MSCTcl2p	6	30	30	30	0	0	0	0	0	0	0	0	0	0	0	0	0	0	0
260	MSCTcl2p	6	30	30	30	0	0	0	0	0	0	0	0	0	0	0	0	0	0	0
0	MSCTcl2p	7	30	30	30	0	0	0	0	0	0	0	0	0	0	0	0	0	0	0
90	MSCTcl2p	7	30	30	30	0	0	0	0	0	0	0	0	0	0	0	0	0	0	0
260	MSCTcl2p	7	30	30	30	0	0	0	0	0	0	0	0	0	0	0	0	0	0	0
0	MSCTcl2p	8	30	30	30	0	0	0	0	0	0	0	0	0	0	0	0	0	0	0
90	MSCTcl2p	8	30	30	30	0	0	0	0	0	0	0	0	0	0	0	0	0	0	0
260	MSCTcl2p	8	30	30	30	0	0	0	0	0	0	0	0	0	0	0	0	0	0	0
0	MSCTcl2p	9	30	30	30	0	0	0	0	0	0	0	0	0	0	0	0	0	0	0
90	MSCTcl2p	9	30	30	30	0	0	0	0	0	0	0	0	0	0	0	0	0	0	0
260	MSCTcl2p	9	30	30	30	0	0	0	0	0	0	0	0	0	0	0	0	0	0	0
0	MSCTcl2p	10	30	30	30	0	0	0	0	0	0	0	0	0	0	0	0	0	0	0
90	MSCTcl2p	10	30	30	30	0	0	0	0	0	0	0	0	0	0	0	0	0	0	0
260	MSCTcl2p	10	30	30	30	0	0	0	0	0	0	0	0	0	0	0	0	0	0	0
0	MSCTcl2p	11	30	30	30	0	0	0	0	0	0	0	0	0	0	0	0	0	0	0
90	MSCTcl2p	11	30	30	30	0	0	0	0	0	0	0	0	0	0	0	0	0	0	0
260	MSCTcl2p	11	30	30	30	0	0	0	0	0	0	0	0	0	0	0	0	0	0	0
0	MSCTcl2p	12	30	30	30	0	0	0	0	0	0	0	0	0	0	0	0	0	0	0
90	MSCTcl2p	12	30	30	30	0	0	0	0	0	0	0	0	0	0	0	0	0	0	0
260	MSCTcl2p	12	30	30	30	0	0	0	0	0	0	0	0	0	0	0	0	0	0	0
0	MSCTcl2p	13	30	30	30	0	0	0	0	0	0	0	0	0	0	0	0	0	0	0
90	MSCTcl2p	13	30	30	30	0	0	0	0	0	0	0	0	0	0	0	0	0	0	0
260	MSCTcl2p	13	30	30	30	0	0	0	0	0	0	0	0	0	0	0	0	0	0	0
0	MSCTcl2p	14	30	30	30	0	0	0	0	0	0	0	0	0	0	0	0	0	0	0
90	MSCTcl2p	14	30	30	30	0	0	0	0	0	0	0	0	0	0	0	0	0	0	0
260	MSCTcl2p	14	30	30	30	0	0	0	0	0	0	0	0	0	0	0	0	0	0	0
0	MSCTcl2p	15	30	30	30	0	0	0	0	0	0	0	0	0	0	0	0	0	0	0
90	MSCTcl2p	15	30	30	30	0	0	0	0	0	0	0	0	0	0	0	0	0	0	0
260	MSCTcl2p	15	30	30	30	0	0	0	0	0	0	0	0	0	0	0	0	0	0	0
0	MSCTcl2p	16	30	30	30	0	0	0	0	0	0	0	0	0	0	0	0	0	0	0
90	MSCTcl2p	16	30	30	30	0	0	0	0	0	0	0	0	0	0	0	0	0	0	0
260	MSCTcl2p	16	30	30	30	0	0	0	0	0	0	0	0	0	0	0	0	0	0	0
0	MSCTcl2p	17	30	30	30	0	0	0	0	0	0	0	0	0	0	0	0	0	0	0
90	MSCTcl2p	17	30	30	30	0	0	0	0	0	0	0	0	0	0	0	0	0	0	0
260	MSCTcl2p	17	30	30	30	0	0	0	0	0	0	0	0	0	0	0	0	0	0	0
0	MSCTcl2p	18	30	30	30	0	0	0	0	0	0	0	0	0	0	0	0	0	0	0
90	MSCTcl2p	18	30	30	30	0	0	0	0	0	0	0	0	0	0	0	0	0	0	0
260	MSCTcl2p	18	30	30	30	0	0	0	0	0	0	0	0	0	0	0	0	0	0	0
0	MSCTcl2p	19	30	30	30	0	0	0	0	0	0	0	0	0	0	0	0	0	0	0
90	MSCTcl2p	19	30	30	30	0	0	0	0	0	0	0	0	0	0	0	0	0	0	0
260	MSCTcl2p	19	30	30	30	0	0	0	0	0	0	0	0	0	0	0	0	0	0	0
0	MSCTcl2p	20	30	30	30	0	0	0	0	0	0	0	0	0	0	0	0	0	0	0
90	MSCTcl2p	20	30	30	30	0	0	0	0	0	0	0	0	0	0	0	0	0	0	0
260	MSCTcl2p	20	30	30	30	0	0	0	0	0	0	0	0	0	0	0	0	0	0	0
0	MSCTcl2p	21	30	30	30	0	0	0	0	0	0	0	0	0	0	0	0	0	0	0
90	MSCTcl2p	21	30	30	30	0	0	0	0	0	0	0	0	0	0	0	0	0	0	0
260	MSCTcl2p	21	30	30	30	0	0	0	0	0	0	0	0	0	0	0	0	0	0	0
0	MSCTcl2p	22	30	30	30	0	0	0	0	0	0	0	0	0	0	0	0	0	0	0
90	MSCTcl2p	22	30	30	30	0	0	0	0	0	0	0	0	0	0	0	0	0	0	0
260	MSCTcl2p	22	30	30	30	0	0	0	0	0	0	0	0	0	0	0	0	0	0	0
0	MSCTcl2p	23	30	30	30	0	0	0	0	0	0	0	0	0	0	0	0	0	0	0
90	MSCTcl2p	23	30	30	30	0	0	0	0	0	0	0	0	0	0	0	0	0	0	0
260	MSCTcl2p	23	30	30	30	0	0	0	0	0	0	0	0	0	0	0	0	0	0	0
0	MSCTcl2p	24	30	30	30	0	0	0	0	0	0	0	0	0	0	0	0	0	0	0
90	MSCTcl2p	24	30	30	30	0	0	0	0	0	0	0	0	0	0	0	0	0	0	0
260	MSCTcl2p	24	30	30	30	0	0	0	0	0	0	0	0	0	0	0	0	0	0	0
0	MSCTcl2p	25	30	30	30	0	0	0	0	0	0	0	0	0	0	0	0	0	0	0
90	MSCTcl2p	25	30	30	30	0	0	0	0	0	0	0	0	0	0	0	0	0	0	0
260	MSCTcl2p	25	30	30	30	0	0	0	0	0	0	0	0	0	0	0	0	0	0	0
0	MSITcl3p	1	30	30	30	0	0	0	0	0	0	0	0	0	0	0	0	0	0	0
90	MSITcl3p	1	30	30	30	0	0	0	0	0	0	0	0	0	0	0	0	0	0	0
260	MSITcl3p	1	30	30	30	0	0	0	0	0	0	0	0	0	0	0	0	0	0	0
0	MSITcl3p	2	30	30	30	0	0	0	0	0	0	0	0	0	0	0	0	0	0	0
90	MSITcl3p	2	30	30	30	0	0	0	0	0	0	0	0	0	0	0	0	0	0	0
260	MSITcl3p	2	30	30	30	0	0	0	0	0	0	0	0	0	0	0	0	0	0	0
0	MSITcl3p	3	30	30	30	0	0	0	0	0	0	0	0	0	0	0	0	0	0	0
90	MSITcl3p	3	30	30	30	0	0	0	0	0	0	0	0	0	0	0	0	0	0	0
260	MSITcl3p	3	30	30	30	0	0	0	0	0	0	0	0	0	0	0	0	0	0	0
0	MSITcl3p	4	30	30	30	0	0	0	0	0	0	0	0	0	0	0	0	0	0	0
90	MSITcl3p	4	30	30	30	0	0	0	0	0	0	0	0	0	0	0	0	0	0	0
260	MSITcl3p	4	30	30	30	0	0	0	0	0	0	0	0	0	0	0	0	0	0	0
0	MSITcl3p	5	30	30	30	0	0	0	0	0	0	0	0	0	0	0	0	0	0	0
90	MSITcl3p	5	30	30	30	0	0	0	0	0	0	0	0	0	0	0	0	0	0	0
260	MSITcl3p	5	30	30	30	0	0	0	0	0	0	0	0	0	0	0	0	0	0	0
0	MSITcl3p	6	30	30	30	0	0	0	0	0	0	0	0	0	0	0	0	0	0	0
90	MSITcl3p	6	30	30	30	0	0	0	0	0	0	0	0	0	0	0	0	0	0	0
260	MSITcl3p	6	30	30	30	0	0	0	0	0	0	0	0	0	0	0	0	0	0	0
0	MSITcl3p	7	30	30	30	0	0	0	0	0	0	0	0	0	0	0	0	0	0	0
90	MSITcl3p	7	30	30	30	0	0	0	0	0	0	0	0	0	0	0	0	0	0	0
260	MSITcl3p	7	30	30	30	0	0	0	0	0	0	0	0	0	0	0	0	0	0	0
0	MSITcl3p	8	30	30	30	0	0	0	0	0	0	0	0	0	0	0	0	0	0	0
90	MSITcl3p	8	30	30	30	0	0	0	0	0	0	0	0	0	0	0	0	0	0	0
260	MSITcl3p	8	30	30	30	0	0	0	0	0	0	0	0	0	0	0	0	0	0	0
0	MSITcl3p	9	30	30	30	0	0	0	0	0	0	0	0	0	0	0	0	0	0	0
90	MSITcl3p	9	30	30	30	0	0	0	0	0	0	0	0	0	0	0	0	0	0	0
260	MSITcl3p	9	30	30	30	0	0	0	0	0	0	0	0	0	0	0	0	0	0	0
0	MSITcl3p	10	30	30	30	0	0	0	0	0	0	0	0	0	0	0	0	0	0	0
90	MSITcl3p	10	30	30	30	0	0	0	0	0	0	0	0	0	0	0	0	0	0	0
260	MSITcl3p	10	30	30	30	0	0	0	0	0	0	0	0	0	0	0	0	0	0	0
0	MSITcl3p	11	30	30	30	0	0	0	0	0	0	0	0	0	0	0	0	0	0	0
90	MSITcl3p	11	30	30	30	0	0	0	0	0	0	0	0	0	0	0	0	0	0	0
260	MSITcl3p	11	30	30	30	0	0	0	0	0	0	0	0	0	0	0	0	0	0	0
0	MSITcl3p	12	30	30	30	0	0	0	0	0	0	0	0	0	0	0	0	0	0	0
90	MSITcl3p	12	30	30	30	0	0	0	0	0	0	0	0	0	0	0	0	0	0	0
260	MSITcl3p	12	30	30	30	0	0	0	0	0	0	0	0	0	0	0	0	0	0	0
0	MSITcl3p	13	30	30	30	0	0	0	0	0	0	0	0	0	0	0	0	0	0	0
90	MSITcl3p	13	30	30	30	0	0	0	0	0	0	0	0	0	0	0	0	0	0	0
260	MSITcl3p	13	30	30	30	0	0	0	0	0	0	0	0	0	0	0	0	0	0	0
0	MSITcl3p	14	30	30	30	0	0	0	0	0	0	0	0	0	0	0	0	0	0	0
90	MSITcl3p	14	30	30	30	0	0	0	0	0	0	0	0	0	0	0	0	0	0	0
260	MSITcl3p	14	30	30	30	0	0	0	0	0	0	0	0	0	0	0	0	0	0	0
0	MSITcl3p	15	30	30	30	0	0	0	0	0	0	0	0	0	0	0	0	0	0	0
90	MSITcl3p	15	30	30	30	0	0	0	0	0	0	0	0	0	0	0	0	0	0	0
260	MSITcl3p	15	30	30	30	0	0	0	0	0	0	0	0	0	0	0	0	0	0	0
0	MSITcl3p	16	30	30	30	0	0	0	0	0	0	0	0	0	0	0	0	0	0	0
90	MSITcl3p	16	30	30	30	0	0	0	0	0	0	0	0	0	0	0	0	0	0	0
260	MSITcl3p	16	30	30	30	0	0	0	0	0	0	0	0	0	0	0	0	0	0	0
0	MSITcl3p	17	30	30	30	0	0	0	0	0	0	0	0	0	0	0	0	0	0	0
90	MSITcl3p	17	30	30	30	0	0	0	0	0	0	0	0	0	0	0	0	0	0	0
260	MSITcl3p	17	30	30	30	0	0	0	0	0	0	0	0	0	0	0	0	0	0	0
0	MSITcl3p	18	30	30	30	0	0	0	0	0	0	0	0	0	0	0	0	0	0	0
90	MSITcl3p	18	30	30	30	0	0	0	0	0	0	0	0	0	0	0	0	0	0	0
260	MSITcl3p	18	30	30	30	0	0	0	0	0	0	0	0	0	0	0	0	0	0	0
0	MSITcl3p	19	30	30	30	0	0	0	0	0	0	0	0	0	0	0	0	0	0	0
90	MSITcl3p	19	30	30	30	0	0	0	0	0	0	0	0	0	0	0	0	0	0	0
260	MSITcl3p	19	30	30	30	0	0	0	0	0	0	0	0	0	0	0	0	0	0	0
0	MSITcl3p	20	30	30	30	0	0	0	0	0	0	0	0	0	0	0	0	0	0	0
90	MSITcl3p	20	30	30	30	0	0	0	0	0	0	0	0	0	0	0	0	0	0	0
260	MSITcl3p	20	30	30	30	0	0	0	0	0	0	0	0	0	0	0	0	0	0	0
0	MSITcl3p	21	30	30	30	0	0	0	0	0	0	0	0	0	0	0	0	0	0	0
90	MSITcl3p	21	30	30	30	0	0	0	0	0	0	0	0	0	0	0	0	0	0	0
260	MSITcl3p	21	30	30	30	0	0	0	0	0	0	0	0	0	0	0	0	0	0	0
0	MSITcl3p	22	30	30	30	0	0	0	0	0	0	0	0	0	0	0	0	0	0	0
90	MSITcl3p	22	30	30	30	0	0	0	0	0	0	0	0	0	0	0	0	0	0	0
260	MSITcl3p	22	30	30	30	0	0	0	0	0	0	0	0	0	0	0	0	0	0	0
0	MSITcl3p	23	30	30	30	0	0	0	0	0	0	0	0	0	0	0	0	0	0	0
90	MSITcl3p	23	30	30	30	0	0	0	0	0	0	0	0	0	0	0	0	0	0	0
260	MSITcl3p	23	30	30	30	0	0	0	0	0	0	0	0	0	0	0	0	0	0	0
0	MSITcl3p	24	30	30	30	0	0	0	0	0	0	0	0	0	0	0	0	0	0	0
90	MSITcl3p	24	30	30	30	0	0	0	0	0	0	0	0	0	0	0	0	0	0	0
260	MSITcl3p	24	30	30	30	0	0	0	0	0	0	0	0	0	0	0	0	0	0	0
0	MSITcl3p	25	30	30	30	0	0	0	0	0	0	0	0	0	0	0	0	0	0	0
90	MSITcl3p	25	30	30	30	0	0	0	0	0	0	0	0	0	0	0	0	0	0	0
260	MSITcl3p	25	30	30	30	0	0	0	0	0	0	0	0	0	0	0	0	0	0	0
0	MSITcl4p	1	30	30	30	0	0	0	0	0	0	0	0	0	0	0	0	0	0	0
90	MSITcl4p	1	30	30	30	0	0	0	0	0	0	0	0	0	0	0	0	0	0	0
260	MSITcl4p	1	30	30	30	0	0	0	0	0	0	0	0	0	0	0	0	0	0	0
0	MSITcl4p	2	30	30	30	0	0	0	0	0	0	0	0	0	0	0	0	0	0	0
90	MSITcl4p	2	30	30	30	0	0	0	0	0	0	0	0	0	0	0	0	0	0	0
260	MSITcl4p	2	30	30	30	0	0	0	0	0	0	0	0	0	0	0	0	0	0	0
0	MSITcl4p	3	30	30	30	0	0	0	0	0	0	0	0	0	0	0	0	0	0	0
90	MSITcl4p	3	30	30	30	0	0	0	0	0	0	0	0	0	0	0	0	0	0	0
260	MSITcl4p	3	30	30	30	0	0	0	0	0	0	0	0	0	0	0	0	0	0	0
0	MSITcl4p	4	30	30	30	0	0	0	0	0	0	0	0	0	0	0	0	0	0	0
90	MSITcl4p	4	30	30	30	0	0	0	0	0	0	0	0	0	0	0	0	0	0	0
260	MSITcl4p	4	30	30	30	0	0	0	0	0	0	0	0	0	0	0	0	0	0	0
0	MSITcl4p	5	30	30	30	0	0	0	0	0	0	0	0	0	0	0	0	0	0	0
90	MSITcl4p	5	30	30	30	0	0	0	0	0	0	0	0	0	0	0	0	0	0	0
260	MSITcl4p	5	30	30	30	0	0	0	0	0	0	0	0	0	0	0	0	0	0	0
0	MSITcl4p	6	30	30	30	0	0	0	0	0	0	0	0	0	0	0	0	0	0	0
90	MSITcl4p	6	30	30	30	0	0	0	0	0	0	0	0	0	0	0	0	0	0	0
260	MSITcl4p	6	30	30	30	0	0	0	0	0	0	0	0	0	0	0	0	0	0	0
0	MSITcl4p	7	30	30	30	0	0	0	0	0	0	0	0	0	0	0	0	0	0	0
90	MSITcl4p	7	30	30	30	0	0	0	0	0	0	0	0	0	0	0	0	0	0	0
260	MSITcl4p	7	30	30	30	0	0	0	0	0	0	0	0	0	0	0	0	0	0	0
0	MSITcl4p	8	30	30	30	0	0	0	0	0	0	0	0	0	0	0	0	0	0	0
90	MSITcl4p	8	30	30	30	0	0	0	0	0	0	0	0	0	0	0	0	0	0	0
260	MSITcl4p	8	30	30	30	0	0	0	0	0	0	0	0	0	0	0	0	0	0	0
0	MSITcl4p	9	30	30	30	0	0	0	0	0	0	0	0	0	0	0	0	0	0	0
90	MSITcl4p	9	30	30	30	0	0	0	0	0	0	0	0	0	0	0	0	0	0	0
260	MSITcl4p	9	30	30	30	0	0	0	0	0	0	0	0	0	0	0	0	0	0	0
0	MSITcl4p	10	30	30	30	0	0	0	0	0	0	0	0	0	0	0	0	0	0	0
90	MSITcl4p	10	30	30	30	0	0	0	0	0	0	0	0	0	0	0	0	0	0	0
260	MSITcl4p	10	30	30	30	0	0	0	0	0	0	0	0	0	0	0	0	0	0	0
0	MSITcl4p	11	30	30	30	0	0	0	0	0	0	0	0	0	0	0	0	0	0	0
90	MSITcl4p	11	30	30	30	0	0	0	0	0	0	0	0	0	0	0	0	0	0	0
260	MSITcl4p	11	30	30	30	0	0	0	0	0	0	0	0	0	0	0	0	0	0	0
0	MSITcl4p	12	30	30	30	0	0	0	0	0	0	0	0	0	0	0	0	0	0	0
90	MSITcl4p	12	30	30	30	0	0	0	0	0	0	0	0	0	0	0	0	0	0	0
260	MSITcl4p	12	30	30	30	0	0	0	0	0	0	0	0	0	0	0	0	0	0	0
0	MSITcl4p	13	30	30	30	0	0	0	0	0	0	0	0	0	0	0	0	0	0	0
90	MSITcl4p	13	30	30	30	0	0	0	0	0	0	0	0	0	0	0	0	0	0	0
260	MSITcl4p	13	30	30	30	0	0	0	0	0	0	0	0	0	0	0	0	0	0	0
0	MSITcl4p	14	30	30	30	0	0	0	0	0	0	0	0	0	0	0	0	0	0	0
90	MSITcl4p	14	30	30	30	0	0	0	0	0	0	0	0	0	0	0	0	0	0	0
260	MSITcl4p	14	30	30	30	0	0	0	0	0	0	0	0	0	0	0	0	0	0	0
0	MSITcl4p	15	30	30	30	0	0	0	0	0	0	0	0	0	0	0	0	0	0	0
90	MSITcl4p	15	30	30	30	0	0	0	0	0	0	0	0	0	0	0	0	0	0	0
260	MSITcl4p	15	30	30	30	0	0	0	0	0	0	0	0	0	0	0	0	0	0	0
0	MSITcl4p	16	30	30	30	0	0	0	0	0	0	0	0	0	0	0	0	0	0	0
90	MSITcl4p	16	30	30	30	0	0	0	0	0	0	0	0	0	0	0	0	0	0	0
260	MSITcl4p	16	30	30	30	0	0	0	0	0	0	0	0	0	0	0	0	0	0	0
0	MSITcl4p	17	30	30	30	0	0	0	0	0	0	0	0	0	0	0	0	0	0	0
90	MSITcl4p	17	30	30	30	0	0	0	0	0	0	0	0	0	0	0	0	0	0	0
260	MSITcl4p	17	30	30	30	0	0	0	0	0	0	0	0	0	0	0	0	0	0	0
0	MSITcl4p	18	30	30	30	0	0	0	0	0	0	0	0	0	0	0	0	0	0	0
90	MSITcl4p	18	30	30	30	0	0	0	0	0	0	0	0	0	0	0	0	0	0	0
260	MSITcl4p	18	30	30	30	0	0	0	0	0	0	0	0	0	0	0	0	0	0	0
0	MSITcl4p	19	30	30	30	0	0	0	0	0	0	0	0	0	0	0	0	0	0	0
90	MSITcl4p	19	30	30	30	0	0	0	0	0	0	0	0	0	0	0	0	0	0	0
260	MSITcl4p	19	30	30	30	0	0	0	0	0	0	0	0	0	0	0	0	0	0	0
0	MSITcl4p	20	30	30	30	0	0	0	0	0	0	0	0	0	0	0	0	0	0	0
90	MSITcl4p	20	30	30	30	0	0	0	0	0	0	0	0	0	0	0	0	0	0	0
260	MSITcl4p	20	30	30	30	0	0	0	0	0	0	0	0	0	0	0	0	0	0	0
0	MSITcl4p	21	30	30	30	0	0	0	0	0	0	0	0	0	0	0	0	0	0	0
90	MSITcl4p	21	30	30	30	0	0	0	0	0	0	0	0	0	0	0	0	0	0	0
260	MSITcl4p	21	30	30	30	0	0	0	0	0	0	0	0	0	0	0	0	0	0	0
0	MSITcl4p	22	30	30	30	0	0	0	0	0	0	0	0	0	0	0	0	0	0	0
90	MSITcl4p	22	30	30	30	0	0	0	0	0	0	0	0	0	0	0	0	0	0	0
260	MSITcl4p	22	30	30	30	0	0	0	0	0	0	0	0	0	0	0	0	0	0	0
0	MSITcl4p	23	30	30	30	0	0	0	0	0	0	0	0	0	0	0	0	0	0	0
90	MSITcl4p	23	30	30	30	0	0	0	0	0	0	0	0	0	0	0	0	0	0	0
260	MSITcl4p	23	30	30	30	0	0	0	0	0	0	0	0	0	0	0	0	0	0	0
0	MSITcl4p	24	30	30	30	0	0	0	0	0	0	0	0	0	0	0	0	0	0	0
90	MSITcl4p	24	30	30	30	0	0	0	0	0	0	0	0	0	0	0	0	0	0	0
260	MSITcl4p	24	30	30	30	0	0	0	0	0	0	0	0	0	0	0	0	0	0	0
0	MSITcl4p	25	30	30	30	0	0	0	0	0	0	0	0	0	0	0	0	0	0	0
90	MSITcl4p	25	30	30	30	0	0	0	0	0	0	0	0	0	0	0	0	0	0	0
260	MSITcl4p	25	30	30	30	0	0	0	0	0	0	0	0	0	0	0	0	0	0	0
0	SECTcl3p	1	30	30	30	0	0	0	0	0	0	0	0	0	0	0	0	0	0	0
90	SECTcl3p	1	30	30	30	0	0	0	0	0	0	0	0	0	0	0	0	0	0	0
260	SECTcl3p	1	30	30	30	0	0	0	0	0	0	0	0	0	0	0	0	0	0	0
0	SECTcl3p	2	30	30	30	0	0	0	0	0	0	0	0	0	0	0	0	0	0	0
90	SECTcl3p	2	30	30	30	0	0	0	0	0	0	0	0	0	0	0	0	0	0	0
260	SECTcl3p	2	30	30	30	0	0	0	0	0	0	0	0	0	0	0	0	0	0	0
0	SECTcl3p	3	30	30	30	0	0	0	0	0	0	0	0	0	0	0	0	0	0	0
90	SECTcl3p	3	30	30	30	0	0	0	0	0	0	0	0	0	0	0	0	0	0	0
260	SECTcl3p	3	30	30	30	0	0	0	0	0	0	0	0	0	0	0	0	0	0	0
0	SECTcl3p	4	30	30	30	0	0	0	0	0	0	0	0	0	0	0	0	0	0	0
90	SECTcl3p	4	30	30	30	0	0	0	0	0	0	0	0	0	0	0	0	0	0	0
260	SECTcl3p	4	30	30	30	0	0	0	0	0	0	0	0	0	0	0	0	0	0	0
0	SECTcl3p	5	30	30	30	0	0	0	0	0	0	0	0	0	0	0	0	0	0	0
90	SECTcl3p	5	30	30	30	0	0	0	0	0	0	0	0	0	0	0	0	0	0	0
260	SECTcl3p	5	30	30	30	0	0	0	0	0	0	0	0	0	0	0	0	0	0	0
0	SECTcl3p	6	30	30	30	0	0	0	0	0	0	0	0	0	0	0	0	0	0	0
90	SECTcl3p	6	30	30	30	0	0	0	0	0	0	0	0	0	0	0	0	0	0	0
260	SECTcl3p	6	30	30	30	0	0	0	0	0	0	0	0	0	0	0	0	0	0	0
0	SECTcl3p	7	30	30	30	0	0	0	0	0	0	0	0	0	0	0	0	0	0	0
90	SECTcl3p	7	30	30	30	0	0	0	0	0	0	0	0	0	0	0	0	0	0	0
260	SECTcl3p	7	30	30	30	0	0	0	0	0	0	0	0	0	0	0	0	0	0	0
0	SECTcl3p	8	30	30	30	0	0	0	0	0	0	0	0	0	0	0	0	0	0	0
90	SECTcl3p	8	30	30	30	0	0	0	0	0	0	0	0	0	0	0	0	0	0	0
260	SECTcl3p	8	30	30	30	0	0	0	0	0	0	0	0	0	0	0	0	0	0	0
0	SECTcl3p	9	30	30	30	0	0	0	0	0	0	0	0	0	0	0	0	0	0	0
90	SECTcl3p	9	30	30	30	0	0	0	0	0	0	0	0	0	0	0	0	0	0	0
260	SECTcl3p	9	30	30	30	0	0	0	0	0	0	0	0	0	0	0	0	0	0	0
0	SECTcl3p	10	30	30	30	0	0	0	0	0	0	0	0	0	0	0	0	0	0	0
90	SECTcl3p	10	30	30	30	0	0	0	0	0	0	0	0	0	0	0	0	0	0	0
260	SECTcl3p	10	30	30	30	0	0	0	0	0	0	0	0	0	0	0	0	0	0	0
0	SECTcl3p	11	30	30	30	0	0	0	0	0	0	0	0	0	0	0	0	0	0	0
90	SECTcl3p	11	30	30	30	0	0	0	0	0	0	0	0	0	0	0	0	0	0	0
260	SECTcl3p	11	30	30	30	0	0	0	0	0	0	0	0	0	0	0	0	0	0	0
0	SECTcl3p	12	30	30	30	0	0	0	0	0	0	0	0	0	0	0	0	0	0	0
90	SECTcl3p	12	30	30	30	0	0	0	0	0	0	0	0	0	0	0	0	0	0	0
260	SECTcl3p	12	30	30	30	0	0	0	0	0	0	0	0	0	0	0	0	0	0	0
0	SECTcl3p	13	30	30	30	0	0	0	0	0	0	0	0	0	0	0	0	0	0	0
90	SECTcl3p	13	30	30	30	0	0	0	0	0	0	0	0	0	0	0	0	0	0	0
260	SECTcl3p	13	30	30	30	0	0	0	0	0	0	0	0	0	0	0	0	0	0	0
0	SECTcl3p	14	30	30	30	0	0	0	0	0	0	0	0	0	0	0	0	0	0	0
90	SECTcl3p	14	30	30	30	0	0	0	0	0	0	0	0	0	0	0	0	0	0	0
260	SECTcl3p	14	30	30	30	0	0	0	0	0	0	0	0	0	0	0	0	0	0	0
0	SECTcl3p	15	30	30	30	0	0	0	0	0	0	0	0	0	0	0	0	0	0	0
90	SECTcl3p	15	30	30	30	0	0	0	0	0	0	0	0	0	0	0	0	0	0	0
260	SECTcl3p	15	30	30	30	0	0	0	0	0	0	0	0	0	0	0	0	0	0	0
0	SECTcl3p	16	30	30	30	0	0	0	0	0	0	0	0	0	0	0	0	0	0	0
90	SECTcl3p	16	30	30	30	0	0	0	0	0	0	0	0	0	0	0	0	0	0	0
260	SECTcl3p	16	30	30	30	0	0	0	0	0	0	0	0	0	0	0	0	0	0	0
0	SECTcl3p	17	30	30	30	0	0	0	0	0	0	0	0	0	0	0	0	0	0	0
90	SECTcl3p	17	30	30	30	0	0	0	0	0	0	0	0	0	0	0	0	0	0	0
260	SECTcl3p	17	30	30	30	0	0	0	0	0	0	0	0	0	0	0	0	0	0	0
0	SECTcl3p	18	30	30	30	0	0	0	0	0	0	0	0	0	0	0	0	0	0	0
90	SECTcl3p	18	30	30	30	0	0	0	0	0	0	0	0	0	0	0	0	0	0	0
260	SECTcl3p	18	30	30	30	0	0	0	0	0	0	0	0	0	0	0	0	0	0	0
0	SECTcl3p	19	30	30	30	0	0	0	0	0	0	0	0	0	0	0	0	0	0	0
90	SECTcl3p	19	30	30	30	0	0	0	0	0	0	0	0	0	0	0	0	0	0	0
260	SECTcl3p	19	30	30	30	0	0	0	0	0	0	0	0	0	0	0	0	0	0	0
0	SECTcl3p	20	30	30	30	0	0	0	0	0	0	0	0	0	0	0	0	0	0	0
90	SECTcl3p	20	30	30	30	0	0	0	0	0	0	0	0	0	0	0	0	0	0	0
260	SECTcl3p	20	30	30	30	0	0	0	0	0	0	0	0	0	0	0	0	0	0	0
0	SECTcl3p	21	30	30	30	0	0	0	0	0	0	0	0	0	0	0	0	0	0	0
90	SECTcl3p	21	30	30	30	0	0	0	0	0	0	0	0	0	0	0	0	0	0	0
260	SECTcl3p	21	30	30	30	0	0	0	0	0	0	0	0	0	0	0	0	0	0	0
0	SECTcl3p	22	30	30	30	0	0	0	0	0	0	0	0	0	0	0	0	0	0	0
90	SECTcl3p	22	30	30	30	0	0	0	0	0	0	0	0	0	0	0	0	0	0	0
260	SECTcl3p	22	30	30	30	0	0	0	0	0	0	0	0	0	0	0	0	0	0	0
0	SECTcl3p	23	30	30	30	0	0	0	0	0	0	0	0	0	0	0	0	0	0	0
90	SECTcl3p	23	30	30	30	0	0	0	0	0	0	0	0	0	0	0	0	0	0	0
260	SECTcl3p	23	30	30	30	0	0	0	0	0	0	0	0	0	0	0	0	0	0	0
0	SECTcl3p	24	30	30	30	0	0	0	0	0	0	0	0	0	0	0	0	0	0	0
90	SECTcl3p	24	30	30	30	0	0	0	0	0	0	0	0	0	0	0	0	0	0	0
260	SECTcl3p	24	30	30	30	0	0	0	0	0	0	0	0	0	0	0	0	0	0	0
0	SECTcl3p	25	30	30	30	0	0	0	0	0	0	0	0	0	0	0	0	0	0	0
90	SECTcl3p	25	30	30	30	0	0	0	0	0	0	0	0	0	0	0	0	0	0	0
260	SECTcl3p	25	30	30	30	0	0	0	0	0	0	0	0	0	0	0	0	0	0	0
0	SECTp	1	30	30	30	0	0	0	0	0	0	0	0	0	0	0	0	0	0	0
90	SECTp	1	30	30	30	0	0	0	0	0	0	0	0	0	0	0	0	0	0	0
260	SECTp	1	30	30	30	0	0	0	0	0	0	0	0	0	0	0	0	0	0	0
0	SECTp	2	30	30	30	0	0	0	0	0	0	0	0	0	0	0	0	0	0	0
90	SECTp	2	30	30	30	0	0	0	0	0	0	0	0	0	0	0	0	0	0	0
260	SECTp	2	30	30	30	0	0	0	0	0	0	0	0	0	0	0	0	0	0	0
0	SECTp	3	30	30	30	0	0	0	0	0	0	0	0	0	0	0	0	0	0	0
90	SECTp	3	30	30	30	0	0	0	0	0	0	0	0	0	0	0	0	0	0	0
260	SECTp	3	30	30	30	0	0	0	0	0	0	0	0	0	0	0	0	0	0	0
0	SECTp	4	30	30	30	0	0	0	0	0	0	0	0	0	0	0	0	0	0	0
90	SECTp	4	30	30	30	0	0	0	0	0	0	0	0	0	0	0	0	0	0	0
260	SECTp	4	30	30	30	0	0	0	0	0	0	0	0	0	0	0	0	0	0	0
0	SECTp	5	30	30	30	0	0	0	0	0	0	0	0	0	0	0	0	0	0	0
90	SECTp	5	30	30	30	0	0	0	0	0	0	0	0	0	0	0	0	0	0	0
260	SECTp	5	30	30	30	0	0	0	0	0	0	0	0	0	0	0	0	0	0	0
0	SECTp	6	30	30	30	0	0	0	0	0	0	0	0	0	0	0	0	0	0	0
90	SECTp	6	30	30	30	0	0	0	0	0	0	0	0	0	0	0	0	0	0	0
260	SECTp	6	30	30	30	0	0	0	0	0	0	0	0	0	0	0	0	0	0	0
0	SECTp	7	30	30	30	0	0	0	0	0	0	0	0	0	0	0	0	0	0	0
90	SECTp	7	30	30	30	0	0	0	0	0	0	0	0	0	0	0	0	0	0	0
260	SECTp	7	30	30	30	0	0	0	0	0	0	0	0	0	0	0	0	0	0	0
0	SECTp	8	30	30	30	0	0	0	0	0	0	0	0	0	0	0	0	0	0	0
90	SECTp	8	30	30	30	0	0	0	0	0	0	0	0	0	0	0	0	0	0	0
260	SECTp	8	30	30	30	0	0	0	0	0	0	0	0	0	0	0	0	0	0	0
0	SECTp	9	30	30	30	0	0	0	0	0	0	0	0	0	0	0	0	0	0	0
90	SECTp	9	30	30	30	0	0	0	0	0	0	0	0	0	0	0	0	0	0	0
260	SECTp	9	30	30	30	0	0	0	0	0	0	0	0	0	0	0	0	0	0	0
0	SECTp	10	30	30	30	0	0	0	0	0	0	0	0	0	0	0	0	0	0	0
90	SECTp	10	30	30	30	0	0	0	0	0	0	0	0	0	0	0	0	0	0	0
260	SECTp	10	30	30	30	0	0	0	0	0	0	0	0	0	0	0	0	0	0	0
0	SECTp	11	30	30	30	0	0	0	0	0	0	0	0	0	0	0	0	0	0	0
90	SECTp	11	30	30	30	0	0	0	0	0	0	0	0	0	0	0	0	0	0	0
260	SECTp	11	30	30	30	0	0	0	0	0	0	0	0	0	0	0	0	0	0	0
0	SECTp	12	30	30	30	0	0	0	0	0	0	0	0	0	0	0	0	0	0	0
90	SECTp	12	30	30	30	0	0	0	0	0	0	0	0	0	0	0	0	0	0	0
260	SECTp	12	30	30	30	0	0	0	0	0	0	0	0	0	0	0	0	0	0	0
0	SECTp	13	30	30	30	0	0	0	0	0	0	0	0	0	0	0	0	0	0	0
90	SECTp	13	30	30	30	0	0	0	0	0	0	0	0	0	0	0	0	0	0	0
260	SECTp	13	30	30	30	0	0	0	0	0	0	0	0	0	0	0	0	0	0	0
0	SECTp	14	30	30	30	0	0	0	0	0	0	0	0	0	0	0	0	0	0	0
90	SECTp	14	30	30	30	0	0	0	0	0	0	0	0	0	0	0	0	0	0	0
260	SECTp	14	30	30	30	0	0	0	0	0	0	0	0	0	0	0	0	0	0	0
0	SECTp	15	30	30	30	0	0	0	0	0	0	0	0	0	0	0	0	0	0	0
90	SECTp	15	30	30	30	0	0	0	0	0	0	0	0	0	0	0	0	0	0	0
260	SECTp	15	30	30	30	0	0	0	0	0	0	0	0	0	0	0	0	0	0	0
0	SECTp	16	30	30	30	0	0	0	0	0	0	0	0	0	0	0	0	0	0	0
90	SECTp	16	30	30	30	0	0	0	0	0	0	0	0	0	0	0	0	0	0	0
260	SECTp	16	30	30	30	0	0	0	0	0	0	0	0	0	0	0	0	0	0	0
0	SECTp	17	30	30	30	0	0	0	0	0	0	0	0	0	0	0	0	0	0	0
90	SECTp	17	30	30	30	0	0	0	0	0	0	0	0	0	0	0	0	0	0	0
260	SECTp	17	30	30	30	0	0	0	0	0	0	0	0	0	0	0	0	0	0	0
0	SECTp	18	30	30	30	0	0	0	0	0	0	0	0	0	0	0	0	0	0	0
90	SECTp	18	30	30	30	0	0	0	0	0	0	0	0	0	0	0	0	0	0	0
260	SECTp	18	30	30	30	0	0	0	0	0	0	0	0	0	0	0	0	0	0	0
0	SECTp	19	30	30	30	0	0	0	0	0	0	0	0	0	0	0	0	0	0	0
90	SECTp	19	30	30	30	0	0	0	0	0	0	0	0	0	0	0	0	0	0	0
260	SECTp	19	30	30	30	0	0	0	0	0	0	0	0	0	0	0	0	0	0	0
0	SECTp	20	30	30	30	0	0	0	0	0	0	0	0	0	0	0	0	0	0	0
90	SECTp	20	30	30	30	0	0	0	0	0	0	0	0	0	0	0	0	0	0	0
260	SECTp	20	30	30	30	0	0	0	0	0	0	0	0	0	0	0	0	0	0	0
0	SECTp	21	30	30	30	0	0	0	0	0	0	0	0	0	0	0	0	0	0	0
90	SECTp	21	30	30	30	0	0	0	0	0	0	0	0	0	0	0	0	0	0	0
260	SECTp	21	30	30	30	0	0	0	0	0	0	0	0	0	0	0	0	0	0	0
0	SECTp	22	30	30	30	0	0	0	0	0	0	0	0	0	0	0	0	0	0	0
90	SECTp	22	30	30	30	0	0	0	0	0	0	0	0	0	0	0	0	0	0	0
260	SECTp	22	30	30	30	0	0	0	0	0	0	0	0	0	0	0	0	0	0	0
0	SECTp	23	30	30	30	0	0	0	0	0	0	0	0	0	0	0	0	0	0	0
90	SECTp	23	30	30	30	0	0	0	0	0	0	0	0	0	0	0	0	0	0	0
260	SECTp	23	30	30	30	0	0	0	0	0	0	0	0	0	0	0	0	0	0	0
0	SECTp	24	30	30	30	0	0	0	0	0	0	0	0	0	0	0	0	0	0	0
90	SECTp	24	30	30	30	0	0	0	0	0	0	0	0	0	0	0	0	0	0	0
260	SECTp	24	30	30	30	0	0	0	0	0	0	0	0	0	0	0	0	0	0	0
0	SECTp	25	30	30	30	0	0	0	0	0	0	0	0	0	0	0	0	0	0	0
90	SECTp	25	30	30	30	0	0	0	0	0	0	0	0	0	0	0	0	0	0	0
260	SECTp	25	30	30	30	0	0	0	0	0	0	0	0	0	0	0	0	0	0	0
0	SEITcl1p	1	30	30	30	0	0	0	0	0	0	0	0	0	0	0	0	0	0	0
90	SEITcl1p	1	30	30	30	0	0	0	0	0	0	0	0	0	0	0	0	0	0	0
260	SEITcl1p	1	30	30	30	0	0	0	0	0	0	0	0	0	0	0	0	0	0	0
0	SEITcl1p	2	30	30	30	0	0	0	0	0	0	0	0	0	0	0	0	0	0	0
90	SEITcl1p	2	30	30	30	0	0	0	0	0	0	0	0	0	0	0	0	0	0	0
260	SEITcl1p	2	30	30	30	0	0	0	0	0	0	0	0	0	0	0	0	0	0	0
0	SEITcl1p	3	30	30	30	0	0	0	0	0	0	0	0	0	0	0	0	0	0	0
90	SEITcl1p	3	30	30	30	0	0	0	0	0	0	0	0	0	0	0	0	0	0	0
260	SEITcl1p	3	30	30	30	0	0	0	0	0	0	0	0	0	0	0	0	0	0	0
0	SEITcl1p	4	30	30	30	0	0	0	0	0	0	0	0	0	0	0	0	0	0	0
90	SEITcl1p	4	30	30	30	0	0	0	0	0	0	0	0	0	0	0	0	0	0	0
260	SEITcl1p	4	30	30	30	0	0	0	0	0	0	0	0	0	0	0	0	0	0	0
0	SEITcl1p	5	30	30	30	0	0	0	0	0	0	0	0	0	0	0	0	0	0	0
90	SEITcl1p	5	30	30	30	0	0	0	0	0	0	0	0	0	0	0	0	0	0	0
260	SEITcl1p	5	30	30	30	0	0	0	0	0	0	0	0	0	0	0	0	0	0	0
0	SEITcl1p	6	30	30	30	0	0	0	0	0	0	0	0	0	0	0	0	0	0	0
90	SEITcl1p	6	30	30	30	0	0	0	0	0	0	0	0	0	0	0	0	0	0	0
260	SEITcl1p	6	30	30	30	0	0	0	0	0	0	0	0	0	0	0	0	0	0	0
0	SEITcl1p	7	30	30	30	0	0	0	0	0	0	0	0	0	0	0	0	0	0	0
90	SEITcl1p	7	30	30	30	0	0	0	0	0	0	0	0	0	0	0	0	0	0	0
260	SEITcl1p	7	30	30	30	0	0	0	0	0	0	0	0	0	0	0	0	0	0	0
0	SEITcl1p	8	30	30	30	0	0	0	0	0	0	0	0	0	0	0	0	0	0	0
90	SEITcl1p	8	30	30	30	0	0	0	0	0	0	0	0	0	0	0	0	0	0	0
260	SEITcl1p	8	30	30	30	0	0	0	0	0	0	0	0	0	0	0	0	0	0	0
0	SEITcl1p	9	30	30	30	0	0	0	0	0	0	0	0	0	0	0	0	0	0	0
90	SEITcl1p	9	30	30	30	0	0	0	0	0	0	0	0	0	0	0	0	0	0	0
260	SEITcl1p	9	30	30	30	0	0	0	0	0	0	0	0	0	0	0	0	0	0	0
0	SEITcl1p	10	30	30	30	0	0	0	0	0	0	0	0	0	0	0	0	0	0	0
90	SEITcl1p	10	30	30	30	0	0	0	0	0	0	0	0	0	0	0	0	0	0	0
260	SEITcl1p	10	30	30	30	0	0	0	0	0	0	0	0	0	0	0	0	0	0	0
0	SEITcl1p	11	30	30	30	0	0	0	0	0	0	0	0	0	0	0	0	0	0	0
90	SEITcl1p	11	30	30	30	0	0	0	0	0	0	0	0	0	0	0	0	0	0	0
260	SEITcl1p	11	30	30	30	0	0	0	0	0	0	0	0	0	0	0	0	0	0	0
0	SEITcl1p	12	30	30	30	0	0	0	0	0	0	0	0	0	0	0	0	0	0	0
90	SEITcl1p	12	30	30	30	0	0	0	0	0	0	0	0	0	0	0	0	0	0	0
260	SEITcl1p	12	30	30	30	0	0	0	0	0	0	0	0	0	0	0	0	0	0	0
0	SEITcl1p	13	30	30	30	0	0	0	0	0	0	0	0	0	0	0	0	0	0	0
90	SEITcl1p	13	30	30	30	0	0	0	0	0	0	0	0	0	0	0	0	0	0	0
260	SEITcl1p	13	30	30	30	0	0	0	0	0	0	0	0	0	0	0	0	0	0	0
0	SEITcl1p	14	30	30	30	0	0	0	0	0	0	0	0	0	0	0	0	0	0	0
90	SEITcl1p	14	30	30	30	0	0	0	0	0	0	0	0	0	0	0	0	0	0	0
260	SEITcl1p	14	30	30	30	0	0	0	0	0	0	0	0	0	0	0	0	0	0	0
0	SEITcl1p	15	30	30	30	0	0	0	0	0	0	0	0	0	0	0	0	0	0	0
90	SEITcl1p	15	30	30	30	0	0	0	0	0	0	0	0	0	0	0	0	0	0	0
260	SEITcl1p	15	30	30	30	0	0	0	0	0	0	0	0	0	0	0	0	0	0	0
0	SEITcl1p	16	30	30	30	0	0	0	0	0	0	0	0	0	0	0	0	0	0	0
90	SEITcl1p	16	30	30	30	0	0	0	0	0	0	0	0	0	0	0	0	0	0	0
260	SEITcl1p	16	30	30	30	0	0	0	0	0	0	0	0	0	0	0	0	0	0	0
0	SEITcl1p	17	30	30	30	0	0	0	0	0	0	0	0	0	0	0	0	0	0	0
90	SEITcl1p	17	30	30	30	0	0	0	0	0	0	0	0	0	0	0	0	0	0	0
260	SEITcl1p	17	30	30	30	0	0	0	0	0	0	0	0	0	0	0	0	0	0	0
0	SEITcl1p	18	30	30	30	0	0	0	0	0	0	0	0	0	0	0	0	0	0	0
90	SEITcl1p	18	30	30	30	0	0	0	0	0	0	0	0	0	0	0	0	0	0	0
260	SEITcl1p	18	30	30	30	0	0	0	0	0	0	0	0	0	0	0	0	0	0	0
0	SEITcl1p	19	30	30	30	0	0	0	0	0	0	0	0	0	0	0	0	0	0	0
90	SEITcl1p	19	30	30	30	0	0	0	0	0	0	0	0	0	0	0	0	0	0	0
260	SEITcl1p	19	30	30	30	0	0	0	0	0	0	0	0	0	0	0	0	0	0	0
0	SEITcl1p	20	30	30	30	0	0	0	0	0	0	0	0	0	0	0	0	0	0	0
90	SEITcl1p	20	30	30	30	0	0	0	0	0	0	0	0	0	0	0	0	0	0	0
260	SEITcl1p	20	30	30	30	0	0	0	0	0	0	0	0	0	0	0	0	0	0	0
0	SEITcl1p	21	30	30	30	0	0	0	0	0	0	0	0	0	0	0	0	0	0	0
90	SEITcl1p	21	30	30	30	0	0	0	0	0	0	0	0	0	0	0	0	0	0	0
260	SEITcl1p	21	30	30	30	0	0	0	0	0	0	0	0	0	0	0	0	0	0	0
0	SEITcl1p	22	30	30	30	0	0	0	0	0	0	0	0	0	0	0	0	0	0	0
90	SEITcl1p	22	30	30	30	0	0	0	0	0	0	0	0	0	0	0	0	0	0	0
260	SEITcl1p	22	30	30	30	0	0	0	0	0	0	0	0	0	0	0	0	0	0	0
0	SEITcl1p	23	30	30	30	0	0	0	0	0	0	0	0	0	0	0	0	0	0	0
90	SEITcl1p	23	30	30	30	0	0	0	0	0	0	0	0	0	0	0	0	0	0	0
260	SEITcl1p	23	30	30	30	0	0	0	0	0	0	0	0	0	0	0	0	0	0	0
0	SEITcl1p	24	30	30	30	0	0	0	0	0	0	0	0	0	0	0	0	0	0	0
90	SEITcl1p	24	30	30	30	0	0	0	0	0	0	0	0	0	0	0	0	0	0	0
260	SEITcl1p	24	30	30	30	0	0	0	0	0	0	0	0	0	0	0	0	0	0	0
0	SEITcl1p	25	30	30	30	0	0	0	0	0	0	0	0	0	0	0	0	0	0	0
90	SEITcl1p	25	30	30	30	0	0	0	0	0	0	0	0	0	0	0	0	0	0	0
260	SEITcl1p	25	30	30	30	0	0	0	0	0	0	0	0	0	0	0	0	0	0	0
0	SEITcl3p	1	30	30	30	0	0	0	0	0	0	0	0	0	0	0	0	0	0	0
90	SEITcl3p	1	30	30	30	0	0	0	0	0	0	0	0	0	0	0	0	0	0	0
260	SEITcl3p	1	30	30	30	0	0	0	0	0	0	0	0	0	0	0	0	0	0	0
0	SEITcl3p	2	30	30	30	0	0	0	0	0	0	0	0	0	0	0	0	0	0	0
90	SEITcl3p	2	30	30	30	0	0	0	0	0	0	0	0	0	0	0	0	0	0	0
260	SEITcl3p	2	30	30	30	0	0	0	0	0	0	0	0	0	0	0	0	0	0	0
0	SEITcl3p	3	30	30	30	0	0	0	0	0	0	0	0	0	0	0	0	0	0	0
90	SEITcl3p	3	30	30	30	0	0	0	0	0	0	0	0	0	0	0	0	0	0	0
260	SEITcl3p	3	30	30	30	0	0	0	0	0	0	0	0	0	0	0	0	0	0	0
0	SEITcl3p	4	30	30	30	0	0	0	0	0	0	0	0	0	0	0	0	0	0	0
90	SEITcl3p	4	30	30	30	0	0	0	0	0	0	0	0	0	0	0	0	0	0	0
260	SEITcl3p	4	30	30	30	0	0	0	0	0	0	0	0	0	0	0	0	0	0	0
0	SEITcl3p	5	30	30	30	0	0	0	0	0	0	0	0	0	0	0	0	0	0	0
90	SEITcl3p	5	30	30	30	0	0	0	0	0	0	0	0	0	0	0	0	0	0	0
260	SEITcl3p	5	30	30	30	0	0	0	0	0	0	0	0	0	0	0	0	0	0	0
0	SEITcl3p	6	30	30	30	0	0	0	0	0	0	0	0	0	0	0	0	0	0	0
90	SEITcl3p	6	30	30	30	0	0	0	0	0	0	0	0	0	0	0	0	0	0	0
260	SEITcl3p	6	30	30	30	0	0	0	0	0	0	0	0	0	0	0	0	0	0	0
0	SEITcl3p	7	30	30	30	0	0	0	0	0	0	0	0	0	0	0	0	0	0	0
90	SEITcl3p	7	30	30	30	0	0	0	0	0	0	0	0	0	0	0	0	0	0	0
260	SEITcl3p	7	30	30	30	0	0	0	0	0	0	0	0	0	0	0	0	0	0	0
0	SEITcl3p	8	30	30	30	0	0	0	0	0	0	0	0	0	0	0	0	0	0	0
90	SEITcl3p	8	30	30	30	0	0	0	0	0	0	0	0	0	0	0	0	0	0	0
260	SEITcl3p	8	30	30	30	0	0	0	0	0	0	0	0	0	0	0	0	0	0	0
0	SEITcl3p	9	30	30	30	0	0	0	0	0	0	0	0	0	0	0	0	0	0	0
90	SEITcl3p	9	30	30	30	0	0	0	0	0	0	0	0	0	0	0	0	0	0	0
260	SEITcl3p	9	30	30	30	0	0	0	0	0	0	0	0	0	0	0	0	0	0	0
0	SEITcl3p	10	30	30	30	0	0	0	0	0	0	0	0	0	0	0	0	0	0	0
90	SEITcl3p	10	30	30	30	0	0	0	0	0	0	0	0	0	0	0	0	0	0	0
260	SEITcl3p	10	30	30	30	0	0	0	0	0	0	0	0	0	0	0	0	0	0	0
0	SEITcl3p	11	30	30	30	0	0	0	0	0	0	0	0	0	0	0	0	0	0	0
90	SEITcl3p	11	30	30	30	0	0	0	0	0	0	0	0	0	0	0	0	0	0	0
260	SEITcl3p	11	30	30	30	0	0	0	0	0	0	0	0	0	0	0	0	0	0	0
0	SEITcl3p	12	30	30	30	0	0	0	0	0	0	0	0	0	0	0	0	0	0	0
90	SEITcl3p	12	30	30	30	0	0	0	0	0	0	0	0	0	0	0	0	0	0	0
260	SEITcl3p	12	30	30	30	0	0	0	0	0	0	0	0	0	0	0	0	0	0	0
0	SEITcl3p	13	30	30	30	0	0	0	0	0	0	0	0	0	0	0	0	0	0	0
90	SEITcl3p	13	30	30	30	0	0	0	0	0	0	0	0	0	0	0	0	0	0	0
260	SEITcl3p	13	30	30	30	0	0	0	0	0	0	0	0	0	0	0	0	0	0	0
0	SEITcl3p	14	30	30	30	0	0	0	0	0	0	0	0	0	0	0	0	0	0	0
90	SEITcl3p	14	30	30	30	0	0	0	0	0	0	0	0	0	0	0	0	0	0	0
260	SEITcl3p	14	30	30	30	0	0	0	0	0	0	0	0	0	0	0	0	0	0	0
0	SEITcl3p	15	30	30	30	0	0	0	0	0	0	0	0	0	0	0	0	0	0	0
90	SEITcl3p	15	30	30	30	0	0	0	0	0	0	0	0	0	0	0	0	0	0	0
260	SEITcl3p	15	30	30	30	0	0	0	0	0	0	0	0	0	0	0	0	0	0	0
0	SEITcl3p	16	30	30	30	0	0	0	0	0	0	0	0	0	0	0	0	0	0	0
90	SEITcl3p	16	30	30	30	0	0	0	0	0	0	0	0	0	0	0	0	0	0	0
260	SEITcl3p	16	30	30	30	0	0	0	0	0	0	0	0	0	0	0	0	0	0	0
0	SEITcl3p	17	30	30	30	0	0	0	0	0	0	0	0	0	0	0	0	0	0	0
90	SEITcl3p	17	30	30	30	0	0	0	0	0	0	0	0	0	0	0	0	0	0	0
260	SEITcl3p	17	30	30	30	0	0	0	0	0	0	0	0	0	0	0	0	0	0	0
0	SEITcl3p	18	30	30	30	0	0	0	0	0	0	0	0	0	0	0	0	0	0	0
90	SEITcl3p	18	30	30	30	0	0	0	0	0	0	0	0	0	0	0	0	0	0	0
260	SEITcl3p	18	30	30	30	0	0	0	0	0	0	0	0	0	0	0	0	0	0	0
0	SEITcl3p	19	30	30	30	0	0	0	0	0	0	0	0	0	0	0	0	0	0	0
90	SEITcl3p	19	30	30	30	0	0	0	0	0	0	0	0	0	0	0	0	0	0	0
260	SEITcl3p	19	30	30	30	0	0	0	0	0	0	0	0	0	0	0	0	0	0	0
0	SEITcl3p	20	30	30	30	0	0	0	0	0	0	0	0	0	0	0	0	0	0	0
90	SEITcl3p	20	30	30	30	0	0	0	0	0	0	0	0	0	0	0	0	0	0	0
260	SEITcl3p	20	30	30	30	0	0	0	0	0	0	0	0	0	0	0	0	0	0	0
0	SEITcl3p	21	30	30	30	0	0	0	0	0	0	0	0	0	0	0	0	0	0	0
90	SEITcl3p	21	30	30	30	0	0	0	0	0	0	0	0	0	0	0	0	0	0	0
260	SEITcl3p	21	30	30	30	0	0	0	0	0	0	0	0	0	0	0	0	0	0	0
0	SEITcl3p	22	30	30	30	0	0	0	0	0	0	0	0	0	0	0	0	0	0	0
90	SEITcl3p	22	30	30	30	0	0	0	0	0	0	0	0	0	0	0	0	0	0	0
260	SEITcl3p	22	30	30	30	0	0	0	0	0	0	0	0	0	0	0	0	0	0	0
0	SEITcl3p	23	30	30	30	0	0	0	0	0	0	0	0	0	0	0	0	0	0	0
90	SEITcl3p	23	30	30	30	0	0	0	0	0	0	0	0	0	0	0	0	0	0	0
260	SEITcl3p	23	30	30	30	0	0	0	0	0	0	0	0	0	0	0	0	0	0	0
0	SEITcl3p	24	30	30	30	0	0	0	0	0	0	0	0	0	0	0	0	0	0	0
90	SEITcl3p	24	30	30	30	0	0	0	0	0	0	0	0	0	0	0	0	0	0	0
260	SEITcl3p	24	30	30	30	0	0	0	0	0	0	0	0	0	0	0	0	0	0	0
0	SEITcl3p	25	30	30	30	0	0	0	0	0	0	0	0	0	0	0	0	0	0	0
90	SEITcl3p	25	30	30	30	0	0	0	0	0	0	0	0	0	0	0	0	0	0	0
260	SEITcl3p	25	30	30	30	0	0	0	0	0	0	0	0	0	0	0	0	0	0	0
0	SEITcl4p	1	30	30	30	0	0	0	0	0	0	0	0	0	0	0	0	0	0	0
90	SEITcl4p	1	30	30	30	0	0	0	0	0	0	0	0	0	0	0	0	0	0	0
260	SEITcl4p	1	30	30	30	0	0	0	0	0	0	0	0	0	0	0	0	0	0	0
0	SEITcl4p	2	30	30	30	0	0	0	0	0	0	0	0	0	0	0	0	0	0	0
90	SEITcl4p	2	30	30	30	0	0	0	0	0	0	0	0	0	0	0	0	0	0	0
260	SEITcl4p	2	30	30	30	0	0	0	0	0	0	0	0	0	0	0	0	0	0	0
0	SEITcl4p	3	30	30	30	0	0	0	0	0	0	0	0	0	0	0	0	0	0	0
90	SEITcl4p	3	30	30	30	0	0	0	0	0	0	0	0	0	0	0	0	0	0	0
260	SEITcl4p	3	30	30	30	0	0	0	0	0	0	0	0	0	0	0	0	0	0	0
0	SEITcl4p	4	30	30	30	0	0	0	0	0	0	0	0	0	0	0	0	0	0	0
90	SEITcl4p	4	30	30	30	0	0	0	0	0	0	0	0	0	0	0	0	0	0	0
260	SEITcl4p	4	30	30	30	0	0	0	0	0	0	0	0	0	0	0	0	0	0	0
0	SEITcl4p	5	30	30	30	0	0	0	0	0	0	0	0	0	0	0	0	0	0	0
90	SEITcl4p	5	30	30	30	0	0	0	0	0	0	0	0	0	0	0	0	0	0	0
260	SEITcl4p	5	30	30	30	0	0	0	0	0	0	0	0	0	0	0	0	0	0	0
0	SEITcl4p	6	30	30	30	0	0	0	0	0	0	0	0	0	0	0	0	0	0	0
90	SEITcl4p	6	30	30	30	0	0	0	0	0	0	0	0	0	0	0	0	0	0	0
260	SEITcl4p	6	30	30	30	0	0	0	0	0	0	0	0	0	0	0	0	0	0	0
0	SEITcl4p	7	30	30	30	0	0	0	0	0	0	0	0	0	0	0	0	0	0	0
90	SEITcl4p	7	30	30	30	0	0	0	0	0	0	0	0	0	0	0	0	0	0	0
260	SEITcl4p	7	30	30	30	0	0	0	0	0	0	0	0	0	0	0	0	0	0	0
0	SEITcl4p	8	30	30	30	0	0	0	0	0	0	0	0	0	0	0	0	0	0	0
90	SEITcl4p	8	30	30	30	0	0	0	0	0	0	0	0	0	0	0	0	0	0	0
260	SEITcl4p	8	30	30	30	0	0	0	0	0	0	0	0	0	0	0	0	0	0	0
0	SEITcl4p	9	30	30	30	0	0	0	0	0	0	0	0	0	0	0	0	0	0	0
90	SEITcl4p	9	30	30	30	0	0	0	0	0	0	0	0	0	0	0	0	0	0	0
260	SEITcl4p	9	30	30	30	0	0	0	0	0	0	0	0	0	0	0	0	0	0	0
0	SEITcl4p	10	30	30	30	0	0	0	0	0	0	0	0	0	0	0	0	0	0	0
90	SEITcl4p	10	30	30	30	0	0	0	0	0	0	0	0	0	0	0	0	0	0	0
260	SEITcl4p	10	30	30	30	0	0	0	0	0	0	0	0	0	0	0	0	0	0	0
0	SEITcl4p	11	30	30	30	0	0	0	0	0	0	0	0	0	0	0	0	0	0	0
90	SEITcl4p	11	30	30	30	0	0	0	0	0	0	0	0	0	0	0	0	0	0	0
260	SEITcl4p	11	30	30	30	0	0	0	0	0	0	0	0	0	0	0	0	0	0	0
0	SEITcl4p	12	30	30	30	0	0	0	0	0	0	0	0	0	0	0	0	0	0	0
90	SEITcl4p	12	30	30	30	0	0	0	0	0	0	0	0	0	0	0	0	0	0	0
260	SEITcl4p	12	30	30	30	0	0	0	0	0	0	0	0	0	0	0	0	0	0	0
0	SEITcl4p	13	30	30	30	0	0	0	0	0	0	0	0	0	0	0	0	0	0	0
90	SEITcl4p	13	30	30	30	0	0	0	0	0	0	0	0	0	0	0	0	0	0	0
260	SEITcl4p	13	30	30	30	0	0	0	0	0	0	0	0	0	0	0	0	0	0	0
0	SEITcl4p	14	30	30	30	0	0	0	0	0	0	0	0	0	0	0	0	0	0	0
90	SEITcl4p	14	30	30	30	0	0	0	0	0	0	0	0	0	0	0	0	0	0	0
260	SEITcl4p	14	30	30	30	0	0	0	0	0	0	0	0	0	0	0	0	0	0	0
0	SEITcl4p	15	30	30	30	0	0	0	0	0	0	0	0	0	0	0	0	0	0	0
90	SEITcl4p	15	30	30	30	0	0	0	0	0	0	0	0	0	0	0	0	0	0	0
260	SEITcl4p	15	30	30	30	0	0	0	0	0	0	0	0	0	0	0	0	0	0	0
0	SEITcl4p	16	30	30	30	0	0	0	0	0	0	0	0	0	0	0	0	0	0	0
90	SEITcl4p	16	30	30	30	0	0	0	0	0	0	0	0	0	0	0	0	0	0	0
260	SEITcl4p	16	30	30	30	0	0	0	0	0	0	0	0	0	0	0	0	0	0	0
0	SEITcl4p	17	30	30	30	0	0	0	0	0	0	0	0	0	0	0	0	0	0	0
90	SEITcl4p	17	30	30	30	0	0	0	0	0	0	0	0	0	0	0	0	0	0	0
260	SEITcl4p	17	30	30	30	0	0	0	0	0	0	0	0	0	0	0	0	0	0	0
0	SEITcl4p	18	30	30	30	0	0	0	0	0	0	0	0	0	0	0	0	0	0	0
90	SEITcl4p	18	30	30	30	0	0	0	0	0	0	0	0	0	0	0	0	0	0	0
260	SEITcl4p	18	30	30	30	0	0	0	0	0	0	0	0	0	0	0	0	0	0	0
0	SEITcl4p	19	30	30	30	0	0	0	0	0	0	0	0	0	0	0	0	0	0	0
90	SEITcl4p	19	30	30	30	0	0	0	0	0	0	0	0	0	0	0	0	0	0	0
260	SEITcl4p	19	30	30	30	0	0	0	0	0	0	0	0	0	0	0	0	0	0	0
0	SEITcl4p	20	30	30	30	0	0	0	0	0	0	0	0	0	0	0	0	0	0	0
90	SEITcl4p	20	30	30	30	0	0	0	0	0	0	0	0	0	0	0	0	0	0	0
260	SEITcl4p	20	30	30	30	0	0	0	0	0	0	0	0	0	0	0	0	0	0	0
0	SEITcl4p	21	30	30	30	0	0	0	0	0	0	0	0	0	0	0	0	0	0	0
90	SEITcl4p	21	30	30	30	0	0	0	0	0	0	0	0	0	0	0	0	0	0	0
260	SEITcl4p	21	30	30	30	0	0	0	0	0	0	0	0	0	0	0	0	0	0	0
0	SEITcl4p	22	30	30	30	0	0	0	0	0	0	0	0	0	0	0	0	0	0	0
90	SEITcl4p	22	30	30	30	0	0	0	0	0	0	0	0	0	0	0	0	0	0	0
260	SEITcl4p	22	30	30	30	0	0	0	0	0	0	0	0	0	0	0	0	0	0	0
0	SEITcl4p	23	30	30	30	0	0	0	0	0	0	0	0	0	0	0	0	0	0	0
90	SEITcl4p	23	30	30	30	0	0	0	0	0	0	0	0	0	0	0	0	0	0	0
260	SEITcl4p	23	30	30	30	0	0	0	0	0	0	0	0	0	0	0	0	0	0	0
0	SEITcl4p	24	30	30	30	0	0	0	0	0	0	0	0	0	0	0	0	0	0	0
90	SEITcl4p	24	30	30	30	0	0	0	0	0	0	0	0	0	0	0	0	0	0	0
260	SEITcl4p	24	30	30	30	0	0	0	0	0	0	0	0	0	0	0	0	0	0	0
0	SEITcl4p	25	30	30	30	0	0	0	0	0	0	0	0	0	0	0	0	0	0	0
90	SEITcl4p	25	30	30	30	0	0	0	0	0	0	0	0	0	0	0	0	0	0	0
260	SEITcl4p	25	30	30	30	0	0	0	0	0	0	0	0	0	0	0	0	0	0	0
0	SSCTp	1	30	30	30	0	0	0	0	0	0	0	0	0	0	0	0	0	0	0
90	SSCTp	1	30	30	30	0	0	0	0	0	0	0	0	0	0	0	0	0	0	0
260	SSCTp	1	30	30	30	0	0	0	0	0	0	0	0	0	0	0	0	0	0	0
0	SSCTp	2	30	30	30	0	0	0	0	0	0	0	0	0	0	0	0	0	0	0
90	SSCTp	2	30	30	30	0	0	0	0	0	0	0	0	0	0	0	0	0	0	0
260	SSCTp	2	30	30	30	0	0	0	0	0	0	0	0	0	0	0	0	0	0	0
0	SSCTp	3	30	30	30	0	0	0	0	0	0	0	0	0	0	0	0	0	0	0
90	SSCTp	3	30	30	30	0	0	0	0	0	0	0	0	0	0	0	0	0	0	0
260	SSCTp	3	30	30	30	0	0	0	0	0	0	0	0	0	0	0	0	0	0	0
0	SSCTp	4	30	30	30	0	0	0	0	0	0	0	0	0	0	0	0	0	0	0
90	SSCTp	4	30	30	30	0	0	0	0	0	0	0	0	0	0	0	0	0	0	0
260	SSCTp	4	30	30	30	0	0	0	0	0	0	0	0	0	0	0	0	0	0	0
0	SSCTp	5	30	30	30	0	0	0	0	0	0	0	0	0	0	0	0	0	0	0
90	SSCTp	5	30	30	30	0	0	0	0	0	0	0	0	0	0	0	0	0	0	0
260	SSCTp	5	30	30	30	0	0	0	0	0	0	0	0	0	0	0	0	0	0	0
0	SSCTp	6	30	30	30	0	0	0	0	0	0	0	0	0	0	0	0	0	0	0
90	SSCTp	6	30	30	30	0	0	0	0	0	0	0	0	0	0	0	0	0	0	0
260	SSCTp	6	30	30	30	0	0	0	0	0	0	0	0	0	0	0	0	0	0	0
0	SSCTp	7	30	30	30	0	0	0	0	0	0	0	0	0	0	0	0	0	0	0
90	SSCTp	7	30	30	30	0	0	0	0	0	0	0	0	0	0	0	0	0	0	0
260	SSCTp	7	30	30	30	0	0	0	0	0	0	0	0	0	0	0	0	0	0	0
0	SSCTp	8	30	30	30	0	0	0	0	0	0	0	0	0	0	0	0	0	0	0
90	SSCTp	8	30	30	30	0	0	0	0	0	0	0	0	0	0	0	0	0	0	0
260	SSCTp	8	30	30	30	0	0	0	0	0	0	0	0	0	0	0	0	0	0	0
0	SSCTp	9	30	30	30	0	0	0	0	0	0	0	0	0	0	0	0	0	0	0
90	SSCTp	9	30	30	30	0	0	0	0	0	0	0	0	0	0	0	0	0	0	0
260	SSCTp	9	30	30	30	0	0	0	0	0	0	0	0	0	0	0	0	0	0	0
0	SSCTp	10	30	30	30	0	0	0	0	0	0	0	0	0	0	0	0	0	0	0
90	SSCTp	10	30	30	30	0	0	0	0	0	0	0	0	0	0	0	0	0	0	0
260	SSCTp	10	30	30	30	0	0	0	0	0	0	0	0	0	0	0	0	0	0	0
0	SSCTp	11	30	30	30	0	0	0	0	0	0	0	0	0	0	0	0	0	0	0
90	SSCTp	11	30	30	30	0	0	0	0	0	0	0	0	0	0	0	0	0	0	0
260	SSCTp	11	30	30	30	0	0	0	0	0	0	0	0	0	0	0	0	0	0	0
0	SSCTp	12	30	30	30	0	0	0	0	0	0	0	0	0	0	0	0	0	0	0
90	SSCTp	12	30	30	30	0	0	0	0	0	0	0	0	0	0	0	0	0	0	0
260	SSCTp	12	30	30	30	0	0	0	0	0	0	0	0	0	0	0	0	0	0	0
0	SSCTp	13	30	30	30	0	0	0	0	0	0	0	0	0	0	0	0	0	0	0
90	SSCTp	13	30	30	30	0	0	0	0	0	0	0	0	0	0	0	0	0	0	0
260	SSCTp	13	30	30	30	0	0	0	0	0	0	0	0	0	0	0	0	0	0	0
0	SSCTp	14	30	30	30	0	0	0	0	0	0	0	0	0	0	0	0	0	0	0
90	SSCTp	14	30	30	30	0	0	0	0	0	0	0	0	0	0	0	0	0	0	0
260	SSCTp	14	30	30	30	0	0	0	0	0	0	0	0	0	0	0	0	0	0	0
0	SSCTp	15	30	30	30	0	0	0	0	0	0	0	0	0	0	0	0	0	0	0
90	SSCTp	15	30	30	30	0	0	0	0	0	0	0	0	0	0	0	0	0	0	0
260	SSCTp	15	30	30	30	0	0	0	0	0	0	0	0	0	0	0	0	0	0	0
0	SSCTp	16	30	30	30	0	0	0	0	0	0	0	0	0	0	0	0	0	0	0
90	SSCTp	16	30	30	30	0	0	0	0	0	0	0	0	0	0	0	0	0	0	0
260	SSCTp	16	30	30	30	0	0	0	0	0	0	0	0	0	0	0	0	0	0	0
0	SSCTp	17	30	30	30	0	0	0	0	0	0	0	0	0	0	0	0	0	0	0
90	SSCTp	17	30	30	30	0	0	0	0	0	0	0	0	0	0	0	0	0	0	0
260	SSCTp	17	30	30	30	0	0	0	0	0	0	0	0	0	0	0	0	0	0	0
0	SSCTp	18	30	30	30	0	0	0	0	0	0	0	0	0	0	0	0	0	0	0
90	SSCTp	18	30	30	30	0	0	0	0	0	0	0	0	0	0	0	0	0	0	0
260	SSCTp	18	30	30	30	0	0	0	0	0	0	0	0	0	0	0	0	0	0	0
0	SSCTp	19	30	30	30	0	0	0	0	0	0	0	0	0	0	0	0	0	0	0
90	SSCTp	19	30	30	30	0	0	0	0	0	0	0	0	0	0	0	0	0	0	0
260	SSCTp	19	30	30	30	0	0	0	0	0	0	0	0	0	0	0	0	0	0	0
0	SSCTp	20	30	30	30	0	0	0	0	0	0	0	0	0	0	0	0	0	0	0
90	SSCTp	20	30	30	30	0	0	0	0	0	0	0	0	0	0	0	0	0	0	0
260	SSCTp	20	30	30	30	0	0	0	0	0	0	0	0	0	0	0	0	0	0	0
0	SSCTp	21	30	30	30	0	0	0	0	0	0	0	0	0	0	0	0	0	0	0
90	SSCTp	21	30	30	30	0	0	0	0	0	0	0	0	0	0	0	0	0	0	0
260	SSCTp	21	30	30	30	0	0	0	0	0	0	0	0	0	0	0	0	0	0	0
0	SSCTp	22	30	30	30	0	0	0	0	0	0	0	0	0	0	0	0	0	0	0
90	SSCTp	22	30	30	30	0	0	0	0	0	0	0	0	0	0	0	0	0	0	0
260	SSCTp	22	30	30	30	0	0	0	0	0	0	0	0	0	0	0	0	0	0	0
0	SSCTp	23	30	30	30	0	0	0	0	0	0	0	0	0	0	0	0	0	0	0
90	SSCTp	23	30	30	30	0	0	0	0	0	0	0	0	0	0	0	0	0	0	0
260	SSCTp	23	30	30	30	0	0	0	0	0	0	0	0	0	0	0	0	0	0	0
0	SSCTp	24	30	30	30	0	0	0	0	0	0	0	0	0	0	0	0	0	0	0
90	SSCTp	24	30	30	30	0	0	0	0	0	0	0	0	0	0	0	0	0	0	0
260	SSCTp	24	30	30	30	0	0	0	0	0	0	0	0	0	0	0	0	0	0	0
0	SSCTp	25	30	30	30	0	0	0	0	0	0	0	0	0	0	0	0	0	0	0
90	SSCTp	25	30	30	30	0	0	0	0	0	0	0	0	0	0	0	0	0	0	0
260	SSCTp	25	30	30	30	0	0	0	0	0	0	0	0	0	0	0	0	0	0	0
