scenario	year	period	mean.effects.Inds	mean.effects.abovemass	mean.effects.NPFT	mean.effects.eveness	mean.effects.shannon	mean.effects.simpson	mean.effects.simpsoninv	min.effects.Inds	min.effects.abovemass	min.effects.NPFT	min.effects.eveness	min.effects.shannon	min.effects.simpson	min.effects.simpsoninv	max.effects.Inds	max.effects.abovemass	max.effects.NPFT	max.effects.eveness	max.effects.shannon	max.effects.simpson	max.effects.simpsoninv
0	1	before	1	1	1	1	1	1	1	1.02668360864041	1.01656059300448	1	1.00188766565084	1.00302918999546	1.00030765583291	1.02761111343816	0.96086519463413	0.97316972670355	1	0.996534246753284	0.994435934569842	0.999491485509152	0.957237159181145
1	1	before	0.993831571768253	0.998168243841512	1	0.999479742150132	0.999164569024252	0.999913370044185	0.992561361331122	1.02887207300835	1.01592194747891	1	1.00105285916254	1.00168707460968	1.00016886090276	1.01453800825055	0.953907468376365	0.973881100653937	1	0.99571572926052	0.993119856327971	0.99926791931177	0.941642012990992
2	1	before	1.00041111161293	1.00147649982656	1	0.999785902386669	0.999655988207129	0.999968632223648	0.997368370730166	1.03701825557809	1.01989393669161	1	1.00166843005847	1.00267737649354	1.00026609869544	1.02330055891333	0.959868360910504	0.979059646210645	1	0.995721514509853	0.993115706097665	0.999336675328765	0.947266797809584
0	2	before	1	1	1	1	1	1	1	1.11590656284761	1.07336980789041	1.00062932662052	1.00800580345389	1.01843043176693	1.00222222960934	1.12323907331027	0.852084101807451	0.777712918909321	1	0.986481777899102	0.969016971767136	0.995949877099478	0.812769319319818
1	2	before	0.986950369165188	0.996719730384041	0.999621235490588	0.99828352026929	0.995580546683183	0.999574918322011	0.972109666233182	1.09643734643735	1.07663577068952	1.00062932662052	1.00708363510225	1.01001024946956	1.00167502786682	1.07784986818545	0.804922332055679	0.780680980784682	0.987341772151899	0.986705707249012	0.97170047581395	0.996006189520168	0.817594962305405
2	2	before	1.01898900670643	1.00569516604797	1.00006281316966	1.00005735749663	1.00152751110869	1.00014444709367	1.00614475514639	1.1493884869053	1.08587696088244	1.00062932662052	1.00806973854432	1.02025110988419	1.00251974686572	1.12954455442983	0.868017524644031	0.70196696687666	1	0.988306733123944	0.971158308454972	0.996351592278541	0.830114018038674
0	3	before	1	1	1	1	1	1	1	1.12879238548483	1.07925803898476	1.00252206809584	1.0099010793353	1.02375113091269	1.00256270468199	1.11824084968412	0.827007590890931	0.739206787295035	0.989010989010989	0.984528387294684	0.972148517764074	0.995168712441621	0.811347428687576
1	3	before	0.979860794675111	0.998448092986575	0.99989270187411	1.00028448675402	0.998610533593311	0.999855653477342	0.99871597891113	1.08848574601999	1.07645889635513	1.00252206809584	1.01131420041078	1.02110339820049	1.00272115521589	1.13363475018373	0.788954635108481	0.80550222183421	0.989010989010989	0.982069375515077	0.97090777762703	0.99491615295561	0.84466144351563
2	3	before	1.00655112232891	1.00728735318297	0.999805970446367	0.999609447698696	1.00003137841181	0.999843777983763	0.998180838883102	1.14817133148529	1.10027691881721	1.00252206809584	1.01059832290397	1.02241886803364	1.00261794367722	1.12521198861778	0.83261668360566	0.737334917763868	0.983606557377049	0.969804756540688	0.948112635550028	0.991142944665287	0.708366473353452
0	4	before	1	1	1	1	1	1	1	1.16070388066659	1.0714864982177	1.00189035916824	1.01599585705005	1.03038025510051	1.00448223761791	1.13314762501251	0.824568784181742	0.845756893220537	0.984848484848485	0.964841172673834	0.945255146431972	0.986596354253793	0.718578095440155
1	4	before	0.998251141029992	0.991225184979096	0.99980961099115	0.997927857831949	0.997310073755913	0.999408936801676	0.988109320698398	1.11675126903553	1.06984092241574	1.00189035916824	1.01608109159229	1.03205228106375	1.00511271603919	1.13903634936261	0.81150051037768	0.79297312631237	0.984251968503937	0.957216828595056	0.927214574527833	0.985537921181701	0.695169142716701
2	4	before	0.992875741664613	0.999381248996004	0.999526060398334	1.00130050961636	0.998741204165897	0.999804785487206	0.999284847015439	1.14142966948501	1.08291614791232	1.00189035916824	1.02082876113769	1.03832913532428	1.00600595233882	1.19617083389382	0.780024762690879	0.802954747504517	0.982986767485822	0.964976016424707	0.919203976555764	0.985564092554696	0.702420650554279
0	5	before	1	1	1	1	1	1	1	1.1223032034674	1.09004667342653	1.00569259962049	1.01833520055378	1.03388385676471	1.00545875527476	1.123662226728	0.809012685176972	0.772408438533818	0.986717267552182	0.958694286377797	0.910215690745367	0.982002370026814	0.721910431703893
1	5	before	1.0228273890308	1.01302423902934	1.00011448340935	0.999807610365484	0.996945217478655	0.99954347492441	0.990178551995845	1.16364802051611	1.08670309822401	1.00569259962049	1.01845589832316	1.03065966100538	1.00548705168476	1.12611100116898	0.844574780058651	0.891014896973893	0.987967067764408	0.961009466326223	0.909423493064505	0.983552966614781	0.724090001653516
2	5	before	1.01072016174207	0.998799012588559	1.00032356425973	1.00276621621025	1.00441992333188	1.00083824348129	1.01810176239079	1.12569857180875	1.08225371596052	1.00569259962049	1.02336265329059	1.05052395178536	1.00777474891646	1.18352542935997	0.855828220858896	0.654917234580331	0.988593155893536	0.975975062726454	0.943100427904014	0.989363573286988	0.803757017848754
0	6	before	1	1	1	0.999999999999998	1	1	1	1.1130507282249	1.08537257631724	1.00252206809584	1.01564262469465	1.03174976067399	1.00537744933219	1.10427387657986	0.838828020425363	0.717478023531741	1	0.972051908654083	0.932875516384034	0.987889296859444	0.801476685579585
1	6	before	1.02483580616675	1.00620470712276	0.999433037376599	1.00015208805131	0.999317882105064	1.00023911002913	1.00485904657648	1.16302691721686	1.08913556229867	1.00125944584383	1.02144871393166	1.0377558365135	1.00684270723606	1.14283370510474	0.864338201097572	0.785422241382705	0.982367758186398	0.961294465452504	0.945406110293525	0.989016468664166	0.818823080849984
2	6	before	0.990337921347589	1.00471651014731	0.999938376565937	1.00277248296394	1.00618259182458	1.00067596948354	1.01641406322003	1.12473075762463	1.08903910382172	1.00252206809584	1.02306141812102	1.06231808436032	1.00897716760404	1.19220756816876	0.749053163136485	0.801781483799104	0.983606557377049	0.974621342327242	0.94036995716351	0.987670503507362	0.804333789258824
0	7	before	1	1	1	1	1	1	1	1.11556637548332	1.07265424902103	1.00505689001264	1.01598838878702	1.0296593992218	1.0048318380115	1.08785066951363	0.834668375520666	0.82449963803929	0.973901973265436	0.976025970610107	0.958653955359988	0.991294665596371	0.863522432697624
1	7	before	0.992034624265452	0.990678920122197	1.00028150150988	1.00183852341919	1.00559182853577	1.00067352379803	1.01520276471489	1.1085844229676	1.06851140403766	1.0073875083949	1.02503447430921	1.04466563973062	1.00733572208857	1.14592474624533	0.818449139620998	0.829033406416027	0.986093552465234	0.969179159990686	0.94460336069023	0.988899944379114	0.833495732512599
2	7	before	0.993793421990271	0.997378754135966	1.00132244555844	1.0011269374057	1.00437086659692	1.00041903260352	1.01258530763881	1.144	1.08531373729442	1.01016518424396	1.02183024816236	1.05486426110874	1.00738149013687	1.14707913508989	0.796219160525473	0.811956922077063	0.992998090388288	0.971336773593973	0.932780014954853	0.985523079347921	0.787512128893341
0	8	before	1	1	1	1	1	1	1	1.10203496703927	1.07627147258684	1.00315457413249	1.0174718008249	1.03486922251488	1.00481303089979	1.08630771275454	0.837830545062062	0.861896986894236	0.983606557377049	0.975423716000757	0.96590018272514	0.993526109739227	0.896629610046517
1	8	before	1.01070622705859	0.993930141599757	1.00000468442923	1.00381264563034	1.00716692061289	1.00122673473872	1.02465560948496	1.13453815261044	1.07545301249967	1.00315457413249	1.02508616149918	1.05213194793867	1.0075970169183	1.14960208687142	0.855421686746988	0.802713554232244	0.983606557377049	0.978020289098106	0.957301560697168	0.99105875109567	0.8676333178653
2	8	before	1.01148442545496	0.998725392014476	1.00056610051876	1.00130682891743	1.00490142415639	1.00065905003833	1.01311627535762	1.13483365068894	1.09373654665935	1.00378787878788	1.02097843973041	1.04955156700572	1.007333990778	1.14331274345383	0.84152857364101	0.730923117372852	0.998641304347826	0.971993560895196	0.958041731201261	0.991401216002562	0.870080977883205
0	9	before	1	1	1	1	0.999999999999998	1	1	1.11374033759268	1.08021563268873	1.00442198357549	1.01865141897102	1.03594125404511	1.00537086751776	1.09174745704662	0.841405233482724	0.832331819105801	0.98547062539482	0.964646381003447	0.926928182073107	0.983679995338688	0.782603695990046
1	9	before	1.00066976535924	0.995262220508069	0.999415428257319	1.00270509918704	1.00742285334098	1.00123103061458	1.02254761792357	1.1219026608195	1.08455950086231	1.00442198357549	1.02305205041842	1.0510039800764	1.00767649829583	1.13957059464233	0.836589698046181	0.696351895408002	0.984848484848485	0.964290378602865	0.930991781704867	0.984848898802237	0.800877744430959
2	9	before	0.996327438968276	1.00551458070456	0.999893769881191	1.00196456548611	1.00603089294023	1.00096600091277	1.01650242708655	1.12968607131972	1.07880073379034	1.00442198357549	1.02207111511653	1.04785548080733	1.00744045089221	1.13416245189083	0.747752011358258	0.875172689916667	0.984848484848485	0.974003590611822	0.92302500891528	0.985321231970259	0.811516028335046
0	10	before	1	1	1	1	1	1	1	1.1143624571441	1.09087703260225	1.00696643445218	1.02030441483956	1.03454961962702	1.00494563962379	1.08200043195838	0.809025866813429	0.785012495423937	0.976933514246947	0.966228013502847	0.954548432332127	0.990090246972934	0.867346443143605
1	10	before	0.994159026501112	0.991932340938605	1.00003998914082	1.00137878545456	1.00280255638756	1.00039195590201	1.01022226199316	1.11264209438512	1.07277929030074	1.00696643445218	1.02316576144175	1.04706207535036	1.00768569656241	1.13535209484586	0.795978649531015	0.751162581367126	0.98547062539482	0.951132257591219	0.901738779935994	0.978802989891106	0.74351469418816
2	10	before	0.998738291004952	1.00614150943576	1.00033681660281	0.99797988755379	1.00391232904701	1.00038332732808	1.00695755029757	1.11722619702807	1.09396369815107	1.00696643445218	1.01594797154828	1.03998392768622	1.00605777348228	1.10304313959426	0.821501014198783	0.845203050411724	0.986717267552182	0.966665875672605	0.945928272272737	0.989115256678082	0.846709647861978
0	11	before	1	1	1	1	1	1	1	1.11776447105788	1.07715816144828	1.00252206809584	1.0209402417117	1.0342942744018	1.00587732912939	1.0974774290642	0.820147328670585	0.808830581723306	0.983606557377049	0.971165012482182	0.958774447528997	0.986949597938315	0.851015203974887
1	11	before	1.01430331951167	1.00375107240834	1.00060827699695	0.998224684265466	0.999053763851483	0.999609495158598	0.99669730952669	1.17099135063207	1.08810658946308	1.00315457413249	1.02354235367711	1.0319123700184	1.00512859750416	1.08472115070836	0.784813197476953	0.842450685012062	0.984848484848485	0.952954178424877	0.918057262551068	0.981998339909084	0.780752925394647
2	11	before	1.01419821727957	1.00714170528983	1.00055290389451	1.00246702422097	1.00334851743361	1.00067018880565	1.01085992651706	1.14160263446762	1.10925414564328	1.00315457413249	1.02443498016356	1.03730750234111	1.00593897882117	1.09678492044723	0.814030443414957	0.774992011972906	0.983606557377049	0.958412393991256	0.957713247541023	0.987476767819777	0.831861622270536
0	12	before	1	1	1	1	1	1	1	1.10544462002586	1.0724370370727	1.00442198357549	1.01864333146579	1.03809858196232	1.00655276526399	1.11076444419047	0.850515463917526	0.750865372948977	0.98547062539482	0.967870242521151	0.960676632788788	0.99135029133597	0.879521055361698
1	12	before	1.00031659685704	0.996901370647848	1.00112035226957	0.999406254028631	1.00112371410401	0.999740624399442	0.997811114997461	1.12687683814045	1.08470103268916	1.00569259962049	1.02814917179477	1.03408132733696	1.00568411107041	1.09048617584527	0.847141190198366	0.757500227807527	0.987967067764408	0.945888068162332	0.922778323906485	0.983520024553196	0.798175575490781
2	12	before	1.00061841748456	1.01409115631513	1.00036782864193	1.00107957093581	1.00647640867247	1.00082051341445	1.01214941423081	1.12556626785922	1.0901261410834	1.00442198357549	1.02418037625944	1.03648168070616	1.00581206918523	1.09236393831832	0.831730769230769	0.897533422204709	0.984227129337539	0.962563216790213	0.955860023406971	0.989395585181855	0.850249898775306
0	13	before	1	1	1	1	1	1	1	1.12159052325801	1.07603031957524	1.00505689001264	1.02317935359116	1.03919993483124	1.00592067803146	1.09285038532701	0.823216722936571	0.820363193184556	0.984227129337539	0.956962567024256	0.9259991867971	0.98424955480792	0.800012127174571
1	13	before	0.998994301959826	1.0089077761191	1.00007967642366	0.995637279888768	1.00642229733789	1.00033292517316	1.00540476473315	1.12791925542104	1.09204006595971	1.00505689001264	1.02384350690911	1.03856159799154	1.00585798799473	1.09150451199639	0.810810810810811	0.88809845496953	0.98547062539482	0.956238917885381	0.948445639098228	0.986754944605	0.829740781301288
2	13	before	1.00210963605524	1.0101585828261	0.999244202996382	0.999944246627057	1.01049603165338	1.00140117019757	1.01881698002355	1.11363437854834	1.09054564122114	1.00505689001264	1.02207094777694	1.03922542544512	1.00624472238535	1.10104025944965	0.823809523809524	0.800031359441567	0.984227129337539	0.973408447326393	0.974639410786528	0.994513594741207	0.915257246460593
0	14	before	1	1	1	1	1	1	1	1.10688343133864	1.0626758138002	1.00252206809584	1.0249644815381	1.03185462015321	1.00535712383625	1.08619493185163	0.764441369768246	0.872698871361912	0.983606557377049	0.964243126066695	0.949294694780751	0.988548624247725	0.849033993438971
1	14	before	1.0106515928999	0.997078817519914	0.999440021978628	0.997779493084981	1.00677190927104	1.00078682527185	1.01153500611838	1.11892309011404	1.07050602086093	1.00252206809584	1.02119424901307	1.03976296952004	1.00618427531409	1.0996017572318	0.859452559920579	0.845809973868616	0.982986767485822	0.965015091698497	0.960000839914547	0.992515411065033	0.890673893158732
2	14	before	0.993768938579625	0.992768555422225	0.998878789423897	1.0006787363662	1.0064593929749	1.00060056495779	1.0079553279995	1.09769484083425	1.06420153898561	1.00252206809584	1.02199914308489	1.03671847468102	1.00647052677162	1.10538126897204	0.837080594949844	0.694573907501431	0.983606557377049	0.971026846593625	0.977629160429811	0.994723841769332	0.917129751569825
0	15	before	1	1	1	1	1	1	0.999999999999999	1.1325253328035	1.07685085320783	1.00315457413249	1.01952048193352	1.03280906691631	1.00566280932099	1.09153005031247	0.773874862788145	0.797638518649102	0.984227129337539	0.970289441084769	0.953738260558621	0.990001710068029	0.861539982612357
1	15	before	1.01799333554868	1.01148459356636	1.00018722824817	0.995462224231543	1.00108977768661	0.999162840157661	0.987441006485235	1.14993038635573	1.08984654091123	1.00315457413249	1.02233058122109	1.03604793084823	1.00605391061898	1.09696554857533	0.81223966677347	0.867295068781255	0.986093552465234	0.958281296744841	0.953389113297306	0.986632637954395	0.826980982239643
2	15	before	1.00710456022877	1.01463559744454	1.0001574985105	0.997842303352635	0.99828906307396	0.998657602513658	0.980036441405601	1.13752369841038	1.10632903370437	1.00315457413249	1.0239882235729	1.027518488876	1.00524898457704	1.08304082102616	0.795550154248855	0.866574639044918	0.984227129337539	0.961177824048869	0.93545274567668	0.980760242347298	0.771028900543996
0	16	before	1	1	1	1	1	1	1	1.11774731381993	1.08743137765036	1.00632911392405	1.0225613034326	1.03135017682185	1.00517220457155	1.08366940387167	0.808095515433896	0.730443854323253	0.982935153583618	0.97102262492093	0.946951735609714	0.992302646068417	0.886263624052157
1	16	before	1.00082148468281	0.993483957369562	1.00008513503903	0.997229904843973	0.999341703619143	0.999367368445599	0.988472942634638	1.10242376856919	1.07434550942209	1.00632911392405	1.01898175870816	1.03331953407936	1.00483111358419	1.07406304481569	0.853658536585366	0.77466809381047	0.984227129337539	0.969858765615753	0.959230472744963	0.991538098059968	0.875880509227399
2	16	before	1.01979019042226	1.01324761343643	0.999193980783172	0.998664060452161	0.998060804693866	0.99928290752403	0.987254982239474	1.13861914416818	1.09513387540682	1.00505689001264	1.02631808699686	1.02562641063645	1.00447392576392	1.0679938967859	0.875836302024503	0.839561009915702	0.968967701076631	0.966390618956899	0.938917325471719	0.986948805884783	0.826069376394951
0	17	before	1	1	1	1	1	1	1	1.115625	1.07536532065725	1.00378787878788	1.02403313685901	1.0366535077947	1.00610711015434	1.09883951729262	0.854181932377264	0.842561986156696	0.984848484848485	0.963098875212926	0.92846803925263	0.985704521394771	0.820445166426496
1	17	before	0.99929666990036	0.986139264224509	1.00077219797105	1.00012391994506	0.998381995600764	0.999487636323968	0.989552683293052	1.12239788253809	1.06513977842724	1.00442198357549	1.02534195408899	1.02698025826613	1.00418689501306	1.06342733261979	0.832634448055352	0.75455890747923	1	0.970328539586268	0.963765506875155	0.993391399718294	0.900531633151134
2	17	before	0.994691914740044	0.99297370956589	0.999253291951505	1.00175547045985	1.00136319604959	0.999965406907177	0.997273020134756	1.10546178844743	1.07600668664148	1.00378787878788	1.02517895021291	1.02953022973001	1.00456268246812	1.07010739928282	0.832378770523101	0.801780486295776	0.979591836734694	0.969110210526327	0.967224765601115	0.992839058212514	0.897727857035426
0	18	before	1	1	1	1	1	1	1	1.09238693542144	1.0708637269165	1.00632911392405	1.01952391691708	1.03725796381364	1.00587106795572	1.09619274947282	0.856942168110513	0.854329407892601	0.984227129337539	0.965000153512504	0.939932696540466	0.988501280395445	0.843822105466792
1	18	before	1.01804705694568	1.00538447974749	1.00072817966778	0.999267985504295	0.99937601290205	0.999498263085039	0.991421205696502	1.15070304049994	1.09253928071352	1.01016518424396	1.02393330350172	1.02650138276758	1.00470592371749	1.07255323966124	0.84897152917937	0.762561597654391	0.987341772151899	0.959416262555185	0.959125549722927	0.986771184735453	0.827412370966255
2	18	before	1.00173809332819	0.997509789912413	1.00058111607688	0.998124305467939	1.00257780539619	0.999982474326722	0.998463237996084	1.10444970023651	1.07383925402066	1.01016518424396	1.02437482548791	1.02932003068488	1.00496269148618	1.07463902751954	0.729630346429263	0.796166670046077	0.987341772151899	0.953582241011785	0.955292443885225	0.991234583589435	0.876252050450855
0	19	before	1	1	1	1	1	1	1	1.12329032883888	1.08370977958546	1.00378787878788	1.02592101016659	1.03653705952078	1.00647342149914	1.10392206497867	0.829311101360246	0.833587434822286	0.984848484848485	0.956050584716273	0.91468841057714	0.980904363926461	0.784316138149938
1	19	before	1.01740296203047	1.01351873477812	0.998952445136038	0.995112998049125	0.999486282989263	0.999131660009734	0.986677309172849	1.15821127170434	1.10885313435594	1.00378787878788	1.0235123401365	1.03199543434094	1.00494852812593	1.07393831366509	0.838102628770977	0.81446798415598	0.96651926721415	0.945072509628784	0.950214062742434	0.983118219091756	0.792813433391269
2	19	before	1.01287987173963	0.997951865112733	1.00036027187698	0.998735142319339	1.00381643841799	1.00047083291888	1.0034440179949	1.13091350191285	1.09238891816875	1.00378787878788	1.02325359091835	1.0283485896781	1.00510560805274	1.07697133400538	0.830584354382658	0.712267531026504	0.984848484848485	0.964343079755399	0.965687564679071	0.993761799084444	0.90705189532164
0	20	before	1	1	1	0.999999999999999	1	1	1	1.11175853630113	1.07339895584119	1.00505689001264	1.02603833922878	1.03445466931725	1.00609146208472	1.09150039430901	0.800933125972006	0.886383537922855	0.986093552465234	0.955516997659747	0.932769957541432	0.982502907193777	0.790075568051358
1	20	before	1.01770878550368	1.01082816690587	1.00077327610947	0.995005910534116	1.00130280158538	0.999417888367536	0.988372949494802	1.15704852138961	1.1099618974193	1.00684931506849	1.02009220244802	1.03404011518848	1.00521633549853	1.07599552010224	0.820261046581248	0.77364255278163	0.986301369863014	0.952081743957953	0.960372514520676	0.988153790084738	0.842941618888239
2	20	before	1.02071773875549	1.01504146436621	0.999485824923923	0.994273416631434	1.00314392269698	0.999840770595794	0.994843681621886	1.12683625940523	1.103249050313	1.00505689001264	1.01970648365278	1.03016649673909	1.00504037865992	1.07363108332202	0.851308398136857	0.799856974440437	0.981132075471698	0.955972501857018	0.961345772356419	0.985548257578962	0.825975058265108
0	21	before	1	1	1	1	1	1	1	1.12464522232734	1.07036065096443	1.00505689001264	1.0251413480359	1.03786980321973	1.0052414474403	1.08091274482842	0.820093457943925	0.84254665132626	0.984848484848485	0.964807566283471	0.928844054203126	0.984166546706656	0.810254519186523
1	21	before	1.01763788546483	1.0101364747651	1.00072652205103	0.997140156049653	1.00157659553242	0.999866058414223	0.995660488342172	1.15717029449424	1.11717886101693	1.00505689001264	1.02443596350448	1.03665359733688	1.00543829762627	1.07964912832624	0.839926962872794	0.765332080369658	0.986093552465234	0.965403316525245	0.961538134478153	0.992836674679234	0.894489800141638
2	21	before	1.02580971719649	1.01919046727022	1.00030323096937	0.992775131151014	1.00097898599848	0.999087215282483	0.988696754121519	1.17062634989201	1.11203914411682	1.00505689001264	1.02027045230683	1.02960645811657	1.00459617235976	1.0676721369268	0.788081805359662	0.850760095276579	0.981132075471698	0.922417951085052	0.936211254854064	0.975247895561584	0.726286424855297
0	22	before	1	1	1	1	1	1	1	1.16241173275394	1.07631588688292	1.00252206809584	1.02458707702696	1.0392122505042	1.00614575427476	1.0950517245453	0.807465618860511	0.854571168221794	0.98547062539482	0.958508580164933	0.922458936894838	0.985525627562431	0.820478686861534
1	22	before	1.01641900691155	0.993165731398339	0.999809121943357	1.00000078314612	1.00524270295704	1.00116099472095	1.01357008954073	1.1444568868981	1.08843162888676	1.00252206809584	1.02481317098285	1.04072380502833	1.00546842877518	1.07986747188945	0.885548118073082	0.699012666049109	0.983606557377049	0.971087464750373	0.964515991657403	0.99528043683917	0.92739942423779
2	22	before	1.00867062151374	0.990676364350005	0.999136093824172	0.997989967997916	1.00535655128699	1.0007580858806	1.00772206943808	1.12573673870334	1.05864636676142	1.00125944584383	1.01847688812211	1.03029117245273	1.00486681895294	1.07197864545617	0.833387421302006	0.822220086567288	0.982367758186398	0.966157350463248	0.961040130416493	0.992118555864306	0.892106100232281
0	23	before	1	1	1	1	1	1	0.999999999999999	1.11398569471922	1.08648256002241	1.00252206809584	1.02291394412325	1.02946053759853	1.00536541372362	1.08390456854254	0.83485143539167	0.638173743772085	0.984848484848485	0.964106723175096	0.932188302184551	0.987096682707009	0.838777227624183
1	23	before	0.993427498811871	1.00542232569705	0.999547844094136	1.0067288262538	1.00287150944197	1.00083880911952	1.01082740376031	1.11231018268712	1.08307042069894	1.00252206809584	1.03321255252444	1.04175663077827	1.00621574214891	1.09545784507187	0.819283823324509	0.758566383274355	0.983606557377049	0.974350546573253	0.969355075844651	0.995125618793445	0.923968355367061
2	23	before	0.989006324231858	1.00629601725291	0.999723425294858	1.00188284134688	1.00195076033356	0.999940581341732	0.997296867184142	1.1073336571151	1.07974084599726	1.00252206809584	1.02782759102285	1.0267929819235	1.00393434262068	1.05733882103738	0.790679260222838	0.816337976166969	0.984848484848485	0.969165183107273	0.953600006618836	0.992173686221081	0.888421656209938
0	24	before	1	1	1	1	1	1	1	1.11467889908257	1.06813895131238	1.00505689001264	1.02473732493291	1.03136111730282	1.00533549029296	1.08216040482562	0.853673494419232	0.871120393040169	0.984952120383037	0.965472721295715	0.94293112982347	0.98634487600447	0.825909707569434
1	24	before	0.990402444247017	0.992347522703774	0.999936642695136	1.00955793873068	1.00335716486813	1.00116352229213	1.01597298048024	1.10439871625448	1.06600691743536	1.00505689001264	1.03403063023014	1.04434339325382	1.00645742153199	1.10424095912796	0.762855528348088	0.741906998914687	0.984952120383037	0.977100808907455	0.966606677889886	0.995788727653776	0.932827499302492
2	24	before	0.991915545552016	0.987755596724251	0.99955386213597	0.996756384387084	1.00200887028605	0.999388591948568	0.994282055827511	1.10956682881631	1.06831748578755	1.00505689001264	1.02339465592084	1.03225368294351	1.00530299053115	1.08162570809612	0.819331697187087	0.662616568200151	0.984952120383037	0.949747519035352	0.936465893240971	0.978159062725841	0.786197604688
0	25	before	1	1	1	1	1	1	1	1.11428926750404	1.07169839194228	1.00442198357549	1.02901121636007	1.0287059553875	1.00537674437853	1.08115695850404	0.792192881745121	0.887370174124501	0.98547062539482	0.958241788639153	0.958601998268441	0.984306576408255	0.815918275243174
1	25	before	1.01292028534766	0.989311117671582	1.00001938911033	1.00223051786179	1.00008099772201	1.00040337628466	1.00561058912097	1.13345733550337	1.07371577605683	1.00442198357549	1.02719648044851	1.03474740386327	1.00614011187048	1.09391387916881	0.879103282626101	0.636937154335007	0.98547062539482	0.935851578279936	0.933235463646611	0.982264498109508	0.79596961515355
2	25	before	1.00483715043042	1.00065381303026	1.00077071651723	0.995591874407609	0.999973298205926	0.99867704791626	0.982020299469923	1.13769035532995	1.08085041577481	1.00505689001264	1.02316757605793	1.03019096894516	1.00503747711603	1.07480343673888	0.76447323016484	0.798347427458008	0.986301369863014	0.945894186798773	0.93553176621702	0.98280462886169	0.793261682695388
0	26	before	1	1	1	1	1	1	1	1.14700881125367	1.09600904740914	1.00569259962049	1.02732775044749	1.02756331978266	1.00460560520216	1.07118176923216	0.808668076109937	0.723897512409262	0.986717267552182	0.97021081968348	0.959279650568285	0.991867715573027	0.886173862915269
1	26	before	0.997707708713529	0.999520357944696	1.00098929584591	0.996903199279266	0.999968278751829	0.999207565618773	0.991341489086974	1.12775457295117	1.09061953553674	1.00632911392405	1.02503369063246	1.03613644408254	1.00505579469959	1.07830680616796	0.825485579752796	0.720343699623997	0.990371389270977	0.937924760378052	0.950212480176985	0.98103883686866	0.795208694964687
2	26	before	1.0062307430709	1.00804841853174	1.00069629699201	0.991624334740299	1.0008989556509	0.998463915568371	0.983533935814624	1.14656771799629	1.10327355151522	1.00569259962049	1.02117728467418	1.03592434241892	1.00562998717838	1.08255980830858	0.790947270181988	0.675081969273275	0.987341772151899	0.935323435184935	0.936911774690529	0.979090288823316	0.758579020207245
0	27	before	1	1	1	1	1	1	1	1.13428671084758	1.07210211254948	1.00632911392405	1.02662298565778	1.02255548506678	1.00504738461956	1.07703295175316	0.732091557779631	0.742694670020749	0.98547062539482	0.958270029460815	0.965440476600924	0.990390193892378	0.871379705636842
1	27	before	0.983014948715228	0.991561973695884	1.00063612343401	0.998258804231908	1.0038568491669	1.00011675422992	1.00391534121089	1.10298387343242	1.07473645862067	1.00632911392405	1.02576860800954	1.04034540176245	1.0058206279996	1.09432456130087	0.804887265398665	0.697663966098639	0.986977381768335	0.947879473933313	0.917058789532105	0.983336106433092	0.802061466061566
2	27	before	1.01114084144668	1.0000448928389	1.00058299308831	0.995941363898937	1.0017878481366	0.999357948379675	0.994883798911178	1.12296851452079	1.08535583345068	1.00632911392405	1.02271551063609	1.03774732330189	1.00582268038552	1.09103514181562	0.832152416942214	0.728626202974207	0.987341772151899	0.942239526524792	0.938874699041976	0.982144770063024	0.794037159935748
0	28	before	1	1	1	1	1	1	1	1.10244371326112	1.0764455338567	1.00315457413249	1.02849827843057	1.02619138035686	1.00460823620695	1.06715135955812	0.838313681150057	0.868446053176747	0.984227129337539	0.942920072935928	0.961012781957654	0.984141965913778	0.829179047043803
1	28	before	1.00368798766633	0.996278159367986	1.00021805523575	0.996864286159489	0.998739348867152	0.999606199864403	0.993624931834006	1.14550749649445	1.07121366087517	1.00315457413249	1.02526854646911	1.03006162725711	1.00505414273602	1.07532085276495	0.815446014453673	0.864143947151353	0.984227129337539	0.947322406572966	0.937651303037157	0.984957941445222	0.81020813398204
2	28	before	1.01702340790333	0.984358177262538	1.00037234258349	0.997770186670838	1.00137055371131	1.0002503628505	1.00379924911674	1.13390405427233	1.07312522750199	1.00409836065574	1.02491422803949	1.04191032208023	1.00685668592476	1.10632301087383	0.865394677177439	0.653796125703002	0.987967067764408	0.956785602118426	0.946827336909712	0.986007527882439	0.823459824229491
0	29	before	1	1	1	1	1	1	1	1.11697521956047	1.07095210651124	1.00315457413249	1.02871423770544	1.02627193849293	1.00485009205313	1.06992644657919	0.820986154967209	0.787692810812403	0.984227129337539	0.952135676136485	0.967323497915404	0.984708213863672	0.820271721109082
1	29	before	1.03372332191612	1.01582264611822	0.999646401810044	0.998000789291248	1.00014116161253	1.00028088257313	1.00238451145726	1.18495026668589	1.10005078387751	1.00315457413249	1.0253760436742	1.02711650791871	1.00536125177433	1.07809170595137	0.887537045702698	0.873806595660983	0.982986767485822	0.959079832893807	0.942121024048503	0.989035663804208	0.85657273681246
2	29	before	1.01659003246713	0.9999050857805	0.999967874411036	0.997602992477468	1.00232849474173	1.00017217163675	1.00257826988243	1.16340444248955	1.07880788526455	1.00315457413249	1.02310545063811	1.03870284465366	1.00610671301872	1.09550835117066	0.824749668018519	0.760525439830052	0.984227129337539	0.95957490881363	0.953404466543691	0.989138225707027	0.855819394469225
0	30	before	1	1	1	1	1	1	1	1.10910199991286	1.06925822193339	1.00378787878788	1.02491687181925	1.03088658220712	1.00384845310479	1.05761119205257	0.824315722469765	0.841558756768583	0.984848484848485	0.966560761983217	0.966730530684914	0.995062939467975	0.93043857453482
1	30	before	1.00888537553225	1.00549670137197	0.998661433497816	0.996947527790048	1.00226087057455	1.0000255463838	1.00150442161558	1.13399621212121	1.07839541317947	1.00378787878788	1.02373779407993	1.02242294067113	1.00484298780697	1.07443942572774	0.848982785602504	0.879121383444479	0.981132075471698	0.962594586904948	0.954806203794768	0.98961355392787	0.863067294278411
2	30	before	1.0077293499036	0.997634019882638	0.999317471806821	0.998854981396146	0.99728984181946	0.999126372877459	0.990280555925479	1.12063389391979	1.06012508193815	1.00378787878788	1.02399739366778	1.03442936155191	1.00521173969632	1.08267659865807	0.842044966346842	0.855329567357139	0.982367758186398	0.950917902303277	0.924975037878996	0.983074062746061	0.795307926738845
0	31	before	1	1	1	1	1	1	1	1.12478286045165	1.08428005111106	1.00442198357549	1.02478126188438	1.02835326212254	1.00555089820285	1.08604199706888	0.828350334154063	0.768598252152808	0.984227129337539	0.960336627448888	0.941935209118576	0.985772754582038	0.841043430571258
1	31	before	1.01469107751064	1.00813876132636	1.00118708027002	0.997846961046579	1.00993103353268	1.00120183744191	1.0163005468403	1.1550764127473	1.09444407822239	1.00632911392405	1.02284690327767	1.03515681011152	1.00638416387256	1.10045530717155	0.859847488824612	0.680984620239245	1	0.964361919196273	0.965321622877554	0.993583480264554	0.910737403615096
2	31	before	1.02377269235685	1.00886648014979	1.00074593438303	0.997932239735327	0.99885924678218	0.999397747068127	0.991485263131453	1.1563981042654	1.10907129469508	1.00632911392405	1.02457574367313	1.03463578672501	1.00538499401972	1.08122899455789	0.833626450932114	0.763705218825219	0.987967067764408	0.958110198562561	0.943873906339175	0.987356921838157	0.836926890030663
0	32	before	1	1	1	1	1	1	1	1.11218103033221	1.08083843880901	1.00505689001264	1.021834573656	1.02804201675728	1.00446372284028	1.06991605253884	0.832971800433839	0.788449246196024	0.98547062539482	0.968064516594527	0.963260549734467	0.992273126470858	0.892742689441122
1	32	before	1.00782812212582	1.02141082915242	1.00118596221568	0.995542647659172	1.0088117320442	1.0004619039822	1.00705528908486	1.13353149651309	1.10511449740492	1.00632911392405	1.02254269244317	1.03426423131905	1.00480822008635	1.07360811286577	0.851145038167939	0.904914299926801	1	0.958600212276479	0.978362289146859	0.99253984384759	0.894960637239005
2	32	before	0.994644916004017	0.994272072793548	1.00012171008696	0.997142623138063	1.00171487133471	0.999462892777238	0.992559828405077	1.1055769561057	1.07664297302222	1.00505689001264	1.02940930973598	1.02899074802577	1.00425129084926	1.06109047765112	0.817777083496056	0.749438800105555	0.982367758186398	0.955555138401358	0.965745465190423	0.991498252395905	0.884989051290299
0	33	before	1	1	1	1	0.999999999999998	1	1	1.12690789786506	1.08279964219228	1.00189035916824	1.02012425978887	1.03064492285541	1.00469032473343	1.0727153655614	0.848394227018593	0.732286589550837	0.984227129337539	0.970546391532493	0.95423407859607	0.990949811455076	0.875354316128367
1	33	before	1.00514558515833	1.00681032555675	0.999822462866745	0.999406083113207	1.00593167091732	1.00040935421829	1.00503874094812	1.13761319534282	1.07901641930011	1.00189035916824	1.02630935805836	1.03353958491486	1.00492482918631	1.07435982983827	0.824038794596467	0.795543213146996	0.982986767485822	0.968553670098828	0.969931669440297	0.994404388077039	0.920365695501681
2	33	before	1.00145097153592	1.00740928412262	0.999526452216269	0.993281674095711	0.99762711594368	0.998626824108402	0.981257216854977	1.13587883959044	1.07704467657033	1.00189035916824	1.02057167872915	1.02539913232125	1.00338753979139	1.04995650532013	0.8125	0.869222008241701	0.982986767485822	0.945129837796387	0.956578937166268	0.984150220554916	0.803010966772536
0	34	before	1	1	1	1	1	1	1	1.09780111585166	1.08306201205738	1.00569259962049	1.02883440829214	1.02801504038098	1.0053876086567	1.08042360004878	0.843709347704888	0.696438179301425	0.984848484848485	0.926788309137736	0.959230759514734	0.978304429041028	0.754103575111349
1	34	before	1.02116179352551	1.01659033862131	0.999914857056597	1.00455618854525	1.0038940503224	1.00113778809275	1.01367194762886	1.16097704532078	1.09482990185554	1.00569259962049	1.03607980461226	1.03479349796319	1.00686665253493	1.10539057693445	0.878757270732472	0.843758754368949	0.983606557377049	0.972666257117501	0.967959470981202	0.994264174506144	0.915223578373537
2	34	before	1.03689183192766	1.00782323020696	0.99917602400574	0.994430688039142	0.992969075861088	0.998919561108298	0.981353458159513	1.16728242061451	1.09126903852298	1.00409836065574	1.01794803800767	1.02092772257989	1.00356951814244	1.05014743716814	0.867271105826397	0.703120639339933	0.981132075471698	0.939180563451836	0.938074961755532	0.984418155350987	0.810097690698895
0	35	before	1	1	1	1	1	1	1	1.11329404060249	1.07678684071693	1.00632911392405	1.0262901227726	1.02615885287331	1.00424485603061	1.06583863298578	0.812476652969742	0.797576308293401	0.986093552465234	0.947317620759162	0.967953707758364	0.991753124116955	0.885104762914525
1	35	before	1.00348924953911	1.00791697841847	1.00022128688544	0.999295022510728	1.00477296943521	1.00054465829346	1.00806517509355	1.14260407440213	1.07870013632861	1.00632911392405	1.02901284667585	1.03405691342857	1.0056874159195	1.09279427421902	0.816161616161616	0.882888447494364	0.987341772151899	0.964878716832691	0.970317972347699	0.994448303222	0.918606127085036
2	35	before	1.01654530836809	1.00920633234182	1.00008166965384	0.988088670177087	0.992490003076465	0.997032765884891	0.963222306139974	1.1685896538623	1.08962816682101	1.00632911392405	1.0157023429499	1.02122939128708	1.00294894156871	1.04411294459969	0.799183180953265	0.857610692904985	0.984848484848485	0.922728114909323	0.928991835357952	0.975990415211142	0.740897115238621
0	36	during	1	1	1	1	1	1	1	1.11552653988078	1.07605500017488	1.00569259962049	1.02216560182709	1.03037860006236	1.00471659535026	1.07284049122524	0.839556296672225	0.743762238236175	0.98547062539482	0.960452300547406	0.961803257845055	0.99203729019332	0.890295214665268
1	36	during	0.968436427198064	0.981701788185141	0.999969630354343	0.993736118535552	1.00224662405479	0.99946918194559	0.993198801915728	1.10758377425044	1.08690827315844	1.00569259962049	1.01946993885903	1.02891742578541	1.00477288891346	1.07127447874178	0.733197556008147	0.657746080988208	0.982367758186398	0.959759073001526	0.958201161824453	0.990398788550467	0.868898507696057
2	36	during	0.846462078879459	0.88984046357543	0.998456758636228	0.987200524584373	0.986090382391758	0.994415151304137	0.933864161613047	1.07538918102775	1.06663874257911	1.00442198357549	1.01681390211265	1.02941379768702	1.00303172516243	1.04506947131559	0.25764974357716	0.221314056240124	0.967741935483871	0.939359901160359	0.897625718914141	0.971919657116252	0.712084583134992
0	37	during	1	1	1	0.999999999999999	1	1	1	1.11481657932349	1.07740298577027	1.00442198357549	1.02707611578481	1.03384731618693	1.0057839853851	1.08628364522654	0.837676842889054	0.845268853833756	0.98547062539482	0.94791650705193	0.931913477078376	0.982823188150588	0.797723039358119
1	37	during	0.952352630834577	0.972595415729078	1.00040700671641	0.992794455962016	0.998336080122204	0.997878484626653	0.971226394635229	1.11937774771728	1.07538554684739	1.00442198357549	1.01978018340107	1.02971574762276	1.0047601737925	1.06841663358604	0.712626689189189	0.671945586362089	0.98547062539482	0.935666364207858	0.935544549156557	0.979139360571852	0.760858688358569
2	37	during	0.80140457862427	0.89135023416788	0.998421161629127	0.971960248931846	0.983149071231346	0.989905438778193	0.883649874370781	1.02906145783707	1.06522740803637	1.00442198357549	1.00616643099951	1.03667132212897	1.00199499053081	1.02305003909776	0.274915540540541	0.234879249174136	0.96651926721415	0.910075632430107	0.905634780802464	0.960858433488612	0.643326242693151
0	38	during	1	1	1	1	1	1	1	1.11015296940612	1.08372979259474	1.00760456273764	1.02760033460962	1.02685934999166	1.00466849480945	1.06916682029427	0.778336306145614	0.742330963228981	0.984227129337539	0.956857824581478	0.956013573136685	0.988735781001064	0.856216470399393
1	38	during	0.99267034257708	0.980042067002819	1.00023204185577	0.990289454157488	0.999339345212407	0.998457219289992	0.979267094305563	1.16151740320688	1.0984358736722	1.00760456273764	1.01792407001219	1.03982949658725	1.00508611369522	1.07656947354294	0.757225607011015	0.633124449875465	0.986093552465234	0.954238747156703	0.958786351614586	0.987974715153748	0.853156718333966
2	38	during	0.806876297053123	0.889972178042301	0.999179200598687	0.96565484718787	0.973725257071948	0.986202096094586	0.855155237069088	1.05470105238811	1.07443436955804	1.00952380952381	1.00150070286858	1.03292027577702	0.999951564284776	0.995565066713786	0.280920795942255	0.248992338510067	0.96958174904943	0.876987319698452	0.833758274179842	0.927112786143305	0.499888625739797
0	39	during	1	1	1	1	0.999999999999999	1	1	1.11304073255447	1.0708715709971	1.00505689001264	1.02576284008546	1.03464795187461	1.00509933736933	1.07494237116404	0.807995791688585	0.884833072655872	0.98547062539482	0.954618031660093	0.943145349121476	0.985847225173204	0.827482387234677
1	39	during	0.98072040330986	0.969586707615382	0.99888152196225	0.992606070177927	0.998102282679306	0.998254858471177	0.975907550835691	1.13539026308889	1.07866024803941	1.00442198357549	1.02542445074617	1.02911857244433	1.00425116273535	1.06177366476203	0.744413731985736	0.658342758253466	0.981132075471698	0.944764922203451	0.960634874006928	0.983756380561088	0.81115165378705
2	39	during	0.826305624150865	0.88828249788309	0.998195467523987	0.966930698049413	0.975211525930065	0.987711884898649	0.862720524710164	1.06284712072493	1.0626009144338	1.00442198357549	1.0022854452436	1.0289489471362	1.00053260003088	1.00204690664009	0.28835238023159	0.25886701511905	0.967130214917825	0.922291258379256	0.896823720469063	0.959954344389604	0.645093976033464
0	40	during	1	1	1	1	1	0.999999999999999	1	1.11554297478127	1.07653912171341	1.00315457413249	1.02642775752803	1.03328159176959	1.00461906431375	1.07129222682776	0.845882729894265	0.834774042776608	0.984227129337539	0.960789936617465	0.958045954736472	0.990219876158719	0.874572553147216
1	40	during	0.988034503121495	0.986490056694664	0.999900128492451	0.989153249162404	0.994412740936773	0.997040787839334	0.960889933254102	1.13990461049285	1.08856181436566	1.00315457413249	1.018131641463	1.02061583661301	1.00255876738911	1.03665029177462	0.744385792251946	0.684072373006265	0.983606557377049	0.947502576062679	0.944472169694268	0.979546333410774	0.773063116022803
2	40	during	0.810097036031386	0.901548176336396	0.998216226020441	0.968749510543804	0.968845740874648	0.98657789590058	0.849841343074003	1.02783334518019	1.08222146055263	1.00252206809584	1.0033731147192	1.02201579416988	0.999960614268022	0.996056133442201	0.278127359677825	0.265091641538639	0.967130214917825	0.911099593120259	0.884106328491476	0.957562197932318	0.627493606817793
0	41	during	1	1	1	1	1	1	1	1.10895507907247	1.08120944803593	1.00378787878788	1.02560253164828	1.0417659101049	1.00559201640845	1.08380149314469	0.845054595171652	0.848901196896047	0.98547062539482	0.971516992052067	0.957673351445031	0.991163827196626	0.885427509207275
1	41	during	0.970023886833709	0.980102303566241	0.999446848214909	0.987928576119058	0.997348604489385	0.997729161039813	0.968092912068134	1.12556014409982	1.08887126070523	1.00378787878788	1.01277278896421	1.03211470211146	1.00383495948435	1.05633390856168	0.746959688869683	0.681478294471733	0.983606557377049	0.952713612490636	0.960687562385838	0.988501762181572	0.849257815471125
2	41	during	0.806274463314685	0.899553322237882	0.998365035500711	0.967411587973527	0.972480790151674	0.98713318625402	0.856247419854089	1.06447314473145	1.09718026220304	1.00252206809584	1.00140369095324	1.02770178281777	1.0011408531963	1.01383974460614	0.280881535897278	0.257656193355881	0.96651926721415	0.916724323900383	0.893220343804816	0.960562054389989	0.635932224892121
0	42	during	1	1	1	1	1	1	1	1.11214518380642	1.07698604057123	1.00505689001264	1.02484194554766	1.04066215770535	1.00592940585797	1.08892886229594	0.825648723997426	0.8431174367519	0.984848484848485	0.95716460823759	0.936648068815101	0.984990982209714	0.818067881749779
1	42	during	0.965306335094153	0.972230827141251	0.999025454466883	0.986698284101539	1.00109358742758	0.997897894239068	0.972689138158127	1.14442567567568	1.09646977877092	1.00378787878788	1.00993259221377	1.04230110585296	1.00579016504011	1.08936469541012	0.763306199123356	0.632227168392737	0.984848484848485	0.932783377897678	0.949960550450226	0.981454827025154	0.787728174131919
2	42	during	0.78473888210826	0.895550112780673	0.997980293163472	0.973531753342324	0.983805013587558	0.989484913569657	0.878750333562259	1.01155230960872	1.08021968413846	1.00378787878788	1.00732027085431	1.0321200585273	1.00030529936983	0.999043703338797	0.287413901064496	0.26611287955791	0.967130214917825	0.925776374275634	0.912268827579514	0.963496832747172	0.668340737170055
0	43	during	1	1	1	0.999999999999999	1	1	1	1.10129012097674	1.07846406576692	1.00505689001264	1.02507842212689	1.04290877120685	1.00599096287457	1.09256961752056	0.851735015772871	0.8040306510751	0.98547062539482	0.970510635956228	0.956390737186709	0.991337696885848	0.883517771576455
1	43	during	0.962104992897699	0.979045788088851	0.999674229305484	0.985538583304051	0.996471664006737	0.996712794595935	0.958679565544774	1.1153334600038	1.09984491326127	1.00505689001264	1.01244388640832	1.03265557620156	1.00437939306426	1.06594703097501	0.752778109690525	0.643826842692085	0.983606557377049	0.940950909192043	0.940217439669959	0.977071118535271	0.757335610652966
2	43	during	0.804722665481339	0.909607170787794	0.998668865848834	0.972536343943635	0.981044953313887	0.988929973196108	0.873452045058514	1.04384724186704	1.09657831577585	1.00505689001264	1.00678355982928	1.02749910333808	1.00083346289709	1.00866505015705	0.28587644879914	0.265945707369122	0.967130214917825	0.921753811509154	0.906896589467732	0.962574751246452	0.6554117648342
0	44	during	1	1	1	1	1	1	1	1.10718700335511	1.07066590385545	1.00252206809584	1.02448489846205	1.03320246405516	1.00482661254887	1.06949985620763	0.859415416451112	0.757433568025629	0.983606557377049	0.966369186739092	0.950749384033865	0.989828043242916	0.86884134248767
1	44	during	0.967452562503279	0.987903961026105	0.998644732500418	0.985783824506532	0.992664309521733	0.995912345863965	0.949140168863178	1.1264491197939	1.09536623256003	1.00252206809584	1.01154162360986	1.02980226244313	1.00390648255262	1.05508496525004	0.729536258948024	0.688130629214454	0.981749528005034	0.931462626323276	0.914682380978347	0.972715837707003	0.712423500358279
2	44	during	0.801840658031071	0.919051620238704	0.996687167607711	0.968674581513742	0.973353651820712	0.986628397925571	0.856257127369923	1.04979108635098	1.11971046791541	1.00125944584383	1.00414495049748	1.02724477703984	1.00076539691396	1.00737061549821	0.278244631185808	0.266126308381278	0.96469104665826	0.901331184489935	0.845218326318981	0.930707048346658	0.521692660146575
0	45	during	1	1	1	1	1	1	1	1.11587027868944	1.09352694890443	1.00442198357549	1.02624306511066	1.0358521845395	1.00641439853981	1.09342225031968	0.824876398646891	0.667456836503833	0.98547062539482	0.948338763787468	0.92963004676578	0.982247259477749	0.790791265172875
1	45	during	0.970334937646273	0.990452589667635	0.999377390577585	0.990958119171309	0.998189559931227	0.997679626160622	0.97054744048754	1.11627906976744	1.09817693886502	1.00442198357549	1.01458994829789	1.03474472176984	1.00588713343085	1.08311740421383	0.743918204254319	0.668869213150315	0.981749528005034	0.935285046721424	0.939718341015314	0.9703540545495	0.709487115147127
2	45	during	0.792431234496219	0.914945401095888	0.998685700389176	0.968992795622193	0.982168169254035	0.988782971002377	0.877217677496586	1.05372894947875	1.1081093743255	1.00189035916824	1.00720349720944	1.03494387474169	1.00251347006734	1.02829247113787	0.279746597252713	0.260293097559832	0.982367758186398	0.90358809377803	0.87949034972652	0.949177658695791	0.585882392091594
0	46	after	1	1	1	0.999999999999997	1	1	1	1.11548087236325	1.08220759078864	1.00315457413249	1.02887045485037	1.03264403614456	1.00544601824054	1.08037947444755	0.839430111667309	0.833819612789762	0.984848484848485	0.954893059729927	0.934906257244521	0.985877229379622	0.831416339959353
1	46	after	1.00781279206218	1.00978744653627	0.998976812297928	0.995892257887987	1.00572345966383	1.00008477116445	1.00071054501972	1.13565318951599	1.10383039376834	1.00252206809584	1.02682373587878	1.03945729641155	1.00648587370567	1.09717069994598	0.767173252279635	0.778685922541463	0.982264665757162	0.955780601513183	0.957881163246676	0.987063871669061	0.837526953581586
2	46	after	0.905657935038398	1.00817609454776	0.999406476994814	0.978236198645974	0.999155328205919	0.994845784910851	0.938343730998875	1.07489328676756	1.12280843452034	1.00315457413249	1.00947711840788	1.04403806619907	1.00447796274597	1.06019070637349	0.729154450568782	0.761930576515391	0.983606557377049	0.939645438080606	0.931246871719526	0.969293213457652	0.699870539117217
0	47	after	1	1	1	1	1	1	1	1.12824207492795	1.09421248994701	1.00569259962049	1.03213734898358	1.03211672505124	1.00615564762731	1.08967558898962	0.778926955397544	0.761488338665967	0.986093552465234	0.964379192216681	0.923148245191527	0.986066934417584	0.826936252613537
1	47	after	1.01989134597552	1.01461812205546	1.0013215956153	0.998012232472451	1.00587014984549	1.00074379364753	1.00999671904101	1.15791951047305	1.11640979149069	1.00824350031706	1.02421534587254	1.04558847472169	1.00745285547696	1.11074814841518	0.812680115273775	0.789605592829814	0.997229916897507	0.96213681819877	0.957393049967096	0.989190053286657	0.854639332675501
2	47	after	0.945684791336836	1.01885479016276	1.0005264143223	0.985894287018768	1.00441567170328	0.997500427802446	0.967703205905397	1.11654392225344	1.13448072763645	1.00569259962049	1.01362124213584	1.05059003544132	1.00591073780143	1.08517380105884	0.747838616714697	0.834066497853629	0.986717267552182	0.941390924440411	0.943970882660035	0.977727217455421	0.746821387470781
0	48	after	1	1	1	1	0.999999999999999	1	1	1.13863744640305	1.08467240333817	1.00315457413249	1.02924751510232	1.03792417536016	1.00778990502596	1.11402615440778	0.813190795433955	0.781204748315214	0.98547062539482	0.93056192010223	0.918613663904886	0.979059918580549	0.787344543203424
1	48	after	1.03476385522088	1.02248300185598	0.99942581133878	1.00489609161324	1.00827499304805	1.00202823185342	1.02171033132691	1.16653726708075	1.12498956411249	1.00315457413249	1.03378330677922	1.04263872909516	1.0078106020461	1.11235017366323	0.83955812730142	0.748534086634558	0.982367758186398	0.966060211776893	0.963021954486287	0.994498543395204	0.913587837959286
2	48	after	0.934396100722125	1.00240179001793	1.00025758568306	1.00002655814845	1.00789807838147	0.99994136166988	0.99416816126309	1.07865952990458	1.0847043888809	1.00315457413249	1.02841113123578	1.04760142566356	1.0079334989337	1.11669999515523	0.717331182300069	0.866427340302565	0.984227129337539	0.94067007725549	0.946621966984547	0.985851278937387	0.819340137970236
0	49	after	1	1	1	1	1	1	1	1.11513034801048	1.08335863173645	1.00442198357549	1.02808949399816	1.03329529017041	1.00681157398866	1.099475230691	0.84788029925187	0.837963426110908	0.98547062539482	0.944894690233326	0.907757191042391	0.982206334219474	0.792168944862125
1	49	after	1.0045023684969	1.00915347554102	1.0001754011735	0.999999323541098	1.00440466218297	1.0005756260961	1.00496245745392	1.14700822022558	1.11140240357899	1.00442198357549	1.0286337093203	1.03693581277391	1.00649444964373	1.09531733467525	0.764469204580625	0.762700094308589	0.98547062539482	0.941375310345934	0.958156305197841	0.987993931761122	0.840312865224956
2	49	after	0.922182802172963	0.980805290483094	0.999364599422581	1.00361879622325	1.00766611525094	1.00027861814533	1.00234144604371	1.07027082654409	1.07689514905506	1.00252206809584	1.03232052080827	1.04803106414115	1.00771391175786	1.11759065275225	0.717089583625403	0.682052346228536	0.980926430517711	0.96680286283099	0.954562555567702	0.988943471397904	0.855443275306691
0	50	after	1	1	1	1	1	1	1	1.14072085889571	1.08302781639795	1.00442198357549	1.02938838615467	1.03379326063902	1.00669055589654	1.10049082908433	0.811401227504421	0.822299103451635	0.986093552465234	0.958507308930385	0.915197330459091	0.981659613109261	0.784035378419825
1	50	after	1.00308080090993	1.0070580019222	0.999441457840677	1.00029817555447	1.00427491997418	1.00067528724797	1.00636171607615	1.12559123475762	1.09662665981623	1.00442198357549	1.02857776027042	1.03792201314623	1.00569878218686	1.08417752520195	0.775901694603622	0.742098944530793	0.981132075471698	0.968711359254581	0.948171299210559	0.98852853845569	0.846236432868453
2	50	after	0.948677798699964	0.997289738224576	0.999869505630525	0.995646080425565	1.00392531211168	0.998646758846305	0.986657411622289	1.08710944872433	1.08528863804527	1.00442198357549	1.02962512716309	1.04740092509213	1.00772114863234	1.1215076263949	0.718574187589218	0.770391033415051	0.982986767485822	0.927521306329924	0.903735880166867	0.973643082810559	0.730431952996527
