Application rate	PFT	year	mean.10	min.10	max.10	mean.10_20	min.10_20	max.10_20	mean.20_30	min.20_30	max.20_30	mean.30_40	min.30_40	max.30_40	mean.40_50	min.40_50	max.40_50	mean.50	min.50	max.50
0	LSCTcl3p	1	30	30	5	0	0	0	0	0	25	0	0	0	0	0	0	0	0	0
90	LSCTcl3p	1	30	30	5	0	0	5	0	0	19	0	0	1	0	0	0	0	0	0
260	LSCTcl3p	1	30	30	5	0	0	24	0	0	1	0	0	0	0	0	0	0	0	0
0	LSCTcl3p	2	30	30	0	0	0	0	0	0	1	0	0	5	0	0	8	0	0	16
90	LSCTcl3p	2	22	30	0	3	0	0	5	0	1	0	0	8	0	0	9	0	0	12
260	LSCTcl3p	2	25	30	3	3	0	8	2	0	4	0	0	8	0	0	2	0	0	5
0	LSCTcl3p	3	30	30	0	0	0	0	0	0	0	0	0	0	0	0	0	0	0	30
90	LSCTcl3p	3	30	30	0	0	0	0	0	0	0	0	0	0	0	0	0	0	0	30
260	LSCTcl3p	3	26	30	0	4	0	0	0	0	1	0	0	5	0	0	8	0	0	16
0	LSCTcl3p	4	30	30	0	0	0	0	0	0	0	0	0	0	0	0	0	0	0	30
90	LSCTcl3p	4	29	30	0	1	0	0	0	0	0	0	0	0	0	0	0	0	0	30
260	LSCTcl3p	4	26	30	0	4	0	0	0	0	0	0	0	0	0	0	0	0	0	30
0	LSCTcl3p	5	30	30	0	0	0	0	0	0	0	0	0	0	0	0	0	0	0	30
90	LSCTcl3p	5	30	30	0	0	0	0	0	0	0	0	0	0	0	0	0	0	0	30
260	LSCTcl3p	5	22	30	0	8	0	0	0	0	0	0	0	0	0	0	0	0	0	30
0	LSCTcl3p	6	30	30	0	0	0	0	0	0	0	0	0	0	0	0	0	0	0	30
90	LSCTcl3p	6	29	30	0	1	0	0	0	0	0	0	0	0	0	0	0	0	0	30
260	LSCTcl3p	6	25	30	0	5	0	0	0	0	0	0	0	0	0	0	0	0	0	30
0	LSCTcl3p	7	30	30	0	0	0	0	0	0	0	0	0	0	0	0	0	0	0	30
90	LSCTcl3p	7	19	30	0	11	0	0	0	0	0	0	0	0	0	0	0	0	0	30
260	LSCTcl3p	7	26	30	0	2	0	0	2	0	0	0	0	0	0	0	0	0	0	30
0	LSCTcl3p	8	30	30	0	0	0	0	0	0	0	0	0	0	0	0	1	0	0	29
90	LSCTcl3p	8	27	30	0	3	0	0	0	0	0	0	0	0	0	0	1	0	0	29
260	LSCTcl3p	8	23	30	0	7	0	0	0	0	0	0	0	0	0	0	1	0	0	29
0	LSCTcl3p	9	30	30	0	0	0	0	0	0	0	0	0	0	0	0	1	0	0	29
90	LSCTcl3p	9	21	30	0	8	0	0	0	0	0	1	0	0	0	0	1	0	0	29
260	LSCTcl3p	9	5	30	0	7	0	0	13	0	0	1	0	0	4	0	1	0	0	29
0	LSCTcl3p	10	30	30	0	0	0	0	0	0	0	0	0	0	0	0	0	0	0	30
90	LSCTcl3p	10	1	30	0	13	0	0	12	0	0	4	0	0	0	0	0	0	0	30
260	LSCTcl3p	10	1	25	0	2	0	0	6	2	0	16	2	0	0	1	0	5	0	30
0	LSCTcl3p	11	30	30	0	0	0	0	0	0	0	0	0	0	0	0	2	0	0	28
90	LSCTcl3p	11	0	30	0	1	0	0	10	0	0	14	0	0	5	0	2	0	0	28
260	LSCTcl3p	11	23	30	0	2	0	0	0	0	0	4	0	0	1	0	2	0	0	28
0	LSCTcl3p	12	30	30	0	0	0	0	0	0	1	0	0	3	0	0	3	0	0	23
90	LSCTcl3p	12	0	30	0	4	0	0	2	0	1	14	0	3	10	0	3	0	0	23
260	LSCTcl3p	12	25	30	0	0	0	0	0	0	1	5	0	3	0	0	3	0	0	23
0	LSCTcl3p	13	30	30	0	0	0	0	0	0	0	0	0	0	0	0	9	0	0	21
90	LSCTcl3p	13	0	28	0	0	1	0	10	1	0	9	0	0	8	0	9	3	0	21
260	LSCTcl3p	13	25	30	0	1	0	0	0	0	0	4	0	0	0	0	9	0	0	21
0	LSCTcl3p	14	30	30	0	0	0	0	0	0	0	0	0	1	0	0	5	0	0	24
90	LSCTcl3p	14	0	26	0	13	0	0	8	3	0	3	1	1	1	0	5	5	0	24
260	LSCTcl3p	14	25	30	0	0	0	0	0	0	0	0	0	1	5	0	5	0	0	24
0	LSCTcl3p	15	30	30	0	0	0	0	0	0	1	0	0	3	0	0	2	0	0	24
90	LSCTcl3p	15	0	30	0	7	0	0	9	0	1	10	0	3	4	0	2	0	0	24
260	LSCTcl3p	15	25	30	0	0	0	0	0	0	1	5	0	3	0	0	2	0	0	24
0	LSCTcl3p	16	30	30	0	0	0	0	0	0	0	0	0	3	0	0	4	0	0	23
90	LSCTcl3p	16	5	30	0	4	0	0	13	0	0	7	0	3	1	0	4	0	0	23
260	LSCTcl3p	16	26	30	0	3	0	0	1	0	0	0	0	3	0	0	4	0	0	23
0	LSCTcl3p	17	30	30	0	0	0	0	0	0	0	0	0	4	0	0	4	0	0	22
90	LSCTcl3p	17	5	30	0	5	0	0	10	0	0	8	0	4	2	0	4	0	0	22
260	LSCTcl3p	17	29	30	0	1	0	0	0	0	0	0	0	4	0	0	4	0	0	22
0	LSCTcl3p	18	30	30	0	0	0	0	0	0	0	0	0	1	0	0	8	0	0	21
90	LSCTcl3p	18	0	27	0	6	2	0	10	1	0	6	0	1	5	0	8	3	0	21
260	LSCTcl3p	18	25	30	0	1	0	0	4	0	0	0	0	1	0	0	8	0	0	21
0	LSCTcl3p	19	30	30	0	0	0	0	0	0	0	0	0	4	0	0	4	0	0	22
90	LSCTcl3p	19	0	18	0	0	8	0	7	3	0	12	1	4	7	0	4	4	0	22
260	LSCTcl3p	19	26	30	0	4	0	0	0	0	0	0	0	4	0	0	4	0	0	22
0	LSCTcl3p	20	30	30	0	0	0	0	0	0	0	0	0	0	0	0	6	0	0	24
90	LSCTcl3p	20	0	18	0	0	0	0	2	6	0	15	3	0	5	3	6	8	0	24
260	LSCTcl3p	20	25	30	0	0	0	0	1	0	0	4	0	0	0	0	6	0	0	24
0	LSCTcl3p	21	30	30	0	0	0	0	0	0	3	0	0	3	0	0	3	0	0	21
90	LSCTcl3p	21	13	30	0	7	0	0	8	0	3	2	0	3	0	0	3	0	0	21
260	LSCTcl3p	21	30	30	0	0	0	0	0	0	3	0	0	3	0	0	3	0	0	21
0	LSCTcl3p	22	30	30	0	0	0	0	0	0	0	0	0	1	0	0	4	0	0	25
90	LSCTcl3p	22	17	30	0	9	0	0	4	0	0	0	0	1	0	0	4	0	0	25
260	LSCTcl3p	22	30	30	0	0	0	0	0	0	0	0	0	1	0	0	4	0	0	25
0	LSCTcl3p	23	30	30	0	0	0	0	0	0	0	0	0	1	0	0	8	0	0	21
90	LSCTcl3p	23	21	30	0	5	0	0	4	0	0	0	0	1	0	0	8	0	0	21
260	LSCTcl3p	23	29	30	0	0	0	0	1	0	0	0	0	1	0	0	8	0	0	21
0	LSCTcl3p	24	30	30	0	0	0	0	0	0	1	0	0	2	0	0	7	0	0	20
90	LSCTcl3p	24	29	30	0	1	0	0	0	0	1	0	0	2	0	0	7	0	0	20
260	LSCTcl3p	24	30	30	0	0	0	0	0	0	1	0	0	2	0	0	7	0	0	20
0	LSCTcl3p	25	30	30	0	0	0	0	0	0	0	0	0	2	0	0	5	0	0	23
90	LSCTcl3p	25	15	30	0	13	0	0	2	0	0	0	0	2	0	0	5	0	0	23
260	LSCTcl3p	25	28	30	0	2	0	0	0	0	0	0	0	2	0	0	5	0	0	23
0	MECIcl3p	1	30	30	5	0	0	2	0	0	19	0	0	4	0	0	0	0	0	0
90	MECIcl3p	1	23	30	5	7	0	0	0	0	2	0	0	22	0	0	1	0	0	0
260	MECIcl3p	1	6	30	5	24	0	0	0	0	0	0	0	4	0	0	21	0	0	0
0	MECIcl3p	2	30	30	0	0	0	0	0	0	2	0	0	9	0	0	6	0	0	13
90	MECIcl3p	2	6	30	0	24	0	0	0	0	0	0	0	5	0	0	7	0	0	18
260	MECIcl3p	2	0	30	0	10	0	0	20	0	0	0	0	1	0	0	6	0	0	23
0	MECIcl3p	3	30	30	0	0	0	0	0	0	0	0	0	1	0	0	5	0	0	24
90	MECIcl3p	3	30	30	0	0	0	0	0	0	0	0	0	0	0	0	0	0	0	30
260	MECIcl3p	3	1	30	0	19	0	0	10	0	0	0	0	0	0	0	0	0	0	30
0	MECIcl3p	4	30	30	0	0	0	0	0	0	0	0	0	0	0	0	6	0	0	24
90	MECIcl3p	4	30	30	0	0	0	0	0	0	0	0	0	0	0	0	0	0	0	30
260	MECIcl3p	4	25	30	0	4	0	0	1	0	0	0	0	0	0	0	0	0	0	30
0	MECIcl3p	5	30	30	0	0	0	0	0	0	0	0	0	0	0	0	0	0	0	30
90	MECIcl3p	5	30	30	0	0	0	0	0	0	0	0	0	0	0	0	0	0	0	30
260	MECIcl3p	5	30	30	0	0	0	0	0	0	0	0	0	0	0	0	0	0	0	30
0	MECIcl3p	6	30	30	0	0	0	0	0	0	0	0	0	0	0	0	0	0	0	30
90	MECIcl3p	6	30	30	0	0	0	0	0	0	0	0	0	0	0	0	0	0	0	30
260	MECIcl3p	6	16	30	0	13	0	0	1	0	0	0	0	0	0	0	0	0	0	30
0	MECIcl3p	7	30	30	0	0	0	0	0	0	0	0	0	0	0	0	0	0	0	30
90	MECIcl3p	7	30	30	0	0	0	0	0	0	0	0	0	0	0	0	0	0	0	30
260	MECIcl3p	7	3	30	0	22	0	0	5	0	0	0	0	0	0	0	0	0	0	30
0	MECIcl3p	8	30	30	0	0	0	0	0	0	0	0	0	0	0	0	0	0	0	30
90	MECIcl3p	8	24	30	0	6	0	0	0	0	0	0	0	0	0	0	0	0	0	30
260	MECIcl3p	8	1	30	0	18	0	0	11	0	0	0	0	0	0	0	0	0	0	30
0	MECIcl3p	9	30	30	0	0	0	0	0	0	0	0	0	0	0	0	0	0	0	30
90	MECIcl3p	9	19	30	0	10	0	0	1	0	0	0	0	0	0	0	0	0	0	30
260	MECIcl3p	9	8	30	0	10	0	0	12	0	0	0	0	0	0	0	0	0	0	30
0	MECIcl3p	10	30	30	0	0	0	0	0	0	0	0	0	0	0	0	0	0	0	30
90	MECIcl3p	10	3	30	0	16	0	0	8	0	0	3	0	0	0	0	0	0	0	30
260	MECIcl3p	10	11	30	0	1	0	0	12	0	0	1	0	0	0	0	0	5	0	30
0	MECIcl3p	11	30	30	0	0	0	0	0	0	0	0	0	0	0	0	0	0	0	30
90	MECIcl3p	11	0	30	0	0	0	0	6	0	0	24	0	0	0	0	0	0	0	30
260	MECIcl3p	11	7	30	0	16	0	0	2	0	0	0	0	0	1	0	0	4	0	30
0	MECIcl3p	12	30	30	0	0	0	0	0	0	0	0	0	0	0	0	0	0	0	30
90	MECIcl3p	12	3	30	0	5	0	0	16	0	0	3	0	0	3	0	0	0	0	30
260	MECIcl3p	12	23	30	0	0	0	0	2	0	0	0	0	0	1	0	0	4	0	30
0	MECIcl3p	13	30	30	0	0	0	0	0	0	0	0	0	0	0	0	0	0	0	30
90	MECIcl3p	13	14	30	0	15	0	0	1	0	0	0	0	0	0	0	0	0	0	30
260	MECIcl3p	13	25	30	0	1	0	0	0	0	0	1	0	0	3	0	0	0	0	30
0	MECIcl3p	14	30	30	0	0	0	0	0	0	0	0	0	0	0	0	0	0	0	30
90	MECIcl3p	14	8	30	0	9	0	0	9	0	0	4	0	0	0	0	0	0	0	30
260	MECIcl3p	14	27	30	0	1	0	0	2	0	0	0	0	0	0	0	0	0	0	30
0	MECIcl3p	15	30	30	0	0	0	0	0	0	0	0	0	0	0	0	0	0	0	30
90	MECIcl3p	15	0	30	0	0	0	0	4	0	0	7	0	0	19	0	0	0	0	30
260	MECIcl3p	15	25	30	0	2	0	0	2	0	0	1	0	0	0	0	0	0	0	30
0	MECIcl3p	16	30	30	0	0	0	0	0	0	0	0	0	0	0	0	0	0	0	30
90	MECIcl3p	16	0	30	0	0	0	0	5	0	0	14	0	0	6	0	0	5	0	30
260	MECIcl3p	16	25	30	0	0	0	0	1	0	0	2	0	0	2	0	0	0	0	30
0	MECIcl3p	17	30	30	0	0	0	0	0	0	0	0	0	0	0	0	0	0	0	30
90	MECIcl3p	17	0	30	0	0	0	0	3	0	0	10	0	0	11	0	0	6	0	30
260	MECIcl3p	17	25	30	0	1	0	0	2	0	0	2	0	0	0	0	0	0	0	30
0	MECIcl3p	18	30	30	0	0	0	0	0	0	0	0	0	0	0	0	0	0	0	30
90	MECIcl3p	18	0	30	0	0	0	0	7	0	0	8	0	0	13	0	0	2	0	30
260	MECIcl3p	18	25	30	0	0	0	0	1	0	0	2	0	0	2	0	0	0	0	30
0	MECIcl3p	19	30	30	0	0	0	0	0	0	0	0	0	0	0	0	0	0	0	30
90	MECIcl3p	19	8	30	0	8	0	0	4	0	0	5	0	0	5	0	0	0	0	30
260	MECIcl3p	19	26	30	0	3	0	0	1	0	0	0	0	0	0	0	0	0	0	30
0	MECIcl3p	20	30	30	0	0	0	0	0	0	0	0	0	0	0	0	0	0	0	30
90	MECIcl3p	20	25	30	0	2	0	0	2	0	0	1	0	0	0	0	0	0	0	30
260	MECIcl3p	20	29	30	0	1	0	0	0	0	0	0	0	0	0	0	0	0	0	30
0	MECIcl3p	21	30	30	0	0	0	0	0	0	0	0	0	0	0	0	0	0	0	30
90	MECIcl3p	21	29	30	0	1	0	0	0	0	0	0	0	0	0	0	0	0	0	30
260	MECIcl3p	21	30	30	0	0	0	0	0	0	0	0	0	0	0	0	0	0	0	30
0	MECIcl3p	22	30	30	0	0	0	0	0	0	0	0	0	0	0	0	0	0	0	30
90	MECIcl3p	22	13	30	0	5	0	0	9	0	0	3	0	0	0	0	0	0	0	30
260	MECIcl3p	22	30	30	0	0	0	0	0	0	0	0	0	0	0	0	0	0	0	30
0	MECIcl3p	23	30	30	0	0	0	0	0	0	0	0	0	0	0	0	0	0	0	30
90	MECIcl3p	23	27	30	0	3	0	0	0	0	0	0	0	0	0	0	0	0	0	30
260	MECIcl3p	23	30	30	0	0	0	0	0	0	0	0	0	0	0	0	0	0	0	30
0	MECIcl3p	24	30	30	0	0	0	0	0	0	0	0	0	0	0	0	0	0	0	30
90	MECIcl3p	24	27	30	0	3	0	0	0	0	0	0	0	0	0	0	0	0	0	30
260	MECIcl3p	24	30	30	0	0	0	0	0	0	0	0	0	0	0	0	0	0	0	30
0	MECIcl3p	25	30	30	0	0	0	0	0	0	0	0	0	0	0	0	0	0	0	30
90	MECIcl3p	25	24	30	0	6	0	0	0	0	0	0	0	0	0	0	0	0	0	30
260	MECIcl3p	25	30	30	0	0	0	0	0	0	0	0	0	0	0	0	0	0	0	30
0	MECIcl4p	1	30	30	5	0	0	4	0	0	21	0	0	0	0	0	0	0	0	0
90	MECIcl4p	1	25	30	5	5	0	3	0	0	15	0	0	2	0	0	5	0	0	0
260	MECIcl4p	1	30	30	5	0	0	9	0	0	5	0	0	7	0	0	4	0	0	0
0	MECIcl4p	2	30	30	0	0	0	0	0	0	5	0	0	2	0	0	8	0	0	15
90	MECIcl4p	2	10	30	0	20	0	0	0	0	0	0	0	0	0	0	12	0	0	18
260	MECIcl4p	2	28	30	0	2	0	0	0	0	2	0	0	3	0	0	12	0	0	13
0	MECIcl4p	3	30	30	0	0	0	0	0	0	0	0	0	0	0	0	0	0	0	30
90	MECIcl4p	3	2	30	0	21	0	0	7	0	0	0	0	0	0	0	0	0	0	30
260	MECIcl4p	3	22	30	0	8	0	0	0	0	0	0	0	0	0	0	8	0	0	22
0	MECIcl4p	4	30	30	0	0	0	0	0	0	0	0	0	0	0	0	0	0	0	30
90	MECIcl4p	4	7	30	0	11	0	0	12	0	0	0	0	0	0	0	0	0	0	30
260	MECIcl4p	4	18	30	0	12	0	0	0	0	0	0	0	0	0	0	1	0	0	29
0	MECIcl4p	5	30	30	0	0	0	0	0	0	0	0	0	0	0	0	0	0	0	30
90	MECIcl4p	5	13	30	0	16	0	0	1	0	0	0	0	0	0	0	0	0	0	30
260	MECIcl4p	5	18	30	0	12	0	0	0	0	0	0	0	0	0	0	0	0	0	30
0	MECIcl4p	6	30	30	0	0	0	0	0	0	0	0	0	0	0	0	0	0	0	30
90	MECIcl4p	6	13	30	0	17	0	0	0	0	0	0	0	0	0	0	0	0	0	30
260	MECIcl4p	6	27	30	0	3	0	0	0	0	0	0	0	0	0	0	0	0	0	30
0	MECIcl4p	7	30	30	0	0	0	0	0	0	0	0	0	0	0	0	0	0	0	30
90	MECIcl4p	7	29	30	0	1	0	0	0	0	0	0	0	0	0	0	0	0	0	30
260	MECIcl4p	7	30	30	0	0	0	0	0	0	0	0	0	0	0	0	0	0	0	30
0	MECIcl4p	8	30	30	0	0	0	0	0	0	0	0	0	0	0	0	0	0	0	30
90	MECIcl4p	8	12	30	0	12	0	0	6	0	0	0	0	0	0	0	0	0	0	30
260	MECIcl4p	8	28	30	0	2	0	0	0	0	0	0	0	0	0	0	0	0	0	30
0	MECIcl4p	9	30	30	0	0	0	0	0	0	0	0	0	0	0	0	0	0	0	30
90	MECIcl4p	9	15	30	0	14	0	0	1	0	0	0	0	0	0	0	0	0	0	30
260	MECIcl4p	9	27	30	0	3	0	0	0	0	0	0	0	0	0	0	0	0	0	30
0	MECIcl4p	10	30	30	0	0	0	0	0	0	0	0	0	0	0	0	0	0	0	30
90	MECIcl4p	10	1	30	0	5	0	0	19	0	0	5	0	0	0	0	0	0	0	30
260	MECIcl4p	10	11	28	0	11	2	0	3	0	0	0	0	0	0	0	0	5	0	30
0	MECIcl4p	11	30	30	0	0	0	0	0	0	0	0	0	0	0	0	0	0	0	30
90	MECIcl4p	11	8	30	0	7	0	0	10	0	0	5	0	0	0	0	0	0	0	30
260	MECIcl4p	11	20	30	0	5	0	0	0	0	0	0	0	0	0	0	0	5	0	30
0	MECIcl4p	12	30	30	0	0	0	0	0	0	0	0	0	0	0	0	0	0	0	30
90	MECIcl4p	12	0	30	0	16	0	0	14	0	0	0	0	0	0	0	0	0	0	30
260	MECIcl4p	12	19	30	0	5	0	0	1	0	0	0	0	0	0	0	0	5	0	30
0	MECIcl4p	13	30	30	0	0	0	0	0	0	0	0	0	0	0	0	0	0	0	30
90	MECIcl4p	13	0	30	0	4	0	0	17	0	0	9	0	0	0	0	0	0	0	30
260	MECIcl4p	13	24	30	0	1	0	0	0	0	0	0	0	0	3	0	0	2	0	30
0	MECIcl4p	14	30	30	0	0	0	0	0	0	0	0	0	0	0	0	0	0	0	30
90	MECIcl4p	14	4	30	0	14	0	0	11	0	0	1	0	0	0	0	0	0	0	30
260	MECIcl4p	14	25	30	0	0	0	0	0	0	0	0	0	0	0	0	0	5	0	30
0	MECIcl4p	15	30	30	0	0	0	0	0	0	0	0	0	0	0	0	0	0	0	30
90	MECIcl4p	15	0	30	0	8	0	0	17	0	0	5	0	0	0	0	0	0	0	30
260	MECIcl4p	15	20	30	0	5	0	0	0	0	0	0	0	0	0	0	0	5	0	30
0	MECIcl4p	16	30	30	0	0	0	0	0	0	0	0	0	0	0	0	0	0	0	30
90	MECIcl4p	16	0	30	0	11	0	0	14	0	0	5	0	0	0	0	0	0	0	30
260	MECIcl4p	16	24	30	0	1	0	0	0	0	0	0	0	0	0	0	0	5	0	30
0	MECIcl4p	17	30	30	0	0	0	0	0	0	0	0	0	0	0	0	0	0	0	30
90	MECIcl4p	17	7	30	0	5	0	0	15	0	0	3	0	0	0	0	0	0	0	30
260	MECIcl4p	17	25	30	0	0	0	0	0	0	0	0	0	0	2	0	0	3	0	30
0	MECIcl4p	18	30	30	0	0	0	0	0	0	0	0	0	0	0	0	0	0	0	30
90	MECIcl4p	18	2	30	0	14	0	0	13	0	0	1	0	0	0	0	0	0	0	30
260	MECIcl4p	18	25	30	0	0	0	0	0	0	0	0	0	0	5	0	0	0	0	30
0	MECIcl4p	19	30	30	0	0	0	0	0	0	0	0	0	0	0	0	0	0	0	30
90	MECIcl4p	19	1	30	0	11	0	0	13	0	0	2	0	0	3	0	0	0	0	30
260	MECIcl4p	19	25	30	0	0	0	0	0	0	0	3	0	0	2	0	0	0	0	30
0	MECIcl4p	20	30	30	0	0	0	0	0	0	0	0	0	0	0	0	0	0	0	30
90	MECIcl4p	20	0	30	0	3	0	0	13	0	0	12	0	0	2	0	0	0	0	30
260	MECIcl4p	20	15	30	0	10	0	0	0	0	0	0	0	0	4	0	0	1	0	30
0	MECIcl4p	21	30	30	0	0	0	0	0	0	0	0	0	0	0	0	0	0	0	30
90	MECIcl4p	21	0	30	0	1	0	0	7	0	0	22	0	0	0	0	0	0	0	30
260	MECIcl4p	21	30	30	0	0	0	0	0	0	0	0	0	0	0	0	0	0	0	30
0	MECIcl4p	22	30	30	0	0	0	0	0	0	0	0	0	0	0	0	0	0	0	30
90	MECIcl4p	22	0	30	0	0	0	0	2	0	0	23	0	0	5	0	0	0	0	30
260	MECIcl4p	22	29	30	0	1	0	0	0	0	0	0	0	0	0	0	0	0	0	30
0	MECIcl4p	23	30	30	0	0	0	0	0	0	0	0	0	0	0	0	0	0	0	30
90	MECIcl4p	23	0	30	0	0	0	0	4	0	0	17	0	0	5	0	0	4	0	30
260	MECIcl4p	23	14	30	0	5	0	0	11	0	0	0	0	0	0	0	0	0	0	30
0	MECIcl4p	24	30	30	0	0	0	0	0	0	0	0	0	0	0	0	0	0	0	30
90	MECIcl4p	24	0	30	0	1	0	0	5	0	0	8	0	0	5	0	0	11	0	30
260	MECIcl4p	24	16	30	0	4	0	0	10	0	0	0	0	0	0	0	0	0	0	30
0	MECIcl4p	25	30	30	0	0	0	0	0	0	0	0	0	0	0	0	0	0	0	30
90	MECIcl4p	25	0	30	0	0	0	0	13	0	0	17	0	0	0	0	0	0	0	30
260	MECIcl4p	25	28	30	0	2	0	0	0	0	0	0	0	0	0	0	0	0	0	30
0	MECTcl3p	1	30	30	5	0	0	3	0	0	19	0	0	3	0	0	0	0	0	0
90	MECTcl3p	1	30	30	6	0	0	17	0	0	7	0	0	0	0	0	0	0	0	0
260	MECTcl3p	1	30	30	5	0	0	19	0	0	6	0	0	0	0	0	0	0	0	0
0	MECTcl3p	2	30	30	0	0	0	0	0	0	0	0	0	2	0	0	5	0	0	23
90	MECTcl3p	2	26	30	0	4	0	0	0	0	2	0	0	6	0	0	7	0	0	15
260	MECTcl3p	2	30	30	3	0	0	4	0	0	6	0	0	8	0	0	6	0	0	3
0	MECTcl3p	3	30	30	0	0	0	0	0	0	0	0	0	0	0	0	12	0	0	18
90	MECTcl3p	3	1	30	0	17	0	0	12	0	0	0	0	0	0	0	0	0	0	30
260	MECTcl3p	3	28	30	0	2	0	0	0	0	0	0	0	5	0	0	8	0	0	17
0	MECTcl3p	4	30	30	0	0	0	0	0	0	0	0	0	6	0	0	16	0	0	8
90	MECTcl3p	4	8	30	0	22	0	0	0	0	0	0	0	0	0	0	0	0	0	30
260	MECTcl3p	4	30	30	0	0	0	0	0	0	0	0	0	0	0	0	1	0	0	29
0	MECTcl3p	5	30	30	0	0	0	0	0	0	0	0	0	3	0	0	13	0	0	14
90	MECTcl3p	5	5	30	0	25	0	0	0	0	0	0	0	0	0	0	0	0	0	30
260	MECTcl3p	5	30	30	0	0	0	0	0	0	0	0	0	0	0	0	1	0	0	29
0	MECTcl3p	6	30	30	0	0	0	0	0	0	0	0	0	2	0	0	20	0	0	8
90	MECTcl3p	6	13	30	0	13	0	0	4	0	0	0	0	0	0	0	0	0	0	30
260	MECTcl3p	6	28	30	0	2	0	0	0	0	0	0	0	0	0	0	0	0	0	30
0	MECTcl3p	7	30	30	0	0	0	0	0	0	0	0	0	0	0	0	0	0	0	30
90	MECTcl3p	7	0	30	0	10	0	0	20	0	0	0	0	0	0	0	0	0	0	30
260	MECTcl3p	7	22	30	0	8	0	0	0	0	0	0	0	0	0	0	0	0	0	30
0	MECTcl3p	8	30	30	0	0	0	0	0	0	0	0	0	0	0	0	0	0	0	30
90	MECTcl3p	8	1	30	0	23	0	0	6	0	0	0	0	0	0	0	0	0	0	30
260	MECTcl3p	8	29	30	0	1	0	0	0	0	0	0	0	0	0	0	0	0	0	30
0	MECTcl3p	9	30	30	0	0	0	0	0	0	0	0	0	0	0	0	0	0	0	30
90	MECTcl3p	9	7	30	0	23	0	0	0	0	0	0	0	0	0	0	0	0	0	30
260	MECTcl3p	9	11	30	0	19	0	0	0	0	0	0	0	0	0	0	0	0	0	30
0	MECTcl3p	10	30	30	0	0	0	0	0	0	0	0	0	0	0	0	0	0	0	30
90	MECTcl3p	10	4	30	0	21	0	0	2	0	0	3	0	0	0	0	0	0	0	30
260	MECTcl3p	10	21	25	0	3	1	0	1	0	0	0	1	0	0	3	0	5	0	30
0	MECTcl3p	11	30	30	0	0	0	0	0	0	0	0	0	0	0	0	0	0	0	30
90	MECTcl3p	11	7	30	0	18	0	0	4	0	0	1	0	0	0	0	0	0	0	30
260	MECTcl3p	11	0	26	0	14	0	0	10	1	0	1	3	0	0	0	0	5	0	30
0	MECTcl3p	12	30	30	0	0	0	0	0	0	0	0	0	0	0	0	0	0	0	30
90	MECTcl3p	12	0	30	0	20	0	0	7	0	0	3	0	0	0	0	0	0	0	30
260	MECTcl3p	12	0	25	0	0	1	0	22	1	0	3	2	0	0	1	0	5	0	30
0	MECTcl3p	13	30	30	0	0	0	0	0	0	0	0	0	0	0	0	0	0	0	30
90	MECTcl3p	13	0	30	0	23	0	0	3	0	0	4	0	0	0	0	0	0	0	30
260	MECTcl3p	13	0	26	0	0	0	0	18	2	0	7	2	0	0	0	0	5	0	30
0	MECTcl3p	14	30	30	0	0	0	0	0	0	0	0	0	0	0	0	0	0	0	30
90	MECTcl3p	14	0	30	0	1	0	0	27	0	0	2	0	0	0	0	0	0	0	30
260	MECTcl3p	14	0	26	0	0	0	0	23	4	0	2	0	0	0	0	0	5	0	30
0	MECTcl3p	15	30	30	0	0	0	0	0	0	0	0	0	0	0	0	0	0	0	30
90	MECTcl3p	15	4	30	0	7	0	0	15	0	0	4	0	0	0	0	0	0	0	30
260	MECTcl3p	15	1	26	0	3	0	0	18	4	0	3	0	0	0	0	0	5	0	30
0	MECTcl3p	16	30	30	0	0	0	0	0	0	0	0	0	0	0	0	0	0	0	30
90	MECTcl3p	16	13	30	0	15	0	0	2	0	0	0	0	0	0	0	0	0	0	30
260	MECTcl3p	16	1	26	0	18	2	0	5	1	0	1	1	0	0	0	0	5	0	30
0	MECTcl3p	17	30	30	0	0	0	0	0	0	0	0	0	0	0	0	0	0	0	30
90	MECTcl3p	17	16	30	0	11	0	0	3	0	0	0	0	0	0	0	0	0	0	30
260	MECTcl3p	17	0	26	0	3	0	0	11	4	0	10	0	0	1	0	0	5	0	30
0	MECTcl3p	18	30	30	0	0	0	0	0	0	0	0	0	0	0	0	0	0	0	30
90	MECTcl3p	18	2	30	0	19	0	0	7	0	0	2	0	0	0	0	0	0	0	30
260	MECTcl3p	18	0	26	0	0	0	0	1	2	0	18	2	0	6	0	0	5	0	30
0	MECTcl3p	19	30	30	0	0	0	0	0	0	0	0	0	0	0	0	0	0	0	30
90	MECTcl3p	19	0	30	0	0	0	0	22	0	0	8	0	0	0	0	0	0	0	30
260	MECTcl3p	19	0	25	0	0	0	0	0	1	0	0	3	0	4	1	0	26	0	30
0	MECTcl3p	20	30	30	0	0	0	0	0	0	0	0	0	0	0	0	0	0	0	30
90	MECTcl3p	20	0	30	0	0	0	0	9	0	0	17	0	0	4	0	0	0	0	30
260	MECTcl3p	20	0	25	0	0	1	0	0	0	0	0	2	0	22	2	0	8	0	30
0	MECTcl3p	21	30	30	0	0	0	0	0	0	0	0	0	0	0	0	0	0	0	30
90	MECTcl3p	21	0	30	0	1	0	0	29	0	0	0	0	0	0	0	0	0	0	30
260	MECTcl3p	21	0	30	0	0	0	0	0	0	0	4	0	0	26	0	0	0	0	30
0	MECTcl3p	22	30	30	0	0	0	0	0	0	0	0	0	0	0	0	0	0	0	30
90	MECTcl3p	22	3	30	0	17	0	0	9	0	0	1	0	0	0	0	0	0	0	30
260	MECTcl3p	22	0	30	0	0	0	0	14	0	0	16	0	0	0	0	0	0	0	30
0	MECTcl3p	23	30	30	0	0	0	0	0	0	0	0	0	0	0	0	1	0	0	29
90	MECTcl3p	23	0	30	0	2	0	0	24	0	0	4	0	0	0	0	0	0	0	30
260	MECTcl3p	23	0	30	0	0	0	0	5	0	0	24	0	0	1	0	0	0	0	30
0	MECTcl3p	24	30	30	0	0	0	0	0	0	0	0	0	0	0	0	14	0	0	16
90	MECTcl3p	24	3	30	0	12	0	0	15	0	0	0	0	0	0	0	0	0	0	30
260	MECTcl3p	24	0	30	0	3	0	0	27	0	0	0	0	0	0	0	0	0	0	30
0	MECTcl3p	25	30	30	0	0	0	0	0	0	0	0	0	0	0	0	9	0	0	21
90	MECTcl3p	25	6	30	0	13	0	0	11	0	0	0	0	0	0	0	0	0	0	30
260	MECTcl3p	25	2	30	0	10	0	0	18	0	0	0	0	0	0	0	0	0	0	30
0	MECTp	1	30	30	5	0	0	13	0	0	11	0	0	1	0	0	0	0	0	0
90	MECTp	1	30	30	5	0	0	13	0	0	8	0	0	4	0	0	0	0	0	0
260	MECTp	1	30	30	5	0	0	1	0	0	20	0	0	4	0	0	0	0	0	0
0	MECTp	2	30	30	0	0	0	0	0	0	1	0	0	12	0	0	10	0	0	7
90	MECTp	2	30	30	0	0	0	0	0	0	0	0	0	3	0	0	18	0	0	9
260	MECTp	2	18	30	0	12	0	0	0	0	0	0	0	1	0	0	5	0	0	24
0	MECTp	3	30	30	0	0	0	0	0	0	0	0	0	0	0	0	0	0	0	30
90	MECTp	3	30	30	0	0	0	0	0	0	0	0	0	0	0	0	0	0	0	30
260	MECTp	3	0	30	0	20	0	0	10	0	0	0	0	0	0	0	0	0	0	30
0	MECTp	4	30	30	0	0	0	0	0	0	0	0	0	0	0	0	0	0	0	30
90	MECTp	4	30	30	0	0	0	0	0	0	0	0	0	0	0	0	0	0	0	30
260	MECTp	4	0	30	0	0	0	0	24	0	0	6	0	0	0	0	0	0	0	30
0	MECTp	5	30	30	0	0	0	0	0	0	0	0	0	0	0	0	0	0	0	30
90	MECTp	5	24	30	0	6	0	0	0	0	0	0	0	0	0	0	0	0	0	30
260	MECTp	5	0	30	0	0	0	0	8	0	0	22	0	0	0	0	0	0	0	30
0	MECTp	6	30	30	0	0	0	0	0	0	0	0	0	0	0	0	0	0	0	30
90	MECTp	6	8	30	0	22	0	0	0	0	0	0	0	0	0	0	0	0	0	30
260	MECTp	6	0	30	0	0	0	0	4	0	0	26	0	0	0	0	0	0	0	30
0	MECTp	7	30	30	0	0	0	0	0	0	0	0	0	0	0	0	0	0	0	30
90	MECTp	7	29	30	0	1	0	0	0	0	0	0	0	0	0	0	0	0	0	30
260	MECTp	7	0	30	0	9	0	0	21	0	0	0	0	0	0	0	0	0	0	30
0	MECTp	8	30	30	0	0	0	0	0	0	0	0	0	0	0	0	0	0	0	30
90	MECTp	8	30	30	0	0	0	0	0	0	0	0	0	0	0	0	0	0	0	30
260	MECTp	8	3	30	0	11	0	0	16	0	0	0	0	0	0	0	0	0	0	30
0	MECTp	9	30	30	0	0	0	0	0	0	0	0	0	0	0	0	0	0	0	30
90	MECTp	9	30	30	0	0	0	0	0	0	0	0	0	0	0	0	0	0	0	30
260	MECTp	9	0	30	0	12	0	0	17	0	0	1	0	0	0	0	0	0	0	30
0	MECTp	10	30	30	0	0	0	0	0	0	0	0	0	0	0	0	0	0	0	30
90	MECTp	10	25	30	0	5	0	0	0	0	0	0	0	0	0	0	0	0	0	30
260	MECTp	10	0	25	0	3	0	0	8	0	0	13	0	0	1	5	0	5	0	30
0	MECTp	11	30	30	0	0	0	0	0	0	0	0	0	0	0	0	0	0	0	30
90	MECTp	11	25	30	0	3	0	0	2	0	0	0	0	0	0	0	0	0	0	30
260	MECTp	11	0	25	0	3	0	0	20	0	0	1	5	0	1	0	0	5	0	30
0	MECTp	12	30	30	0	0	0	0	0	0	0	0	0	0	0	0	0	0	0	30
90	MECTp	12	25	30	0	4	0	0	1	0	0	0	0	0	0	0	0	0	0	30
260	MECTp	12	1	25	0	3	0	0	18	0	0	2	0	0	1	5	0	5	0	30
0	MECTp	13	30	30	0	0	0	0	0	0	0	0	0	0	0	0	0	0	0	30
90	MECTp	13	28	30	0	2	0	0	0	0	0	0	0	0	0	0	0	0	0	30
260	MECTp	13	6	25	0	15	0	0	3	0	0	1	1	0	0	4	0	5	0	30
0	MECTp	14	30	30	0	0	0	0	0	0	0	0	0	0	0	0	0	0	0	30
90	MECTp	14	25	30	0	5	0	0	0	0	0	0	0	0	0	0	0	0	0	30
260	MECTp	14	4	25	0	20	0	0	1	1	0	0	4	0	0	0	0	5	0	30
0	MECTp	15	30	30	0	0	0	0	0	0	0	0	0	0	0	0	0	0	0	30
90	MECTp	15	25	30	0	5	0	0	0	0	0	0	0	0	0	0	0	0	0	30
260	MECTp	15	6	25	0	18	1	0	1	3	0	0	1	0	0	0	0	5	0	30
0	MECTp	16	30	30	0	0	0	0	0	0	0	0	0	0	0	0	0	0	0	30
90	MECTp	16	25	30	0	4	0	0	1	0	0	0	0	0	0	0	1	0	0	29
260	MECTp	16	10	25	0	11	0	0	4	2	0	0	2	0	0	1	0	5	0	30
0	MECTp	17	30	30	0	0	0	0	0	0	0	0	0	0	0	0	0	0	0	30
90	MECTp	17	25	30	0	5	0	0	0	0	0	0	0	0	0	0	0	0	0	30
260	MECTp	17	24	25	0	0	0	0	1	5	0	0	0	0	0	0	0	5	0	30
0	MECTp	18	30	30	0	0	0	0	0	0	0	0	0	0	0	0	0	0	0	30
90	MECTp	18	27	30	0	3	0	0	0	0	0	0	0	0	0	0	9	0	0	21
260	MECTp	18	25	25	0	0	5	0	0	0	0	0	0	0	0	0	0	5	0	30
0	MECTp	19	30	30	0	0	0	0	0	0	0	0	0	0	0	0	0	0	0	30
90	MECTp	19	30	30	0	0	0	0	0	0	0	0	0	0	0	0	0	0	0	30
260	MECTp	19	25	30	0	0	0	0	0	0	0	0	0	0	0	0	0	5	0	30
0	MECTp	20	30	30	0	0	0	0	0	0	0	0	0	0	0	0	0	0	0	30
90	MECTp	20	30	30	0	0	0	0	0	0	0	0	0	0	0	0	0	0	0	30
260	MECTp	20	25	30	0	0	0	0	0	0	0	0	0	0	0	0	0	5	0	30
0	MECTp	21	30	30	0	0	0	0	0	0	0	0	0	0	0	0	0	0	0	30
90	MECTp	21	30	30	0	0	0	0	0	0	0	0	0	0	0	0	0	0	0	30
260	MECTp	21	30	30	0	0	0	0	0	0	0	0	0	0	0	0	0	0	0	30
0	MECTp	22	30	30	0	0	0	0	0	0	0	0	0	0	0	0	0	0	0	30
90	MECTp	22	30	30	0	0	0	0	0	0	0	0	0	0	0	0	9	0	0	21
260	MECTp	22	30	30	0	0	0	0	0	0	0	0	0	0	0	0	0	0	0	30
0	MECTp	23	30	30	0	0	0	0	0	0	0	0	0	0	0	0	0	0	0	30
90	MECTp	23	30	30	0	0	0	0	0	0	0	0	0	0	0	0	18	0	0	12
260	MECTp	23	30	30	0	0	0	0	0	0	0	0	0	0	0	0	0	0	0	30
0	MECTp	24	30	30	0	0	0	0	0	0	0	0	0	0	0	0	0	0	0	30
90	MECTp	24	30	30	0	0	0	0	0	0	0	0	0	0	0	0	0	0	0	30
260	MECTp	24	30	30	0	0	0	0	0	0	0	0	0	0	0	0	0	0	0	30
0	MECTp	25	30	30	0	0	0	0	0	0	0	0	0	0	0	0	0	0	0	30
90	MECTp	25	30	30	0	0	0	0	0	0	0	0	0	0	0	0	0	0	0	30
260	MECTp	25	27	30	0	3	0	0	0	0	0	0	0	0	0	0	0	0	0	30
0	MEITp	1	30	30	5	0	0	14	0	0	7	0	0	3	0	0	1	0	0	0
90	MEITp	1	30	30	5	0	0	21	0	0	4	0	0	0	0	0	0	0	0	0
260	MEITp	1	30	30	5	0	0	7	0	0	18	0	0	0	0	0	0	0	0	0
0	MEITp	2	30	30	0	0	0	0	0	0	3	0	0	11	0	0	10	0	0	6
90	MEITp	2	23	30	0	7	0	1	0	0	9	0	0	7	0	0	9	0	0	4
260	MEITp	2	30	30	0	0	0	0	0	0	3	0	0	8	0	0	9	0	0	10
0	MEITp	3	30	30	0	0	0	0	0	0	0	0	0	0	0	0	0	0	0	30
90	MEITp	3	27	30	0	3	0	0	0	0	0	0	0	8	0	0	15	0	0	7
260	MEITp	3	30	30	0	0	0	0	0	0	0	0	0	2	0	0	16	0	0	12
0	MEITp	4	30	30	0	0	0	0	0	0	0	0	0	0	0	0	0	0	0	30
90	MEITp	4	30	30	0	0	0	0	0	0	4	0	0	17	0	0	8	0	0	1
260	MEITp	4	30	30	0	0	0	0	0	0	0	0	0	2	0	0	7	0	0	21
0	MEITp	5	30	30	0	0	0	0	0	0	0	0	0	0	0	0	0	0	0	30
90	MEITp	5	30	30	5	0	0	13	0	0	10	0	0	0	0	0	1	0	0	1
260	MEITp	5	30	30	0	0	0	0	0	0	0	0	0	20	0	0	6	0	0	4
0	MEITp	6	30	30	0	0	0	0	0	0	0	0	0	0	0	0	0	0	0	30
90	MEITp	6	30	30	16	0	0	12	0	0	2	0	0	0	0	0	0	0	0	0
260	MEITp	6	30	30	0	0	0	0	0	0	0	0	0	0	0	0	0	0	0	30
0	MEITp	7	30	30	0	0	0	0	0	0	0	0	0	0	0	0	0	0	0	30
90	MEITp	7	30	30	25	0	0	1	0	0	0	0	0	1	0	0	3	0	0	0
260	MEITp	7	30	30	0	0	0	0	0	0	0	0	0	0	0	0	0	0	0	30
0	MEITp	8	30	30	0	0	0	0	0	0	0	0	0	0	0	0	0	0	0	30
90	MEITp	8	30	30	0	0	0	0	0	0	1	0	0	14	0	0	15	0	0	0
260	MEITp	8	30	30	0	0	0	0	0	0	0	0	0	0	0	0	1	0	0	29
0	MEITp	9	30	30	0	0	0	0	0	0	0	0	0	0	0	0	0	0	0	30
90	MEITp	9	30	30	0	0	0	0	0	0	17	0	0	9	0	0	0	0	0	4
260	MEITp	9	30	30	0	0	0	0	0	0	0	0	0	4	0	0	1	0	0	25
0	MEITp	10	30	30	0	0	0	0	0	0	0	0	0	0	0	0	0	0	0	30
90	MEITp	10	29	30	0	1	0	0	0	0	0	0	0	0	0	0	0	0	0	30
260	MEITp	10	25	25	0	0	0	0	0	1	0	0	3	0	0	1	0	5	0	30
0	MEITp	11	30	30	0	0	0	0	0	0	0	0	0	0	0	0	0	0	0	30
90	MEITp	11	28	30	0	2	0	0	0	0	0	0	0	0	0	0	3	0	0	27
260	MEITp	11	24	25	0	1	0	0	0	0	0	0	5	0	0	0	0	5	0	30
0	MEITp	12	30	30	0	0	0	0	0	0	0	0	0	0	0	0	0	0	0	30
90	MEITp	12	28	30	0	2	0	0	0	0	0	0	0	3	0	0	1	0	0	26
260	MEITp	12	24	25	0	1	0	0	0	2	0	0	3	0	0	0	0	5	0	30
0	MEITp	13	30	30	0	0	0	0	0	0	0	0	0	0	0	0	0	0	0	30
90	MEITp	13	28	30	0	2	0	0	0	0	1	0	0	3	0	0	16	0	0	10
260	MEITp	13	24	25	0	1	0	0	0	4	0	0	1	0	0	0	0	5	0	30
0	MEITp	14	30	30	0	0	0	0	0	0	0	0	0	0	0	0	0	0	0	30
90	MEITp	14	25	30	0	5	0	0	0	0	0	0	0	5	0	0	8	0	0	17
260	MEITp	14	20	25	0	5	1	0	0	4	0	0	0	0	0	0	0	5	0	30
0	MEITp	15	30	30	0	0	0	0	0	0	0	0	0	0	0	0	0	0	0	30
90	MEITp	15	27	30	0	3	0	0	0	0	0	0	0	4	0	0	15	0	0	11
260	MEITp	15	24	25	0	1	1	0	0	2	0	0	2	0	0	0	0	5	0	30
0	MEITp	16	30	30	0	0	0	0	0	0	0	0	0	0	0	0	0	0	0	30
90	MEITp	16	28	30	0	2	0	0	0	0	1	0	0	10	0	0	10	0	0	9
260	MEITp	16	12	25	0	13	0	0	0	3	0	0	2	0	0	0	0	5	0	30
0	MEITp	17	30	30	0	0	0	0	0	0	0	0	0	0	0	0	0	0	0	30
90	MEITp	17	25	30	0	4	0	0	1	0	0	0	0	0	0	0	2	0	0	28
260	MEITp	17	13	25	0	11	0	0	1	1	0	0	4	0	0	0	0	5	0	30
0	MEITp	18	30	30	0	0	0	0	0	0	0	0	0	0	0	0	0	0	0	30
90	MEITp	18	25	30	0	5	0	0	0	0	0	0	0	4	0	0	7	0	0	19
260	MEITp	18	24	25	0	1	0	0	0	3	0	0	2	0	0	0	0	5	0	30
0	MEITp	19	30	30	0	0	0	0	0	0	0	0	0	0	0	0	0	0	0	30
90	MEITp	19	28	30	0	2	0	0	0	0	0	0	0	8	0	0	5	0	0	17
260	MEITp	19	25	26	0	0	3	0	0	1	0	0	0	0	0	0	0	5	0	30
0	MEITp	20	30	30	0	0	0	0	0	0	0	0	0	0	0	0	4	0	0	26
90	MEITp	20	25	30	0	3	0	0	2	0	0	0	0	0	0	0	4	0	0	26
260	MEITp	20	25	25	0	0	1	0	0	2	0	0	2	0	0	0	0	5	0	30
0	MEITp	21	30	30	0	0	0	0	0	0	0	0	0	0	0	0	0	0	0	30
90	MEITp	21	30	30	0	0	0	0	0	0	1	0	0	11	0	0	11	0	0	7
260	MEITp	21	30	30	0	0	0	0	0	0	0	0	0	1	0	0	6	0	0	23
0	MEITp	22	30	30	0	0	0	0	0	0	0	0	0	0	0	0	0	0	0	30
90	MEITp	22	30	30	3	0	0	1	0	0	1	0	0	22	0	0	3	0	0	0
260	MEITp	22	30	30	0	0	0	0	0	0	0	0	0	18	0	0	7	0	0	5
0	MEITp	23	30	30	0	0	0	0	0	0	0	0	0	0	0	0	0	0	0	30
90	MEITp	23	30	30	13	0	0	10	0	0	3	0	0	0	0	0	0	0	0	4
260	MEITp	23	30	30	0	0	0	0	0	0	0	0	0	0	0	0	0	0	0	30
0	MEITp	24	30	30	0	0	0	0	0	0	0	0	0	0	0	0	0	0	0	30
90	MEITp	24	30	30	0	0	0	0	0	0	0	0	0	0	0	0	3	0	0	27
260	MEITp	24	30	30	0	0	0	0	0	0	0	0	0	0	0	0	0	0	0	30
0	MEITp	25	30	30	0	0	0	0	0	0	0	0	0	0	0	0	0	0	0	30
90	MEITp	25	30	30	0	0	0	0	0	0	0	0	0	0	0	0	7	0	0	23
260	MEITp	25	30	30	0	0	0	0	0	0	0	0	0	0	0	0	0	0	0	30
0	MSCIp	1	30	30	5	0	0	0	0	0	18	0	0	7	0	0	0	0	0	0
90	MSCIp	1	30	30	10	0	0	17	0	0	3	0	0	0	0	0	0	0	0	0
260	MSCIp	1	30	30	5	0	0	1	0	0	7	0	0	13	0	0	0	0	0	4
0	MSCIp	2	30	30	0	0	0	0	0	0	1	0	0	11	0	0	9	0	0	9
90	MSCIp	2	30	30	0	0	0	1	0	0	6	0	0	2	0	0	13	0	0	8
260	MSCIp	2	30	30	0	0	0	0	0	0	0	0	0	4	0	0	3	0	0	23
0	MSCIp	3	30	30	0	0	0	0	0	0	0	0	0	0	0	0	0	0	0	30
90	MSCIp	3	29	30	0	1	0	0	0	0	0	0	0	0	0	0	0	0	0	30
260	MSCIp	3	30	30	0	0	0	0	0	0	0	0	0	0	0	0	0	0	0	30
0	MSCIp	4	30	30	0	0	0	0	0	0	0	0	0	0	0	0	0	0	0	30
90	MSCIp	4	29	30	0	1	0	0	0	0	0	0	0	0	0	0	0	0	0	30
260	MSCIp	4	30	30	0	0	0	0	0	0	0	0	0	0	0	0	0	0	0	30
0	MSCIp	5	30	30	0	0	0	0	0	0	0	0	0	0	0	0	0	0	0	30
90	MSCIp	5	6	30	0	20	0	0	4	0	0	0	0	0	0	0	0	0	0	30
260	MSCIp	5	29	30	0	1	0	0	0	0	0	0	0	0	0	0	0	0	0	30
0	MSCIp	6	30	30	0	0	0	0	0	0	0	0	0	0	0	0	0	0	0	30
90	MSCIp	6	9	30	0	20	0	0	1	0	0	0	0	0	0	0	0	0	0	30
260	MSCIp	6	30	30	0	0	0	0	0	0	0	0	0	0	0	0	0	0	0	30
0	MSCIp	7	30	30	0	0	0	0	0	0	0	0	0	0	0	0	0	0	0	30
90	MSCIp	7	30	30	0	0	0	0	0	0	0	0	0	0	0	0	0	0	0	30
260	MSCIp	7	30	30	0	0	0	0	0	0	0	0	0	0	0	0	0	0	0	30
0	MSCIp	8	30	30	0	0	0	0	0	0	0	0	0	0	0	0	0	0	0	30
90	MSCIp	8	30	30	0	0	0	0	0	0	0	0	0	0	0	0	0	0	0	30
260	MSCIp	8	30	30	0	0	0	0	0	0	0	0	0	0	0	0	0	0	0	30
0	MSCIp	9	30	30	0	0	0	0	0	0	0	0	0	0	0	0	0	0	0	30
90	MSCIp	9	30	30	0	0	0	0	0	0	0	0	0	0	0	0	0	0	0	30
260	MSCIp	9	30	30	0	0	0	0	0	0	0	0	0	0	0	0	0	0	0	30
0	MSCIp	10	30	30	0	0	0	0	0	0	0	0	0	0	0	0	0	0	0	30
90	MSCIp	10	11	30	0	12	0	0	7	0	0	0	0	0	0	0	0	0	0	30
260	MSCIp	10	3	25	0	4	1	0	16	2	0	2	2	0	0	0	0	5	0	30
0	MSCIp	11	30	30	0	0	0	0	0	0	0	0	0	0	0	0	0	0	0	30
90	MSCIp	11	4	30	0	19	0	0	7	0	0	0	0	0	0	0	0	0	0	30
260	MSCIp	11	4	25	0	5	1	0	13	3	0	3	1	0	0	0	0	5	0	30
0	MSCIp	12	30	30	0	0	0	0	0	0	0	0	0	0	0	0	0	0	0	30
90	MSCIp	12	23	30	0	5	0	0	2	0	0	0	0	0	0	0	0	0	0	30
260	MSCIp	12	2	25	0	5	0	0	15	0	0	3	4	0	0	1	0	5	0	30
0	MSCIp	13	30	30	0	0	0	0	0	0	0	0	0	0	0	0	0	0	0	30
90	MSCIp	13	5	30	0	4	0	0	15	0	0	6	0	0	0	0	0	0	0	30
260	MSCIp	13	7	25	0	8	0	0	8	1	0	2	4	0	0	0	0	5	0	30
0	MSCIp	14	30	30	0	0	0	0	0	0	0	0	0	0	0	0	0	0	0	30
90	MSCIp	14	4	30	0	14	0	0	5	0	0	6	0	0	1	0	0	0	0	30
260	MSCIp	14	7	27	0	12	2	0	6	1	0	0	0	0	0	0	0	5	0	30
0	MSCIp	15	30	30	0	0	0	0	0	0	0	0	0	0	0	0	0	0	0	30
90	MSCIp	15	0	30	0	8	0	0	18	0	0	4	0	0	0	0	0	0	0	30
260	MSCIp	15	23	30	0	1	0	0	1	0	0	0	0	0	0	0	0	5	0	30
0	MSCIp	16	30	30	0	0	0	0	0	0	0	0	0	0	0	0	0	0	0	30
90	MSCIp	16	2	30	0	2	0	0	9	0	0	15	0	0	2	0	0	0	0	30
260	MSCIp	16	8	29	0	16	1	0	1	0	0	0	0	0	0	0	0	5	0	30
0	MSCIp	17	30	30	0	0	0	0	0	0	0	0	0	0	0	0	0	0	0	30
90	MSCIp	17	0	30	0	1	0	0	15	0	0	14	0	0	0	0	0	0	0	30
260	MSCIp	17	24	30	0	1	0	0	0	0	0	0	0	0	0	0	0	5	0	30
0	MSCIp	18	30	30	0	0	0	0	0	0	0	0	0	0	0	0	0	0	0	30
90	MSCIp	18	6	30	0	6	0	0	16	0	0	2	0	0	0	0	0	0	0	30
260	MSCIp	18	21	30	0	4	0	0	0	0	0	0	0	0	0	0	0	5	0	30
0	MSCIp	19	30	30	0	0	0	0	0	0	0	0	0	0	0	0	0	0	0	30
90	MSCIp	19	24	30	0	6	0	0	0	0	0	0	0	0	0	0	0	0	0	30
260	MSCIp	19	25	30	0	0	0	0	0	0	0	0	0	0	0	0	0	5	0	30
0	MSCIp	20	30	30	0	0	0	0	0	0	0	0	0	0	0	0	0	0	0	30
90	MSCIp	20	30	30	0	0	0	0	0	0	0	0	0	0	0	0	0	0	0	30
260	MSCIp	20	25	30	0	0	0	0	0	0	0	0	0	0	5	0	0	0	0	30
0	MSCIp	21	30	30	0	0	0	0	0	0	0	0	0	0	0	0	0	0	0	30
90	MSCIp	21	23	30	0	7	0	0	0	0	0	0	0	0	0	0	0	0	0	30
260	MSCIp	21	30	30	0	0	0	0	0	0	0	0	0	0	0	0	0	0	0	30
0	MSCIp	22	30	30	0	0	0	0	0	0	0	0	0	0	0	0	0	0	0	30
90	MSCIp	22	28	30	0	2	0	0	0	0	0	0	0	0	0	0	0	0	0	30
260	MSCIp	22	30	30	0	0	0	0	0	0	0	0	0	0	0	0	0	0	0	30
0	MSCIp	23	30	30	0	0	0	0	0	0	0	0	0	0	0	0	0	0	0	30
90	MSCIp	23	20	30	0	6	0	0	4	0	0	0	0	0	0	0	0	0	0	30
260	MSCIp	23	30	30	0	0	0	0	0	0	0	0	0	0	0	0	0	0	0	30
0	MSCIp	24	30	30	0	0	0	0	0	0	0	0	0	0	0	0	0	0	0	30
90	MSCIp	24	12	30	0	9	0	0	9	0	0	0	0	0	0	0	0	0	0	30
260	MSCIp	24	30	30	0	0	0	0	0	0	0	0	0	0	0	0	0	0	0	30
0	MSCIp	25	30	30	0	0	0	0	0	0	0	0	0	0	0	0	0	0	0	30
90	MSCIp	25	19	30	0	11	0	0	0	0	0	0	0	0	0	0	0	0	0	30
260	MSCIp	25	30	30	0	0	0	0	0	0	0	0	0	0	0	0	0	0	0	30
0	MSCTcl1p	1	30	30	5	0	0	8	0	0	17	0	0	0	0	0	0	0	0	0
90	MSCTcl1p	1	30	30	9	0	0	8	0	0	8	0	0	5	0	0	0	0	0	0
260	MSCTcl1p	1	30	30	5	0	0	3	0	0	16	0	0	6	0	0	0	0	0	0
0	MSCTcl1p	2	30	30	0	0	0	0	0	0	2	0	0	7	0	0	9	0	0	12
90	MSCTcl1p	2	30	30	0	0	0	0	0	0	2	0	0	4	0	0	7	0	0	17
260	MSCTcl1p	2	20	30	0	10	0	0	0	0	3	0	0	4	0	0	8	0	0	15
0	MSCTcl1p	3	30	30	0	0	0	0	0	0	0	0	0	0	0	0	1	0	0	29
90	MSCTcl1p	3	27	30	0	3	0	0	0	0	0	0	0	0	0	0	0	0	0	30
260	MSCTcl1p	3	9	30	0	15	0	0	6	0	0	0	0	0	0	0	0	0	0	30
0	MSCTcl1p	4	30	30	0	0	0	0	0	0	0	0	0	0	0	0	0	0	0	30
90	MSCTcl1p	4	27	30	0	3	0	0	0	0	0	0	0	0	0	0	0	0	0	30
260	MSCTcl1p	4	2	30	0	18	0	0	9	0	0	1	0	0	0	0	0	0	0	30
0	MSCTcl1p	5	30	30	0	0	0	0	0	0	0	0	0	0	0	0	0	0	0	30
90	MSCTcl1p	5	7	30	0	19	0	0	4	0	0	0	0	0	0	0	0	0	0	30
260	MSCTcl1p	5	6	30	0	23	0	0	1	0	0	0	0	0	0	0	0	0	0	30
0	MSCTcl1p	6	30	30	0	0	0	0	0	0	0	0	0	0	0	0	0	0	0	30
90	MSCTcl1p	6	0	30	0	19	0	0	11	0	0	0	0	0	0	0	0	0	0	30
260	MSCTcl1p	6	0	30	0	11	0	0	13	0	0	6	0	0	0	0	0	0	0	30
0	MSCTcl1p	7	30	30	0	0	0	0	0	0	0	0	0	0	0	0	0	0	0	30
90	MSCTcl1p	7	6	30	0	17	0	0	7	0	0	0	0	0	0	0	0	0	0	30
260	MSCTcl1p	7	2	30	0	11	0	0	15	0	0	2	0	0	0	0	0	0	0	30
0	MSCTcl1p	8	30	30	0	0	0	0	0	0	0	0	0	0	0	0	0	0	0	30
90	MSCTcl1p	8	0	30	0	28	0	0	2	0	0	0	0	0	0	0	0	0	0	30
260	MSCTcl1p	8	0	30	0	2	0	0	12	0	0	11	0	0	5	0	0	0	0	30
0	MSCTcl1p	9	30	30	0	0	0	0	0	0	0	0	0	0	0	0	0	0	0	30
90	MSCTcl1p	9	3	30	0	27	0	0	0	0	0	0	0	0	0	0	0	0	0	30
260	MSCTcl1p	9	0	30	0	0	0	0	8	0	0	13	0	0	9	0	0	0	0	30
0	MSCTcl1p	10	30	30	0	0	0	0	0	0	0	0	0	0	0	0	0	0	0	30
90	MSCTcl1p	10	26	30	0	2	0	0	2	0	0	0	0	0	0	0	0	0	0	30
260	MSCTcl1p	10	0	25	0	0	0	0	6	1	0	17	1	0	2	3	0	5	0	30
0	MSCTcl1p	11	30	30	0	0	0	0	0	0	0	0	0	0	0	0	0	0	0	30
90	MSCTcl1p	11	27	30	0	3	0	0	0	0	0	0	0	0	0	0	0	0	0	30
260	MSCTcl1p	11	6	26	0	14	0	0	4	1	0	1	3	0	0	0	0	5	0	30
0	MSCTcl1p	12	30	30	0	0	0	0	0	0	0	0	0	0	0	0	0	0	0	30
90	MSCTcl1p	12	30	30	0	0	0	0	0	0	0	0	0	0	0	0	0	0	0	30
260	MSCTcl1p	12	25	29	0	0	1	0	0	0	0	1	0	0	0	0	0	4	0	30
0	MSCTcl1p	13	30	30	0	0	0	0	0	0	0	0	0	0	0	0	0	0	0	30
90	MSCTcl1p	13	30	30	0	0	0	0	0	0	0	0	0	0	0	0	0	0	0	30
260	MSCTcl1p	13	25	30	0	0	0	0	0	0	0	1	0	0	2	0	0	2	0	30
0	MSCTcl1p	14	30	30	0	0	0	0	0	0	0	0	0	0	0	0	0	0	0	30
90	MSCTcl1p	14	30	30	0	0	0	0	0	0	0	0	0	0	0	0	0	0	0	30
260	MSCTcl1p	14	25	30	0	0	0	0	1	0	0	1	0	0	3	0	0	0	0	30
0	MSCTcl1p	15	30	30	0	0	0	0	0	0	0	0	0	0	0	0	0	0	0	30
90	MSCTcl1p	15	30	30	0	0	0	0	0	0	0	0	0	0	0	0	0	0	0	30
260	MSCTcl1p	15	25	30	0	0	0	0	1	0	0	2	0	0	2	0	0	0	0	30
0	MSCTcl1p	16	30	30	0	0	0	0	0	0	0	0	0	0	0	0	0	0	0	30
90	MSCTcl1p	16	30	30	0	0	0	0	0	0	0	0	0	0	0	0	0	0	0	30
260	MSCTcl1p	16	25	30	0	1	0	0	0	0	0	2	0	0	2	0	0	0	0	30
0	MSCTcl1p	17	30	30	0	0	0	0	0	0	0	0	0	0	0	0	0	0	0	30
90	MSCTcl1p	17	26	30	0	4	0	0	0	0	0	0	0	0	0	0	0	0	0	30
260	MSCTcl1p	17	25	30	0	0	0	0	0	0	0	1	0	0	4	0	0	0	0	30
0	MSCTcl1p	18	30	30	0	0	0	0	0	0	0	0	0	0	0	0	0	0	0	30
90	MSCTcl1p	18	30	30	0	0	0	0	0	0	0	0	0	0	0	0	0	0	0	30
260	MSCTcl1p	18	25	29	0	0	1	0	1	0	0	1	0	0	3	0	0	0	0	30
0	MSCTcl1p	19	30	30	0	0	0	0	0	0	0	0	0	0	0	0	0	0	0	30
90	MSCTcl1p	19	30	30	0	0	0	0	0	0	0	0	0	0	0	0	0	0	0	30
260	MSCTcl1p	19	25	30	0	0	0	0	1	0	0	2	0	0	2	0	0	0	0	30
0	MSCTcl1p	20	30	30	0	0	0	0	0	0	0	0	0	0	0	0	0	0	0	30
90	MSCTcl1p	20	30	30	0	0	0	0	0	0	0	0	0	0	0	0	0	0	0	30
260	MSCTcl1p	20	26	30	0	2	0	0	1	0	0	1	0	0	0	0	0	0	0	30
0	MSCTcl1p	21	30	30	0	0	0	0	0	0	0	0	0	0	0	0	0	0	0	30
90	MSCTcl1p	21	30	30	0	0	0	0	0	0	0	0	0	0	0	0	0	0	0	30
260	MSCTcl1p	21	30	30	0	0	0	0	0	0	0	0	0	0	0	0	0	0	0	30
0	MSCTcl1p	22	30	30	0	0	0	0	0	0	0	0	0	0	0	0	0	0	0	30
90	MSCTcl1p	22	30	30	0	0	0	0	0	0	0	0	0	0	0	0	0	0	0	30
260	MSCTcl1p	22	30	30	0	0	0	0	0	0	0	0	0	0	0	0	0	0	0	30
0	MSCTcl1p	23	30	30	0	0	0	0	0	0	0	0	0	0	0	0	0	0	0	30
90	MSCTcl1p	23	30	30	0	0	0	0	0	0	0	0	0	0	0	0	0	0	0	30
260	MSCTcl1p	23	30	30	0	0	0	0	0	0	0	0	0	0	0	0	0	0	0	30
0	MSCTcl1p	24	30	30	0	0	0	0	0	0	0	0	0	0	0	0	0	0	0	30
90	MSCTcl1p	24	30	30	0	0	0	0	0	0	0	0	0	0	0	0	0	0	0	30
260	MSCTcl1p	24	30	30	0	0	0	0	0	0	0	0	0	0	0	0	0	0	0	30
0	MSCTcl1p	25	30	30	0	0	0	0	0	0	0	0	0	0	0	0	0	0	0	30
90	MSCTcl1p	25	30	30	0	0	0	0	0	0	0	0	0	0	0	0	0	0	0	30
260	MSCTcl1p	25	30	30	0	0	0	0	0	0	0	0	0	0	0	0	1	0	0	29
0	MSCTcl2p	1	30	30	5	0	0	0	0	0	20	0	0	5	0	0	0	0	0	0
90	MSCTcl2p	1	30	30	5	0	0	6	0	0	14	0	0	5	0	0	0	0	0	0
260	MSCTcl2p	1	30	30	5	0	0	1	0	0	20	0	0	4	0	0	0	0	0	0
0	MSCTcl2p	2	30	30	0	0	0	0	0	0	2	0	0	15	0	0	2	0	0	11
90	MSCTcl2p	2	30	30	0	0	0	0	0	0	9	0	0	4	0	0	10	0	0	7
260	MSCTcl2p	2	30	30	0	0	0	0	0	0	2	0	0	12	0	0	11	0	0	5
0	MSCTcl2p	3	30	30	0	0	0	0	0	0	0	0	0	0	0	0	0	0	0	30
90	MSCTcl2p	3	29	30	0	1	0	0	0	0	0	0	0	0	0	0	0	0	0	30
260	MSCTcl2p	3	29	30	0	1	0	0	0	0	0	0	0	0	0	0	0	0	0	30
0	MSCTcl2p	4	30	30	0	0	0	0	0	0	0	0	0	0	0	0	0	0	0	30
90	MSCTcl2p	4	30	30	0	0	0	0	0	0	0	0	0	0	0	0	0	0	0	30
260	MSCTcl2p	4	30	30	0	0	0	0	0	0	0	0	0	0	0	0	2	0	0	28
0	MSCTcl2p	5	30	30	0	0	0	0	0	0	0	0	0	0	0	0	0	0	0	30
90	MSCTcl2p	5	30	30	0	0	0	0	0	0	0	0	0	0	0	0	0	0	0	30
260	MSCTcl2p	5	30	30	0	0	0	0	0	0	0	0	0	0	0	0	0	0	0	30
0	MSCTcl2p	6	30	30	0	0	0	0	0	0	0	0	0	0	0	0	0	0	0	30
90	MSCTcl2p	6	30	30	0	0	0	0	0	0	0	0	0	0	0	0	0	0	0	30
260	MSCTcl2p	6	30	30	0	0	0	0	0	0	0	0	0	0	0	0	0	0	0	30
0	MSCTcl2p	7	30	30	0	0	0	0	0	0	0	0	0	0	0	0	0	0	0	30
90	MSCTcl2p	7	30	30	0	0	0	0	0	0	0	0	0	0	0	0	0	0	0	30
260	MSCTcl2p	7	30	30	0	0	0	0	0	0	0	0	0	0	0	0	0	0	0	30
0	MSCTcl2p	8	30	30	0	0	0	0	0	0	0	0	0	0	0	0	0	0	0	30
90	MSCTcl2p	8	30	30	0	0	0	0	0	0	0	0	0	0	0	0	0	0	0	30
260	MSCTcl2p	8	30	30	0	0	0	0	0	0	0	0	0	0	0	0	0	0	0	30
0	MSCTcl2p	9	30	30	0	0	0	0	0	0	0	0	0	0	0	0	0	0	0	30
90	MSCTcl2p	9	30	30	0	0	0	0	0	0	0	0	0	0	0	0	0	0	0	30
260	MSCTcl2p	9	30	30	0	0	0	0	0	0	0	0	0	0	0	0	0	0	0	30
0	MSCTcl2p	10	30	30	0	0	0	0	0	0	0	0	0	0	0	0	0	0	0	30
90	MSCTcl2p	10	30	30	0	0	0	0	0	0	0	0	0	0	0	0	0	0	0	30
260	MSCTcl2p	10	9	30	0	9	0	0	7	0	0	0	0	0	5	0	0	0	0	30
0	MSCTcl2p	11	30	30	0	0	0	0	0	0	0	0	0	0	0	0	0	0	0	30
90	MSCTcl2p	11	25	30	0	0	0	0	5	0	0	0	0	0	0	0	0	0	0	30
260	MSCTcl2p	11	7	30	0	10	0	0	7	0	0	0	0	0	1	0	0	5	0	30
0	MSCTcl2p	12	30	30	0	0	0	0	0	0	0	0	0	0	0	0	0	0	0	30
90	MSCTcl2p	12	30	30	0	0	0	0	0	0	0	0	0	0	0	0	0	0	0	30
260	MSCTcl2p	12	25	30	0	0	0	0	0	0	0	0	0	0	0	0	0	5	0	30
0	MSCTcl2p	13	30	30	0	0	0	0	0	0	0	0	0	0	0	0	0	0	0	30
90	MSCTcl2p	13	5	30	0	14	0	0	11	0	0	0	0	0	0	0	0	0	0	30
260	MSCTcl2p	13	25	30	0	0	0	0	0	0	0	0	0	0	4	0	0	1	0	30
0	MSCTcl2p	14	30	30	0	0	0	0	0	0	0	0	0	0	0	0	0	0	0	30
90	MSCTcl2p	14	7	30	0	14	0	0	9	0	0	0	0	0	0	0	0	0	0	30
260	MSCTcl2p	14	25	30	0	0	0	0	0	0	0	4	0	0	1	0	0	0	0	30
0	MSCTcl2p	15	30	30	0	0	0	0	0	0	0	0	0	0	0	0	0	0	0	30
90	MSCTcl2p	15	18	30	0	7	0	0	5	0	0	0	0	0	0	0	0	0	0	30
260	MSCTcl2p	15	25	30	0	0	0	0	0	0	0	5	0	0	0	0	0	0	0	30
0	MSCTcl2p	16	30	30	0	0	0	0	0	0	0	0	0	0	0	0	0	0	0	30
90	MSCTcl2p	16	22	30	0	8	0	0	0	0	0	0	0	0	0	0	0	0	0	30
260	MSCTcl2p	16	25	30	0	0	0	0	0	0	0	5	0	0	0	0	0	0	0	30
0	MSCTcl2p	17	30	30	0	0	0	0	0	0	0	0	0	0	0	0	0	0	0	30
90	MSCTcl2p	17	25	30	0	0	0	0	5	0	0	0	0	0	0	0	0	0	0	30
260	MSCTcl2p	17	25	30	0	0	0	0	0	0	0	0	0	0	5	0	0	0	0	30
0	MSCTcl2p	18	30	30	0	0	0	0	0	0	0	0	0	0	0	0	0	0	0	30
90	MSCTcl2p	18	26	30	0	4	0	0	0	0	0	0	0	0	0	0	0	0	0	30
260	MSCTcl2p	18	25	30	0	3	0	0	2	0	0	0	0	0	0	0	0	0	0	30
0	MSCTcl2p	19	30	30	0	0	0	0	0	0	0	0	0	0	0	0	0	0	0	30
90	MSCTcl2p	19	25	30	0	4	0	0	1	0	0	0	0	0	0	0	0	0	0	30
260	MSCTcl2p	19	25	30	0	0	0	0	4	0	0	1	0	0	0	0	0	0	0	30
0	MSCTcl2p	20	30	30	0	0	0	0	0	0	0	0	0	0	0	0	0	0	0	30
90	MSCTcl2p	20	28	30	0	2	0	0	0	0	0	0	0	0	0	0	0	0	0	30
260	MSCTcl2p	20	28	30	0	2	0	0	0	0	0	0	0	0	0	0	0	0	0	30
0	MSCTcl2p	21	30	30	0	0	0	0	0	0	0	0	0	0	0	0	0	0	0	30
90	MSCTcl2p	21	17	30	0	12	0	0	1	0	0	0	0	0	0	0	0	0	0	30
260	MSCTcl2p	21	30	30	0	0	0	0	0	0	0	0	0	0	0	0	0	0	0	30
0	MSCTcl2p	22	30	30	0	0	0	0	0	0	0	0	0	0	0	0	0	0	0	30
90	MSCTcl2p	22	22	30	0	7	0	0	1	0	0	0	0	0	0	0	0	0	0	30
260	MSCTcl2p	22	30	30	0	0	0	0	0	0	0	0	0	0	0	0	0	0	0	30
0	MSCTcl2p	23	30	30	0	0	0	0	0	0	0	0	0	0	0	0	0	0	0	30
90	MSCTcl2p	23	30	30	0	0	0	0	0	0	0	0	0	0	0	0	0	0	0	30
260	MSCTcl2p	23	30	30	0	0	0	0	0	0	0	0	0	0	0	0	0	0	0	30
0	MSCTcl2p	24	30	30	0	0	0	0	0	0	0	0	0	0	0	0	2	0	0	28
90	MSCTcl2p	24	30	30	0	0	0	0	0	0	0	0	0	0	0	0	2	0	0	28
260	MSCTcl2p	24	30	30	0	0	0	0	0	0	0	0	0	0	0	0	2	0	0	28
0	MSCTcl2p	25	30	30	0	0	0	0	0	0	0	0	0	0	0	0	0	0	0	30
90	MSCTcl2p	25	30	30	0	0	0	0	0	0	0	0	0	0	0	0	0	0	0	30
260	MSCTcl2p	25	30	30	0	0	0	0	0	0	0	0	0	0	0	0	0	0	0	30
0	MSITcl3p	1	30	30	5	0	0	6	0	0	19	0	0	0	0	0	0	0	0	0
90	MSITcl3p	1	30	30	5	0	0	13	0	0	11	0	0	1	0	0	0	0	0	0
260	MSITcl3p	1	30	30	10	0	0	17	0	0	2	0	0	1	0	0	0	0	0	0
0	MSITcl3p	2	30	30	0	0	0	0	0	0	0	0	0	6	0	0	13	0	0	11
90	MSITcl3p	2	30	30	0	0	0	1	0	0	5	0	0	9	0	0	8	0	0	7
260	MSITcl3p	2	30	30	0	0	0	1	0	0	5	0	0	3	0	0	6	0	0	15
0	MSITcl3p	3	30	30	0	0	0	0	0	0	0	0	0	0	0	0	0	0	0	30
90	MSITcl3p	3	30	30	0	0	0	0	0	0	0	0	0	0	0	0	11	0	0	19
260	MSITcl3p	3	30	30	0	0	0	0	0	0	0	0	0	0	0	0	2	0	0	28
0	MSITcl3p	4	30	30	0	0	0	0	0	0	0	0	0	0	0	0	2	0	0	28
90	MSITcl3p	4	30	30	0	0	0	0	0	0	0	0	0	0	0	0	5	0	0	25
260	MSITcl3p	4	30	30	0	0	0	0	0	0	0	0	0	0	0	0	0	0	0	30
0	MSITcl3p	5	30	30	0	0	0	0	0	0	0	0	0	0	0	0	4	0	0	26
90	MSITcl3p	5	30	30	0	0	0	0	0	0	0	0	0	1	0	0	8	0	0	21
260	MSITcl3p	5	30	30	0	0	0	0	0	0	0	0	0	0	0	0	0	0	0	30
0	MSITcl3p	6	30	30	0	0	0	0	0	0	0	0	0	0	0	0	0	0	0	30
90	MSITcl3p	6	30	30	0	0	0	0	0	0	0	0	0	0	0	0	0	0	0	30
260	MSITcl3p	6	30	30	0	0	0	0	0	0	0	0	0	0	0	0	0	0	0	30
0	MSITcl3p	7	30	30	0	0	0	0	0	0	0	0	0	0	0	0	0	0	0	30
90	MSITcl3p	7	30	30	0	0	0	0	0	0	0	0	0	0	0	0	0	0	0	30
260	MSITcl3p	7	30	30	0	0	0	0	0	0	0	0	0	0	0	0	0	0	0	30
0	MSITcl3p	8	30	30	0	0	0	0	0	0	0	0	0	0	0	0	0	0	0	30
90	MSITcl3p	8	30	30	0	0	0	0	0	0	0	0	0	0	0	0	0	0	0	30
260	MSITcl3p	8	30	30	0	0	0	0	0	0	0	0	0	0	0	0	0	0	0	30
0	MSITcl3p	9	30	30	0	0	0	0	0	0	0	0	0	0	0	0	0	0	0	30
90	MSITcl3p	9	30	30	0	0	0	0	0	0	0	0	0	0	0	0	0	0	0	30
260	MSITcl3p	9	30	30	0	0	0	0	0	0	0	0	0	0	0	0	0	0	0	30
0	MSITcl3p	10	30	30	0	0	0	0	0	0	0	0	0	0	0	0	0	0	0	30
90	MSITcl3p	10	28	30	0	2	0	0	0	0	0	0	0	0	0	0	0	0	0	30
260	MSITcl3p	10	20	30	0	5	0	0	0	0	0	0	0	0	1	0	0	4	0	30
0	MSITcl3p	11	30	30	0	0	0	0	0	0	0	0	0	0	0	0	0	0	0	30
90	MSITcl3p	11	30	30	0	0	0	0	0	0	0	0	0	0	0	0	0	0	0	30
260	MSITcl3p	11	24	30	0	1	0	0	0	0	0	0	0	0	0	0	0	5	0	30
0	MSITcl3p	12	30	30	0	0	0	0	0	0	0	0	0	0	0	0	0	0	0	30
90	MSITcl3p	12	30	30	0	0	0	0	0	0	0	0	0	0	0	0	0	0	0	30
260	MSITcl3p	12	25	30	0	0	0	0	0	0	0	0	0	0	0	0	0	5	0	30
0	MSITcl3p	13	30	30	0	0	0	0	0	0	0	0	0	0	0	0	0	0	0	30
90	MSITcl3p	13	30	30	0	0	0	0	0	0	0	0	0	0	0	0	0	0	0	30
260	MSITcl3p	13	25	30	0	0	0	0	0	0	0	0	0	0	1	0	0	4	0	30
0	MSITcl3p	14	30	30	0	0	0	0	0	0	0	0	0	0	0	0	0	0	0	30
90	MSITcl3p	14	30	30	0	0	0	0	0	0	0	0	0	0	0	0	0	0	0	30
260	MSITcl3p	14	25	30	0	0	0	0	0	0	0	2	0	0	3	0	0	0	0	30
0	MSITcl3p	15	30	30	0	0	0	0	0	0	0	0	0	0	0	0	0	0	0	30
90	MSITcl3p	15	26	30	0	4	0	0	0	0	0	0	0	0	0	0	0	0	0	30
260	MSITcl3p	15	18	30	0	7	0	0	0	0	0	0	0	0	1	0	0	4	0	30
0	MSITcl3p	16	30	30	0	0	0	0	0	0	0	0	0	0	0	0	0	0	0	30
90	MSITcl3p	16	29	30	0	1	0	0	0	0	0	0	0	0	0	0	0	0	0	30
260	MSITcl3p	16	24	30	0	1	0	0	0	0	0	0	0	0	4	0	0	1	0	30
0	MSITcl3p	17	30	30	0	0	0	0	0	0	0	0	0	0	0	0	0	0	0	30
90	MSITcl3p	17	25	30	0	5	0	0	0	0	0	0	0	0	0	0	0	0	0	30
260	MSITcl3p	17	25	30	0	0	0	0	0	0	0	1	0	0	2	0	0	2	0	30
0	MSITcl3p	18	30	30	0	0	0	0	0	0	0	0	0	0	0	0	0	0	0	30
90	MSITcl3p	18	30	30	0	0	0	0	0	0	0	0	0	0	0	0	0	0	0	30
260	MSITcl3p	18	30	30	0	0	0	0	0	0	0	0	0	0	0	0	0	0	0	30
0	MSITcl3p	19	30	30	0	0	0	0	0	0	0	0	0	0	0	0	0	0	0	30
90	MSITcl3p	19	30	30	0	0	0	0	0	0	0	0	0	0	0	0	0	0	0	30
260	MSITcl3p	19	30	30	0	0	0	0	0	0	0	0	0	0	0	0	0	0	0	30
0	MSITcl3p	20	30	30	0	0	0	0	0	0	0	0	0	0	0	0	1	0	0	29
90	MSITcl3p	20	30	30	0	0	0	0	0	0	0	0	0	0	0	0	1	0	0	29
260	MSITcl3p	20	30	30	0	0	0	0	0	0	0	0	0	0	0	0	1	0	0	29
0	MSITcl3p	21	30	30	0	0	0	0	0	0	0	0	0	0	0	0	1	0	0	29
90	MSITcl3p	21	30	30	0	0	0	0	0	0	0	0	0	0	0	0	1	0	0	29
260	MSITcl3p	21	30	30	0	0	0	0	0	0	0	0	0	0	0	0	1	0	0	29
0	MSITcl3p	22	30	30	0	0	0	0	0	0	0	0	0	0	0	0	3	0	0	27
90	MSITcl3p	22	30	30	0	0	0	0	0	0	0	0	0	0	0	0	3	0	0	27
260	MSITcl3p	22	30	30	0	0	0	0	0	0	0	0	0	0	0	0	3	0	0	27
0	MSITcl3p	23	30	30	0	0	0	0	0	0	1	0	0	4	0	0	2	0	0	23
90	MSITcl3p	23	30	30	0	0	0	0	0	0	1	0	0	4	0	0	2	0	0	23
260	MSITcl3p	23	30	30	0	0	0	0	0	0	1	0	0	4	0	0	2	0	0	23
0	MSITcl3p	24	30	30	0	0	0	0	0	0	0	0	0	1	0	0	4	0	0	25
90	MSITcl3p	24	30	30	0	0	0	0	0	0	0	0	0	1	0	0	4	0	0	25
260	MSITcl3p	24	30	30	0	0	0	0	0	0	0	0	0	1	0	0	4	0	0	25
0	MSITcl3p	25	30	30	0	0	0	0	0	0	0	0	0	0	0	0	0	0	0	30
90	MSITcl3p	25	30	30	0	0	0	0	0	0	0	0	0	0	0	0	0	0	0	30
260	MSITcl3p	25	30	30	0	0	0	0	0	0	0	0	0	0	0	0	0	0	0	30
0	MSITcl4p	1	30	30	5	0	0	3	0	0	21	0	0	1	0	0	0	0	0	0
90	MSITcl4p	1	30	30	5	0	0	2	0	0	14	0	0	9	0	0	0	0	0	0
260	MSITcl4p	1	30	30	5	0	0	3	0	0	17	0	0	3	0	0	2	0	0	0
0	MSITcl4p	2	30	30	0	0	0	0	0	0	4	0	0	7	0	0	4	0	0	15
90	MSITcl4p	2	25	30	0	5	0	0	0	0	1	0	0	5	0	0	6	0	0	18
260	MSITcl4p	2	30	30	0	0	0	0	0	0	3	0	0	7	0	0	14	0	0	6
0	MSITcl4p	3	30	30	0	0	0	0	0	0	0	0	0	0	0	0	0	0	0	30
90	MSITcl4p	3	30	30	0	0	0	0	0	0	0	0	0	0	0	0	1	0	0	29
260	MSITcl4p	3	29	30	0	1	0	0	0	0	0	0	0	0	0	0	0	0	0	30
0	MSITcl4p	4	30	30	0	0	0	0	0	0	0	0	0	0	0	0	0	0	0	30
90	MSITcl4p	4	30	30	0	0	0	0	0	0	0	0	0	0	0	0	0	0	0	30
260	MSITcl4p	4	30	30	0	0	0	0	0	0	0	0	0	0	0	0	0	0	0	30
0	MSITcl4p	5	30	30	0	0	0	0	0	0	0	0	0	0	0	0	0	0	0	30
90	MSITcl4p	5	30	30	0	0	0	0	0	0	0	0	0	0	0	0	0	0	0	30
260	MSITcl4p	5	30	30	0	0	0	0	0	0	0	0	0	0	0	0	0	0	0	30
0	MSITcl4p	6	30	30	0	0	0	0	0	0	0	0	0	0	0	0	0	0	0	30
90	MSITcl4p	6	30	30	0	0	0	0	0	0	0	0	0	0	0	0	0	0	0	30
260	MSITcl4p	6	30	30	0	0	0	0	0	0	0	0	0	0	0	0	0	0	0	30
0	MSITcl4p	7	30	30	0	0	0	0	0	0	0	0	0	0	0	0	0	0	0	30
90	MSITcl4p	7	30	30	0	0	0	0	0	0	0	0	0	0	0	0	0	0	0	30
260	MSITcl4p	7	30	30	0	0	0	0	0	0	0	0	0	0	0	0	0	0	0	30
0	MSITcl4p	8	30	30	0	0	0	0	0	0	0	0	0	0	0	0	0	0	0	30
90	MSITcl4p	8	30	30	0	0	0	0	0	0	0	0	0	0	0	0	0	0	0	30
260	MSITcl4p	8	30	30	0	0	0	0	0	0	0	0	0	0	0	0	0	0	0	30
0	MSITcl4p	9	30	30	0	0	0	0	0	0	0	0	0	0	0	0	0	0	0	30
90	MSITcl4p	9	30	30	0	0	0	0	0	0	0	0	0	0	0	0	0	0	0	30
260	MSITcl4p	9	30	30	0	0	0	0	0	0	0	0	0	0	0	0	0	0	0	30
0	MSITcl4p	10	30	30	0	0	0	0	0	0	0	0	0	0	0	0	0	0	0	30
90	MSITcl4p	10	30	30	0	0	0	0	0	0	0	0	0	0	0	0	0	0	0	30
260	MSITcl4p	10	21	26	0	4	1	0	0	1	0	0	2	0	0	0	0	5	0	30
0	MSITcl4p	11	30	30	0	0	0	0	0	0	0	0	0	0	0	0	2	0	0	28
90	MSITcl4p	11	30	30	0	0	0	0	0	0	0	0	0	0	0	0	2	0	0	28
260	MSITcl4p	11	25	30	0	0	0	0	0	0	0	0	0	0	0	0	2	5	0	28
0	MSITcl4p	12	30	30	0	0	0	0	0	0	0	0	0	0	0	0	1	0	0	29
90	MSITcl4p	12	30	30	0	0	0	0	0	0	0	0	0	0	0	0	1	0	0	29
260	MSITcl4p	12	25	30	0	0	0	0	0	0	0	0	0	0	2	0	1	3	0	29
0	MSITcl4p	13	30	30	0	0	0	0	0	0	0	0	0	0	0	0	4	0	0	26
90	MSITcl4p	13	30	30	0	0	0	0	0	0	0	0	0	0	0	0	4	0	0	26
260	MSITcl4p	13	25	30	0	0	0	0	0	0	0	0	0	0	1	0	4	4	0	26
0	MSITcl4p	14	30	30	0	0	0	0	0	0	0	0	0	0	0	0	4	0	0	26
90	MSITcl4p	14	30	30	0	0	0	0	0	0	0	0	0	0	0	0	4	0	0	26
260	MSITcl4p	14	25	30	0	0	0	0	0	0	0	0	0	0	3	0	4	2	0	26
0	MSITcl4p	15	30	30	0	0	0	0	0	0	0	0	0	2	0	0	5	0	0	23
90	MSITcl4p	15	30	30	0	0	0	0	0	0	0	0	0	2	0	0	5	0	0	23
260	MSITcl4p	15	25	30	0	0	0	0	0	0	0	5	0	2	0	0	5	0	0	23
0	MSITcl4p	16	30	30	0	0	0	0	0	0	1	0	0	3	0	0	2	0	0	24
90	MSITcl4p	16	30	30	0	0	0	0	0	0	1	0	0	3	0	0	2	0	0	24
260	MSITcl4p	16	25	30	0	0	0	0	0	0	1	0	0	3	3	0	2	2	0	24
0	MSITcl4p	17	30	30	0	0	0	0	0	0	2	0	0	2	0	0	2	0	0	24
90	MSITcl4p	17	30	30	0	0	0	0	0	0	2	0	0	2	0	0	2	0	0	24
260	MSITcl4p	17	9	30	0	11	0	0	5	0	2	0	0	2	3	0	2	2	0	24
0	MSITcl4p	18	30	30	0	0	0	0	0	0	0	0	0	0	0	0	3	0	0	27
90	MSITcl4p	18	30	30	0	0	0	0	0	0	0	0	0	0	0	0	3	0	0	27
260	MSITcl4p	18	8	27	0	10	1	0	7	2	0	0	0	0	0	0	3	5	0	27
0	MSITcl4p	19	30	30	0	0	0	0	0	0	0	0	0	2	0	0	2	0	0	26
90	MSITcl4p	19	30	30	0	0	0	0	0	0	0	0	0	2	0	0	2	0	0	26
260	MSITcl4p	19	4	30	0	8	0	0	9	0	0	4	0	2	4	0	2	1	0	26
0	MSITcl4p	20	30	30	0	0	0	0	0	0	0	0	0	4	0	0	2	0	0	24
90	MSITcl4p	20	30	30	0	0	0	0	0	0	0	0	0	4	0	0	2	0	0	24
260	MSITcl4p	20	19	29	0	5	1	0	0	0	0	1	0	4	0	0	2	5	0	24
0	MSITcl4p	21	30	30	0	0	0	0	0	0	0	0	0	0	0	0	3	0	0	27
90	MSITcl4p	21	30	30	0	0	0	0	0	0	0	0	0	0	0	0	3	0	0	27
260	MSITcl4p	21	30	30	0	0	0	0	0	0	0	0	0	0	0	0	3	0	0	27
0	MSITcl4p	22	30	30	0	0	0	0	0	0	0	0	0	0	0	0	6	0	0	24
90	MSITcl4p	22	30	30	0	0	0	0	0	0	0	0	0	0	0	0	6	0	0	24
260	MSITcl4p	22	30	30	0	0	0	0	0	0	0	0	0	0	0	0	6	0	0	24
0	MSITcl4p	23	30	30	0	0	0	0	0	0	1	0	0	1	0	0	3	0	0	25
90	MSITcl4p	23	30	30	0	0	0	0	0	0	1	0	0	1	0	0	3	0	0	25
260	MSITcl4p	23	30	30	0	0	0	0	0	0	1	0	0	1	0	0	3	0	0	25
0	MSITcl4p	24	30	30	0	0	0	0	0	0	0	0	0	3	0	0	3	0	0	24
90	MSITcl4p	24	30	30	0	0	0	0	0	0	0	0	0	3	0	0	3	0	0	24
260	MSITcl4p	24	30	30	0	0	0	0	0	0	0	0	0	3	0	0	3	0	0	24
0	MSITcl4p	25	30	30	0	0	0	0	0	0	0	0	0	2	0	0	2	0	0	26
90	MSITcl4p	25	30	30	0	0	0	0	0	0	0	0	0	2	0	0	2	0	0	26
260	MSITcl4p	25	26	30	0	2	0	0	2	0	0	0	0	2	0	0	2	0	0	26
0	SECTcl3p	1	30	30	5	0	0	2	0	0	21	0	0	2	0	0	0	0	0	0
90	SECTcl3p	1	30	30	5	0	0	4	0	0	16	0	0	5	0	0	0	0	0	0
260	SECTcl3p	1	30	30	5	0	0	1	0	0	5	0	0	3	0	0	12	0	0	4
0	SECTcl3p	2	30	30	0	0	0	0	0	0	0	0	0	3	0	0	16	0	0	11
90	SECTcl3p	2	19	30	0	7	0	0	4	0	0	0	0	2	0	0	10	0	0	18
260	SECTcl3p	2	30	30	0	0	0	0	0	0	0	0	0	0	0	0	6	0	0	24
0	SECTcl3p	3	30	30	0	0	0	0	0	0	0	0	0	2	0	0	9	0	0	19
90	SECTcl3p	3	0	30	0	17	0	0	13	0	0	0	0	0	0	0	0	0	0	30
260	SECTcl3p	3	24	30	0	6	0	0	0	0	0	0	0	0	0	0	1	0	0	29
0	SECTcl3p	4	30	30	0	0	0	0	0	0	2	0	0	9	0	0	16	0	0	3
90	SECTcl3p	4	0	30	0	9	0	0	21	0	0	0	0	0	0	0	0	0	0	30
260	SECTcl3p	4	30	30	0	0	0	0	0	0	0	0	0	0	0	0	0	0	0	30
0	SECTcl3p	5	30	30	0	0	0	0	0	0	3	0	0	15	0	0	10	0	0	2
90	SECTcl3p	5	0	30	0	30	0	0	0	0	0	0	0	0	0	0	0	0	0	30
260	SECTcl3p	5	27	30	0	3	0	0	0	0	0	0	0	0	0	0	0	0	0	30
0	SECTcl3p	6	30	30	0	0	0	0	0	0	0	0	0	11	0	0	13	0	0	6
90	SECTcl3p	6	24	30	0	6	0	0	0	0	0	0	0	0	0	0	0	0	0	30
260	SECTcl3p	6	29	30	0	1	0	0	0	0	0	0	0	0	0	0	0	0	0	30
0	SECTcl3p	7	30	30	0	0	0	0	0	0	0	0	0	0	0	0	2	0	0	28
90	SECTcl3p	7	1	30	0	26	0	0	3	0	0	0	0	0	0	0	0	0	0	30
260	SECTcl3p	7	27	30	0	3	0	0	0	0	0	0	0	0	0	0	0	0	0	30
0	SECTcl3p	8	30	30	0	0	0	0	0	0	0	0	0	0	0	0	0	0	0	30
90	SECTcl3p	8	11	30	0	19	0	0	0	0	0	0	0	0	0	0	0	0	0	30
260	SECTcl3p	8	30	30	0	0	0	0	0	0	0	0	0	0	0	0	0	0	0	30
0	SECTcl3p	9	30	30	0	0	0	0	0	0	0	0	0	0	0	0	4	0	0	26
90	SECTcl3p	9	24	30	0	6	0	0	0	0	0	0	0	0	0	0	0	0	0	30
260	SECTcl3p	9	30	30	0	0	0	0	0	0	0	0	0	0	0	0	0	0	0	30
0	SECTcl3p	10	30	30	0	0	0	0	0	0	0	0	0	1	0	0	8	0	0	21
90	SECTcl3p	10	25	30	0	3	0	0	2	0	0	0	0	0	0	0	0	0	0	30
260	SECTcl3p	10	24	26	0	1	0	0	0	1	0	0	2	0	0	1	0	5	0	30
0	SECTcl3p	11	30	30	0	0	0	0	0	0	0	0	0	2	0	0	20	0	0	8
90	SECTcl3p	11	26	30	0	2	0	0	2	0	0	0	0	0	0	0	0	0	0	30
260	SECTcl3p	11	14	30	0	10	0	0	1	0	0	0	0	0	1	0	0	4	0	30
0	SECTcl3p	12	30	30	0	0	0	0	0	0	0	0	0	2	0	0	2	0	0	26
90	SECTcl3p	12	24	30	0	3	0	0	2	0	0	1	0	0	0	0	0	0	0	30
260	SECTcl3p	12	19	27	0	4	1	0	2	2	0	0	0	0	1	0	0	4	0	30
0	SECTcl3p	13	30	30	0	0	0	0	0	0	0	0	0	3	0	0	9	0	0	18
90	SECTcl3p	13	5	30	0	22	0	0	3	0	0	0	0	0	0	0	0	0	0	30
260	SECTcl3p	13	2	28	0	19	1	0	3	1	0	1	0	0	0	0	0	5	0	30
0	SECTcl3p	14	30	30	0	0	0	0	0	0	0	0	0	0	0	0	4	0	0	26
90	SECTcl3p	14	10	30	0	12	0	0	8	0	0	0	0	0	0	0	0	0	0	30
260	SECTcl3p	14	0	26	0	16	0	0	9	3	0	0	1	0	0	0	0	5	0	30
0	SECTcl3p	15	30	30	0	0	0	0	0	0	0	0	0	0	0	0	0	0	0	30
90	SECTcl3p	15	5	30	0	20	0	0	3	0	0	2	0	0	0	0	0	0	0	30
260	SECTcl3p	15	2	26	0	15	1	0	7	1	0	1	2	0	0	0	0	5	0	30
0	SECTcl3p	16	30	30	0	0	0	0	0	0	0	0	0	0	0	0	4	0	0	26
90	SECTcl3p	16	19	30	0	9	0	0	2	0	0	0	0	0	0	0	0	0	0	30
260	SECTcl3p	16	1	27	0	12	2	0	10	1	0	2	0	0	0	0	0	5	0	30
0	SECTcl3p	17	30	30	0	0	0	0	0	0	0	0	0	5	0	0	25	0	0	0
90	SECTcl3p	17	24	30	0	3	0	0	3	0	0	0	0	0	0	0	0	0	0	30
260	SECTcl3p	17	1	27	0	6	1	0	17	2	0	1	0	0	0	0	0	5	0	30
0	SECTcl3p	18	30	30	0	0	0	0	0	0	5	0	0	18	0	0	7	0	0	0
90	SECTcl3p	18	0	30	0	24	0	0	5	0	0	1	0	0	0	0	0	0	0	30
260	SECTcl3p	18	0	25	0	0	1	0	19	1	0	6	3	0	0	0	0	5	0	30
0	SECTcl3p	19	30	30	0	0	0	1	0	0	5	0	0	13	0	0	10	0	0	1
90	SECTcl3p	19	5	30	0	20	0	0	3	0	0	2	0	0	0	0	0	0	0	30
260	SECTcl3p	19	0	25	0	0	1	0	3	1	0	18	2	0	4	1	0	5	0	30
0	SECTcl3p	20	30	30	0	0	0	9	0	0	17	0	0	4	0	0	0	0	0	0
90	SECTcl3p	20	3	30	0	18	0	0	7	0	0	2	0	0	0	0	0	0	0	30
260	SECTcl3p	20	0	25	0	0	1	0	0	0	0	10	2	0	14	2	0	6	0	30
0	SECTcl3p	21	30	30	0	0	0	4	0	0	15	0	0	5	0	0	6	0	0	0
90	SECTcl3p	21	24	30	0	6	0	0	0	0	0	0	0	0	0	0	0	0	0	30
260	SECTcl3p	21	0	30	0	0	0	0	0	0	0	12	0	0	18	0	0	0	0	30
0	SECTcl3p	22	30	30	0	0	0	0	0	0	4	0	0	1	0	0	6	0	0	19
90	SECTcl3p	22	28	30	0	2	0	0	0	0	0	0	0	0	0	0	0	0	0	30
260	SECTcl3p	22	0	30	0	0	0	0	4	0	0	12	0	0	14	0	0	0	0	30
0	SECTcl3p	23	30	30	0	0	0	0	0	0	23	0	0	7	0	0	0	0	0	0
90	SECTcl3p	23	15	30	0	15	0	0	0	0	0	0	0	0	0	0	0	0	0	30
260	SECTcl3p	23	0	30	0	0	0	0	7	0	0	23	0	0	0	0	0	0	0	30
0	SECTcl3p	24	30	30	0	0	0	2	0	0	14	0	0	7	0	0	7	0	0	0
90	SECTcl3p	24	25	30	0	5	0	0	0	0	0	0	0	0	0	0	0	0	0	30
260	SECTcl3p	24	0	30	0	0	0	0	29	0	0	1	0	0	0	0	0	0	0	30
0	SECTcl3p	25	30	30	0	0	0	4	0	0	18	0	0	4	0	0	4	0	0	0
90	SECTcl3p	25	15	30	0	15	0	0	0	0	0	0	0	0	0	0	0	0	0	30
260	SECTcl3p	25	0	30	0	10	0	0	18	0	0	2	0	0	0	0	0	0	0	30
0	SECTp	1	30	30	5	0	0	3	0	0	4	0	0	13	0	0	5	0	0	0
90	SECTp	1	30	30	5	0	0	4	0	0	12	0	0	9	0	0	0	0	0	0
260	SECTp	1	30	30	5	0	0	4	0	0	14	0	0	7	0	0	0	0	0	0
0	SECTp	2	30	30	0	0	0	0	0	0	0	0	0	4	0	0	7	0	0	19
90	SECTp	2	26	30	0	0	0	0	4	0	0	0	0	6	0	0	6	0	0	18
260	SECTp	2	26	30	0	4	0	0	0	0	0	0	0	7	0	0	6	0	0	17
0	SECTp	3	30	30	0	0	0	0	0	0	0	0	0	1	0	0	3	0	0	26
90	SECTp	3	0	30	0	2	0	0	28	0	0	0	0	0	0	0	0	0	0	30
260	SECTp	3	7	30	0	23	0	0	0	0	0	0	0	0	0	0	1	0	0	29
0	SECTp	4	30	30	0	0	0	0	0	0	4	0	0	7	0	0	15	0	0	4
90	SECTp	4	1	30	0	17	0	0	12	0	0	0	0	0	0	0	0	0	0	30
260	SECTp	4	28	30	0	2	0	0	0	0	1	0	0	3	0	0	0	0	0	26
0	SECTp	5	30	30	0	0	0	4	0	0	17	0	0	7	0	0	2	0	0	0
90	SECTp	5	20	30	0	10	0	0	0	0	0	0	0	4	0	0	0	0	0	26
260	SECTp	5	30	30	0	0	0	0	0	0	9	0	0	19	0	0	2	0	0	0
0	SECTp	6	30	30	0	0	0	5	0	0	7	0	0	9	0	0	7	0	0	2
90	SECTp	6	29	30	0	1	0	0	0	0	7	0	0	18	0	0	1	0	0	4
260	SECTp	6	30	30	0	0	0	0	0	0	5	0	0	14	0	0	7	0	0	4
0	SECTp	7	30	30	0	0	0	0	0	0	0	0	0	0	0	0	3	0	0	27
90	SECTp	7	24	30	0	6	0	0	0	0	0	0	0	3	0	0	3	0	0	24
260	SECTp	7	30	30	0	0	0	0	0	0	0	0	0	4	0	0	5	0	0	21
0	SECTp	8	30	30	0	0	0	0	0	0	0	0	0	0	0	0	4	0	0	26
90	SECTp	8	30	30	0	0	0	0	0	0	4	0	0	9	0	0	17	0	0	0
260	SECTp	8	30	30	0	0	0	0	0	0	12	0	0	18	0	0	0	0	0	0
0	SECTp	9	30	30	0	0	0	0	0	0	4	0	0	22	0	0	4	0	0	0
90	SECTp	9	30	30	0	0	0	0	0	0	13	0	0	17	0	0	0	0	0	0
260	SECTp	9	30	30	0	0	0	7	0	0	16	0	0	7	0	0	0	0	0	0
0	SECTp	10	30	30	0	0	0	0	0	0	16	0	0	14	0	0	0	0	0	0
90	SECTp	10	25	30	0	4	0	3	1	0	1	0	0	13	0	0	13	0	0	0
260	SECTp	10	25	25	4	0	0	11	0	0	6	0	0	0	0	0	0	5	5	9
0	SECTp	11	30	30	0	0	0	0	0	0	0	0	0	5	0	0	11	0	0	14
90	SECTp	11	25	30	0	4	0	3	1	0	11	0	0	7	0	0	4	0	0	5
260	SECTp	11	10	25	0	14	0	0	1	0	0	0	4	0	0	1	0	5	0	30
0	SECTp	12	30	30	0	0	0	0	0	0	0	0	0	4	0	0	2	0	0	24
90	SECTp	12	25	30	0	0	0	0	4	0	0	1	0	1	0	0	3	0	0	26
260	SECTp	12	0	25	0	23	0	0	1	0	0	1	0	0	0	5	0	5	0	30
0	SECTp	13	30	30	0	0	0	0	0	0	0	0	0	16	0	0	10	0	0	4
90	SECTp	13	25	30	0	3	0	0	2	0	0	0	0	0	0	0	10	0	0	20
260	SECTp	13	0	25	0	1	0	0	22	0	0	2	0	0	0	5	0	5	0	30
0	SECTp	14	30	30	0	0	0	0	0	0	0	0	0	0	0	0	3	0	0	27
90	SECTp	14	25	30	0	3	0	0	2	0	0	0	0	0	0	0	0	0	0	30
260	SECTp	14	0	25	0	0	0	0	11	0	0	13	0	0	1	3	0	5	2	30
0	SECTp	15	30	30	0	0	0	0	0	0	0	0	0	0	0	0	5	0	0	25
90	SECTp	15	25	30	0	0	0	2	5	0	2	0	0	0	0	0	0	0	0	26
260	SECTp	15	0	25	0	0	0	0	12	0	0	12	1	0	1	4	0	5	0	30
0	SECTp	16	30	30	0	0	0	0	0	0	0	0	0	4	0	0	0	0	0	26
90	SECTp	16	25	30	0	4	0	4	1	0	0	0	0	4	0	0	9	0	0	13
260	SECTp	16	0	25	0	0	0	0	4	0	0	20	2	0	1	3	0	5	0	30
0	SECTp	17	30	30	0	0	0	0	0	0	4	0	0	5	0	0	19	0	0	2
90	SECTp	17	25	30	0	4	0	1	1	0	7	0	0	12	0	0	5	0	0	5
260	SECTp	17	0	25	0	0	0	0	0	0	0	17	2	0	8	3	0	5	0	30
0	SECTp	18	30	30	0	0	0	1	0	0	24	0	0	5	0	0	0	0	0	0
90	SECTp	18	25	30	0	3	0	3	2	0	6	0	0	13	0	0	3	0	0	5
260	SECTp	18	0	25	0	0	0	0	0	0	0	12	0	0	13	5	0	5	0	30
0	SECTp	19	30	30	0	0	0	5	0	0	15	0	0	3	0	0	7	0	0	0
90	SECTp	19	25	30	0	2	0	0	3	0	4	0	0	16	0	0	1	0	0	9
260	SECTp	19	0	25	0	0	0	0	0	0	0	18	0	0	6	5	0	6	0	30
0	SECTp	20	30	30	1	0	0	16	0	0	13	0	0	0	0	0	0	0	0	0
90	SECTp	20	13	30	0	12	0	0	5	0	0	0	0	3	0	0	1	0	0	26
260	SECTp	20	0	25	0	0	0	0	0	0	0	1	0	0	3	4	0	26	1	30
0	SECTp	21	30	30	0	0	0	13	0	0	4	0	0	13	0	0	0	0	0	0
90	SECTp	21	30	30	0	0	0	0	0	0	3	0	0	3	0	0	11	0	0	13
260	SECTp	21	0	30	0	0	0	0	0	0	0	9	0	0	21	0	0	0	0	30
0	SECTp	22	30	30	0	0	0	4	0	0	2	0	0	20	0	0	4	0	0	0
90	SECTp	22	26	30	0	4	0	0	0	0	9	0	0	9	0	0	12	0	0	0
260	SECTp	22	0	30	0	0	0	0	3	0	0	27	0	0	0	0	0	0	0	30
0	SECTp	23	30	30	1	0	0	15	0	0	13	0	0	1	0	0	0	0	0	0
90	SECTp	23	25	30	0	5	0	3	0	0	2	0	0	14	0	0	11	0	0	0
260	SECTp	23	0	30	0	0	0	0	14	0	0	16	0	0	0	0	0	0	0	30
0	SECTp	24	30	30	0	0	0	18	0	0	12	0	0	0	0	0	0	0	0	0
90	SECTp	24	30	30	0	0	0	8	0	0	17	0	0	1	0	0	2	0	0	2
260	SECTp	24	1	30	0	18	0	0	11	0	0	0	0	0	0	0	0	0	0	30
0	SECTp	25	30	30	0	0	0	16	0	0	4	0	0	10	0	0	0	0	0	0
90	SECTp	25	30	30	0	0	0	3	0	0	6	0	0	11	0	0	9	0	0	1
260	SECTp	25	0	30	0	23	0	0	7	0	0	0	0	0	0	0	0	0	0	30
0	SEITcl1p	1	30	30	5	0	0	0	0	0	6	0	0	16	0	0	3	0	0	0
90	SEITcl1p	1	30	30	5	0	0	1	0	0	4	0	0	5	0	0	15	0	0	0
260	SEITcl1p	1	30	30	5	0	0	2	0	0	3	0	0	13	0	0	7	0	0	0
0	SEITcl1p	2	30	30	0	0	0	0	0	0	1	0	0	4	0	0	5	0	0	20
90	SEITcl1p	2	30	30	0	0	0	0	0	0	2	0	0	9	0	0	6	0	0	13
260	SEITcl1p	2	30	30	0	0	0	0	0	0	0	0	0	4	0	0	15	0	0	11
0	SEITcl1p	3	30	30	0	0	0	0	0	0	0	0	0	0	0	0	0	0	0	30
90	SEITcl1p	3	30	30	0	0	0	0	0	0	0	0	0	0	0	0	0	0	0	30
260	SEITcl1p	3	30	30	0	0	0	0	0	0	0	0	0	0	0	0	0	0	0	30
0	SEITcl1p	4	30	30	0	0	0	0	0	0	0	0	0	0	0	0	0	0	0	30
90	SEITcl1p	4	30	30	0	0	0	0	0	0	0	0	0	0	0	0	0	0	0	30
260	SEITcl1p	4	30	30	0	0	0	0	0	0	0	0	0	0	0	0	0	0	0	30
0	SEITcl1p	5	30	30	0	0	0	0	0	0	0	0	0	0	0	0	0	0	0	30
90	SEITcl1p	5	30	30	0	0	0	0	0	0	0	0	0	0	0	0	0	0	0	30
260	SEITcl1p	5	30	30	0	0	0	0	0	0	0	0	0	0	0	0	0	0	0	30
0	SEITcl1p	6	30	30	0	0	0	0	0	0	0	0	0	0	0	0	0	0	0	30
90	SEITcl1p	6	30	30	0	0	0	0	0	0	0	0	0	0	0	0	0	0	0	30
260	SEITcl1p	6	30	30	0	0	0	0	0	0	0	0	0	0	0	0	0	0	0	30
0	SEITcl1p	7	30	30	0	0	0	0	0	0	0	0	0	0	0	0	0	0	0	30
90	SEITcl1p	7	30	30	0	0	0	0	0	0	0	0	0	0	0	0	0	0	0	30
260	SEITcl1p	7	30	30	0	0	0	0	0	0	0	0	0	0	0	0	0	0	0	30
0	SEITcl1p	8	30	30	0	0	0	0	0	0	0	0	0	0	0	0	0	0	0	30
90	SEITcl1p	8	30	30	0	0	0	0	0	0	0	0	0	0	0	0	0	0	0	30
260	SEITcl1p	8	30	30	0	0	0	0	0	0	0	0	0	0	0	0	0	0	0	30
0	SEITcl1p	9	30	30	0	0	0	0	0	0	0	0	0	0	0	0	0	0	0	30
90	SEITcl1p	9	30	30	0	0	0	0	0	0	0	0	0	0	0	0	0	0	0	30
260	SEITcl1p	9	30	30	0	0	0	0	0	0	0	0	0	0	0	0	0	0	0	30
0	SEITcl1p	10	30	30	0	0	0	0	0	0	0	0	0	0	0	0	0	0	0	30
90	SEITcl1p	10	28	30	0	2	0	0	0	0	0	0	0	0	0	0	0	0	0	30
260	SEITcl1p	10	24	27	0	1	1	0	0	1	0	0	1	0	0	0	0	5	0	30
0	SEITcl1p	11	30	30	0	0	0	0	0	0	0	0	0	0	0	0	0	0	0	30
90	SEITcl1p	11	28	30	0	2	0	0	0	0	0	0	0	0	0	0	0	0	0	30
260	SEITcl1p	11	25	26	0	0	2	0	0	2	0	0	0	0	0	0	2	5	0	28
0	SEITcl1p	12	30	30	0	0	0	0	0	0	0	0	0	0	0	0	0	0	0	30
90	SEITcl1p	12	29	30	0	1	0	0	0	0	0	0	0	0	0	0	0	0	0	30
260	SEITcl1p	12	25	30	0	0	0	0	0	0	0	0	0	0	3	0	5	2	0	25
0	SEITcl1p	13	30	30	0	0	0	0	0	0	0	0	0	0	0	0	0	0	0	30
90	SEITcl1p	13	29	30	0	1	0	0	0	0	0	0	0	0	0	0	0	0	0	30
260	SEITcl1p	13	25	28	0	0	1	0	0	1	4	0	0	0	3	0	0	2	0	26
0	SEITcl1p	14	30	30	0	0	0	0	0	0	0	0	0	0	0	0	0	0	0	30
90	SEITcl1p	14	28	30	0	2	0	0	0	0	0	0	0	0	0	0	0	0	0	30
260	SEITcl1p	14	25	27	0	0	1	4	0	2	0	0	0	6	2	0	13	3	0	7
0	SEITcl1p	15	30	30	0	0	0	0	0	0	0	0	0	0	0	0	1	0	0	29
90	SEITcl1p	15	28	30	0	2	0	0	0	0	0	0	0	0	0	0	0	0	0	30
260	SEITcl1p	15	25	28	0	0	1	0	0	1	4	0	0	6	3	0	14	2	0	6
0	SEITcl1p	16	30	30	0	0	0	0	0	0	0	0	0	0	0	0	0	0	0	30
90	SEITcl1p	16	28	30	0	2	0	0	0	0	0	0	0	0	0	0	0	0	0	30
260	SEITcl1p	16	25	25	0	0	3	1	0	1	3	0	1	0	1	0	2	4	0	24
0	SEITcl1p	17	30	30	0	0	0	0	0	0	0	0	0	0	0	0	0	0	0	30
90	SEITcl1p	17	29	30	0	1	0	0	0	0	0	0	0	0	0	0	0	0	0	30
260	SEITcl1p	17	25	25	0	0	3	0	0	2	0	0	0	3	2	0	8	3	0	19
0	SEITcl1p	18	30	30	0	0	0	0	0	0	0	0	0	0	0	0	0	0	0	30
90	SEITcl1p	18	30	30	0	0	0	0	0	0	0	0	0	0	0	0	0	0	0	30
260	SEITcl1p	18	25	25	0	0	3	2	0	1	2	0	1	0	1	0	12	4	0	14
0	SEITcl1p	19	30	30	0	0	0	0	0	0	0	0	0	0	0	0	0	0	0	30
90	SEITcl1p	19	30	30	0	0	0	0	0	0	0	0	0	0	0	0	1	0	0	29
260	SEITcl1p	19	25	27	0	0	2	0	0	1	4	0	0	3	3	0	8	2	0	15
0	SEITcl1p	20	30	30	0	0	0	0	0	0	0	0	0	0	0	0	0	0	0	30
90	SEITcl1p	20	29	30	0	1	0	0	0	0	0	0	0	0	0	0	0	0	0	30
260	SEITcl1p	20	25	26	3	0	2	1	0	2	0	0	0	0	3	0	10	2	0	16
0	SEITcl1p	21	30	30	0	0	0	0	0	0	0	0	0	0	0	0	0	0	0	30
90	SEITcl1p	21	30	30	0	0	0	0	0	0	0	0	0	0	0	0	0	0	0	30
260	SEITcl1p	21	30	30	0	0	0	10	0	0	13	0	0	3	0	0	4	0	0	0
0	SEITcl1p	22	30	30	0	0	0	0	0	0	0	0	0	0	0	0	0	0	0	30
90	SEITcl1p	22	30	30	0	0	0	0	0	0	0	0	0	0	0	0	0	0	0	30
260	SEITcl1p	22	30	30	0	0	0	0	0	0	7	0	0	11	0	0	9	0	0	3
0	SEITcl1p	23	30	30	0	0	0	0	0	0	0	0	0	0	0	0	0	0	0	30
90	SEITcl1p	23	30	30	0	0	0	0	0	0	0	0	0	0	0	0	0	0	0	30
260	SEITcl1p	23	30	30	0	0	0	0	0	0	4	0	0	25	0	0	1	0	0	0
0	SEITcl1p	24	30	30	0	0	0	0	0	0	0	0	0	0	0	0	0	0	0	30
90	SEITcl1p	24	30	30	0	0	0	0	0	0	0	0	0	0	0	0	0	0	0	30
260	SEITcl1p	24	30	30	0	0	0	0	0	0	1	0	0	23	0	0	6	0	0	0
0	SEITcl1p	25	30	30	0	0	0	0	0	0	0	0	0	0	0	0	0	0	0	30
90	SEITcl1p	25	30	30	0	0	0	0	0	0	0	0	0	0	0	0	1	0	0	29
260	SEITcl1p	25	30	30	0	0	0	0	0	0	6	0	0	21	0	0	3	0	0	0
0	SEITcl3p	1	30	30	5	0	0	8	0	0	5	0	0	12	0	0	0	0	0	0
90	SEITcl3p	1	30	30	8	0	0	13	0	0	9	0	0	0	0	0	0	0	0	0
260	SEITcl3p	1	30	30	5	0	0	0	0	0	4	0	0	14	0	0	7	0	0	0
0	SEITcl3p	2	30	30	0	0	0	0	0	0	0	0	0	4	0	0	6	0	0	20
90	SEITcl3p	2	24	30	0	6	0	0	0	0	3	0	0	4	0	0	4	0	0	19
260	SEITcl3p	2	16	30	0	8	0	0	1	0	0	5	0	1	0	0	4	0	0	25
0	SEITcl3p	3	30	30	0	0	0	0	0	0	0	0	0	7	0	0	6	0	0	17
90	SEITcl3p	3	19	30	0	7	0	0	4	0	0	0	0	0	0	0	0	0	0	30
260	SEITcl3p	3	25	30	0	5	0	0	0	0	6	0	0	8	0	0	10	0	0	6
0	SEITcl3p	4	30	30	0	0	0	0	0	0	3	0	0	15	0	0	10	0	0	2
90	SEITcl3p	4	23	30	0	7	0	0	0	0	0	0	0	3	0	0	8	0	0	19
260	SEITcl3p	4	30	30	0	0	0	0	0	0	3	0	0	1	0	0	6	0	0	20
0	SEITcl3p	5	30	30	0	0	0	4	0	0	18	0	0	7	0	0	1	0	0	0
90	SEITcl3p	5	30	30	0	0	0	4	0	0	1	0	0	18	0	0	7	0	0	0
260	SEITcl3p	5	30	30	0	0	0	0	0	0	5	0	0	11	0	0	12	0	0	2
0	SEITcl3p	6	30	30	0	0	0	9	0	0	6	0	0	5	0	0	10	0	0	0
90	SEITcl3p	6	29	30	0	1	0	5	0	0	8	0	0	7	0	0	10	0	0	0
260	SEITcl3p	6	30	30	0	0	0	1	0	0	18	0	0	7	0	0	2	0	0	2
0	SEITcl3p	7	30	30	0	0	0	0	0	0	0	0	0	2	0	0	27	0	0	1
90	SEITcl3p	7	30	30	0	0	0	0	0	0	3	0	0	1	0	0	11	0	0	15
260	SEITcl3p	7	30	30	0	0	0	0	0	0	3	0	0	7	0	0	16	0	0	4
0	SEITcl3p	8	30	30	0	0	0	0	0	0	3	0	0	2	0	0	13	0	0	12
90	SEITcl3p	8	19	30	0	7	0	2	4	0	13	0	0	6	0	0	4	0	0	5
260	SEITcl3p	8	30	30	0	0	0	0	0	0	11	0	0	13	0	0	6	0	0	0
0	SEITcl3p	9	30	30	0	0	0	4	0	0	13	0	0	13	0	0	0	0	0	0
90	SEITcl3p	9	30	30	0	0	0	4	0	0	15	0	0	10	0	0	1	0	0	0
260	SEITcl3p	9	30	30	0	0	0	4	0	0	16	0	0	7	0	0	3	0	0	0
0	SEITcl3p	10	30	30	0	0	0	12	0	0	9	0	0	8	0	0	1	0	0	0
90	SEITcl3p	10	23	30	0	4	0	0	2	0	2	1	0	2	0	0	0	0	0	26
260	SEITcl3p	10	20	25	0	5	0	0	0	1	6	0	2	5	0	2	10	5	0	9
0	SEITcl3p	11	30	30	0	0	0	0	0	0	5	0	0	5	0	0	19	0	0	1
90	SEITcl3p	11	21	30	0	6	0	0	3	0	0	0	0	1	0	0	14	0	0	15
260	SEITcl3p	11	8	25	0	15	0	0	2	0	0	0	4	0	0	1	0	5	0	30
0	SEITcl3p	12	30	30	0	0	0	6	0	0	10	0	0	9	0	0	5	0	0	0
90	SEITcl3p	12	11	30	0	12	0	0	6	0	0	1	0	0	0	0	2	0	0	28
260	SEITcl3p	12	0	25	0	20	1	0	4	2	0	1	1	0	0	1	0	5	0	30
0	SEITcl3p	13	30	30	0	0	0	9	0	0	7	0	0	7	0	0	3	0	0	4
90	SEITcl3p	13	4	30	0	19	0	0	6	0	0	1	0	0	0	0	0	0	0	30
260	SEITcl3p	13	0	25	0	16	0	0	8	2	0	1	2	0	0	1	0	5	0	30
0	SEITcl3p	14	30	30	0	0	0	0	0	0	0	0	0	0	0	0	5	0	0	25
90	SEITcl3p	14	22	30	0	4	0	0	4	0	0	0	0	0	0	0	0	0	0	30
260	SEITcl3p	14	0	25	0	21	1	0	3	2	0	1	1	0	0	1	0	5	0	30
0	SEITcl3p	15	30	30	0	0	0	0	0	0	0	0	0	0	0	0	4	0	0	26
90	SEITcl3p	15	7	30	0	21	0	0	2	0	0	0	0	0	0	0	0	0	0	30
260	SEITcl3p	15	0	25	0	2	3	0	22	1	0	1	1	0	0	0	0	5	0	30
0	SEITcl3p	16	30	30	0	0	0	0	0	0	4	0	0	0	0	0	14	0	0	12
90	SEITcl3p	16	24	30	0	5	0	0	1	0	0	0	0	0	0	0	0	0	0	30
260	SEITcl3p	16	0	25	0	7	0	0	17	3	0	1	1	0	0	1	0	5	0	30
0	SEITcl3p	17	30	30	0	0	0	4	0	0	7	0	0	17	0	0	2	0	0	0
90	SEITcl3p	17	25	30	0	3	0	0	2	0	0	0	0	0	0	0	0	0	0	30
260	SEITcl3p	17	0	25	0	5	0	0	17	2	0	3	2	0	0	1	0	5	0	30
0	SEITcl3p	18	30	30	0	0	0	19	0	0	5	0	0	4	0	0	2	0	0	0
90	SEITcl3p	18	23	30	0	5	0	0	2	0	0	0	0	0	0	0	0	0	0	30
260	SEITcl3p	18	0	25	0	0	0	0	23	2	0	2	3	0	0	0	0	5	0	30
0	SEITcl3p	19	30	30	0	0	0	7	0	0	14	0	0	6	0	0	3	0	0	0
90	SEITcl3p	19	25	30	0	0	0	0	5	0	0	0	0	0	0	0	0	0	0	30
260	SEITcl3p	19	0	25	0	11	0	0	10	1	0	4	1	0	0	2	0	5	1	30
0	SEITcl3p	20	30	30	0	0	0	1	0	0	19	0	0	8	0	0	2	0	0	0
90	SEITcl3p	20	11	30	0	17	0	0	2	0	0	0	0	0	0	0	0	0	0	30
260	SEITcl3p	20	0	25	0	0	0	0	12	1	0	12	2	0	1	2	0	5	0	30
0	SEITcl3p	21	30	30	0	0	0	1	0	0	13	0	0	16	0	0	0	0	0	0
90	SEITcl3p	21	30	30	0	0	0	0	0	0	0	0	0	0	0	0	2	0	0	28
260	SEITcl3p	21	0	30	0	0	0	0	21	0	0	9	0	0	0	0	0	0	0	30
0	SEITcl3p	22	30	30	0	0	0	4	0	0	0	0	0	16	0	0	10	0	0	0
90	SEITcl3p	22	30	30	0	0	0	0	0	0	0	0	0	0	0	0	11	0	0	19
260	SEITcl3p	22	0	30	0	0	0	0	30	0	0	0	0	0	0	0	0	0	0	30
0	SEITcl3p	23	30	30	0	0	0	10	0	0	12	0	0	7	0	0	1	0	0	0
90	SEITcl3p	23	10	30	0	20	0	0	0	0	0	0	0	4	0	0	3	0	0	23
260	SEITcl3p	23	0	30	0	3	0	0	27	0	0	0	0	0	0	0	0	0	0	30
0	SEITcl3p	24	30	30	0	0	0	9	0	0	19	0	0	2	0	0	0	0	0	0
90	SEITcl3p	24	30	30	0	0	0	0	0	0	6	0	0	21	0	0	3	0	0	0
260	SEITcl3p	24	5	30	0	25	0	0	0	0	0	0	0	0	0	0	0	0	0	30
0	SEITcl3p	25	30	30	0	0	0	2	0	0	9	0	0	10	0	0	5	0	0	4
90	SEITcl3p	25	30	30	0	0	0	4	0	0	5	0	0	10	0	0	11	0	0	0
260	SEITcl3p	25	28	30	0	2	0	0	0	0	0	0	0	0	0	0	0	0	0	30
0	SEITcl4p	1	30	30	5	0	0	1	0	0	9	0	0	15	0	0	0	0	0	0
90	SEITcl4p	1	30	30	5	0	0	3	0	0	21	0	0	1	0	0	0	0	0	0
260	SEITcl4p	1	30	30	6	0	0	9	0	0	13	0	0	2	0	0	0	0	0	0
0	SEITcl4p	2	30	30	0	0	0	0	0	0	0	0	0	3	0	0	8	0	0	19
90	SEITcl4p	2	26	30	0	3	0	0	1	0	2	0	0	1	0	0	8	0	0	19
260	SEITcl4p	2	29	30	0	1	0	0	0	0	1	0	0	5	0	0	8	0	0	16
0	SEITcl4p	3	30	30	0	0	0	0	0	0	0	0	0	0	0	0	6	0	0	24
90	SEITcl4p	3	0	30	0	12	0	0	18	0	0	0	0	0	0	0	0	0	0	30
260	SEITcl4p	3	22	30	0	8	0	0	0	0	0	0	0	5	0	0	8	0	0	17
0	SEITcl4p	4	30	30	0	0	0	0	0	0	0	0	0	4	0	0	12	0	0	14
90	SEITcl4p	4	0	30	0	11	0	0	19	0	0	0	0	0	0	0	0	0	0	30
260	SEITcl4p	4	30	30	0	0	0	0	0	0	0	0	0	3	0	0	1	0	0	26
0	SEITcl4p	5	30	30	0	0	0	0	0	0	4	0	0	10	0	0	8	0	0	8
90	SEITcl4p	5	0	30	0	30	0	0	0	0	0	0	0	0	0	0	0	0	0	30
260	SEITcl4p	5	30	30	0	0	0	0	0	0	0	0	0	5	0	0	18	0	0	7
0	SEITcl4p	6	30	30	0	0	0	0	0	0	12	0	0	10	0	0	8	0	0	0
90	SEITcl4p	6	21	30	0	9	0	0	0	0	0	0	0	0	0	0	0	0	0	30
260	SEITcl4p	6	30	30	0	0	0	0	0	0	0	0	0	6	0	0	17	0	0	7
0	SEITcl4p	7	30	30	0	0	0	0	0	0	0	0	0	8	0	0	19	0	0	3
90	SEITcl4p	7	15	30	0	15	0	0	0	0	0	0	0	0	0	0	0	0	0	30
260	SEITcl4p	7	30	30	0	0	0	1	0	0	3	0	0	0	0	0	24	0	0	2
0	SEITcl4p	8	30	30	0	0	0	0	0	0	4	0	0	0	0	0	10	0	0	16
90	SEITcl4p	8	22	30	0	8	0	0	0	0	0	0	0	0	0	0	0	0	0	30
260	SEITcl4p	8	30	30	0	0	0	7	0	0	20	0	0	3	0	0	0	0	0	0
0	SEITcl4p	9	30	30	0	0	0	3	0	0	15	0	0	8	0	0	4	0	0	0
90	SEITcl4p	9	30	30	0	0	0	0	0	0	0	0	0	0	0	0	0	0	0	30
260	SEITcl4p	9	30	30	0	0	0	11	0	0	9	0	0	7	0	0	3	0	0	0
0	SEITcl4p	10	30	30	0	0	0	5	0	0	14	0	0	7	0	0	4	0	0	0
90	SEITcl4p	10	22	30	0	6	0	0	2	0	0	0	0	0	0	0	2	0	0	28
260	SEITcl4p	10	21	25	0	4	0	1	0	1	2	0	1	10	0	3	7	5	0	10
0	SEITcl4p	11	30	30	0	0	0	0	0	0	0	0	0	11	0	0	13	0	0	6
90	SEITcl4p	11	25	30	0	4	0	0	1	0	0	0	0	0	0	0	3	0	0	27
260	SEITcl4p	11	21	25	0	3	0	0	1	2	0	0	2	0	0	1	0	5	0	30
0	SEITcl4p	12	30	30	0	0	0	4	0	0	0	0	0	5	0	0	11	0	0	10
90	SEITcl4p	12	25	30	0	3	0	0	2	0	0	0	0	0	0	0	3	0	0	27
260	SEITcl4p	12	19	25	0	4	1	0	2	2	0	0	1	0	0	1	0	5	0	30
0	SEITcl4p	13	30	30	0	0	0	0	0	0	11	0	0	12	0	0	4	0	0	3
90	SEITcl4p	13	17	30	0	11	0	0	2	0	0	0	0	0	0	0	0	0	0	30
260	SEITcl4p	13	0	25	0	6	1	0	18	1	0	1	2	0	0	1	0	5	0	30
0	SEITcl4p	14	30	30	0	0	0	0	0	0	0	0	0	0	0	0	7	0	0	23
90	SEITcl4p	14	25	30	0	3	0	0	2	0	0	0	0	0	0	0	0	0	0	30
260	SEITcl4p	14	2	25	0	10	0	0	13	1	0	0	2	0	0	2	0	5	0	30
0	SEITcl4p	15	30	30	0	0	0	0	0	0	0	0	0	0	0	0	12	0	0	18
90	SEITcl4p	15	19	30	0	9	0	0	2	0	0	0	0	0	0	0	0	0	0	30
260	SEITcl4p	15	0	25	0	2	0	0	21	2	0	2	3	0	0	0	0	5	0	30
0	SEITcl4p	16	30	30	0	0	0	1	0	0	3	0	0	0	0	0	4	0	0	22
90	SEITcl4p	16	25	30	0	3	0	0	2	0	0	0	0	0	0	0	0	0	0	30
260	SEITcl4p	16	0	25	0	0	0	0	21	2	0	4	1	0	0	2	0	5	0	30
0	SEITcl4p	17	30	30	0	0	0	8	0	0	12	0	0	8	0	0	2	0	0	0
90	SEITcl4p	17	25	30	0	4	0	0	1	0	0	0	0	0	0	0	0	0	0	30
260	SEITcl4p	17	0	25	0	2	0	0	21	2	0	2	2	0	0	1	0	5	0	30
0	SEITcl4p	18	30	30	0	0	0	12	0	0	8	0	0	1	0	0	9	0	0	0
90	SEITcl4p	18	24	30	0	4	0	0	2	0	0	0	0	0	0	0	0	0	0	30
260	SEITcl4p	18	0	25	0	0	0	0	20	0	0	5	3	0	0	2	0	5	0	30
0	SEITcl4p	19	30	30	0	0	0	13	0	0	6	0	0	8	0	0	3	0	0	0
90	SEITcl4p	19	25	30	0	3	0	0	2	0	0	0	0	0	0	0	0	0	0	30
260	SEITcl4p	19	0	25	0	0	0	0	5	0	0	18	3	0	2	2	0	5	0	30
0	SEITcl4p	20	30	30	0	0	0	6	0	0	13	0	0	10	0	0	1	0	0	0
90	SEITcl4p	20	11	30	0	17	0	0	2	0	0	0	0	0	0	0	0	0	0	30
260	SEITcl4p	20	0	25	0	0	0	0	2	0	0	2	2	0	20	3	0	6	0	30
0	SEITcl4p	21	30	30	0	0	0	0	0	0	7	0	0	20	0	0	3	0	0	0
90	SEITcl4p	21	28	30	0	2	0	0	0	0	0	0	0	0	0	0	0	0	0	30
260	SEITcl4p	21	0	30	0	0	0	0	4	0	0	26	0	0	0	0	0	0	0	30
0	SEITcl4p	22	30	30	0	0	0	4	0	0	0	0	0	11	0	0	14	0	0	1
90	SEITcl4p	22	29	30	0	1	0	0	0	0	0	0	0	0	0	0	4	0	0	26
260	SEITcl4p	22	0	30	0	14	0	0	16	0	0	0	0	0	0	0	0	0	0	30
0	SEITcl4p	23	30	30	0	0	0	12	0	0	13	0	0	3	0	0	2	0	0	0
90	SEITcl4p	23	22	30	0	8	0	0	0	0	4	0	0	2	0	0	4	0	0	20
260	SEITcl4p	23	6	30	0	23	0	0	1	0	0	0	0	0	0	0	0	0	0	30
0	SEITcl4p	24	30	30	0	0	0	7	0	0	17	0	0	6	0	0	0	0	0	0
90	SEITcl4p	24	30	30	0	0	0	0	0	0	12	0	0	18	0	0	0	0	0	0
260	SEITcl4p	24	4	30	0	26	0	0	0	0	0	0	0	0	0	0	0	0	0	30
0	SEITcl4p	25	30	30	0	0	0	11	0	0	12	0	0	6	0	0	1	0	0	0
90	SEITcl4p	25	30	30	0	0	0	4	0	0	2	0	0	7	0	0	17	0	0	0
260	SEITcl4p	25	25	30	0	5	0	0	0	0	0	0	0	0	0	0	0	0	0	30
0	SSCTp	1	30	30	5	0	0	1	0	0	12	0	0	9	0	0	3	0	0	0
90	SSCTp	1	30	30	5	0	0	4	0	0	6	0	0	15	0	0	0	0	0	0
260	SSCTp	1	30	30	5	0	0	0	0	0	21	0	0	4	0	0	0	0	0	0
0	SSCTp	2	30	30	0	0	0	0	0	0	0	0	0	5	0	0	13	0	0	12
90	SSCTp	2	30	30	0	0	0	0	0	0	2	0	0	6	0	0	6	0	0	16
260	SSCTp	2	30	30	0	0	0	0	0	0	1	0	0	8	0	0	9	0	0	12
0	SSCTp	3	30	30	0	0	0	0	0	0	0	0	0	0	0	0	0	0	0	30
90	SSCTp	3	30	30	0	0	0	0	0	0	0	0	0	0	0	0	0	0	0	30
260	SSCTp	3	30	30	0	0	0	0	0	0	0	0	0	0	0	0	0	0	0	30
0	SSCTp	4	30	30	0	0	0	0	0	0	0	0	0	0	0	0	0	0	0	30
90	SSCTp	4	30	30	0	0	0	0	0	0	0	0	0	0	0	0	0	0	0	30
260	SSCTp	4	30	30	0	0	0	0	0	0	0	0	0	0	0	0	0	0	0	30
0	SSCTp	5	30	30	0	0	0	0	0	0	0	0	0	0	0	0	1	0	0	29
90	SSCTp	5	28	30	0	2	0	0	0	0	0	0	0	0	0	0	1	0	0	29
260	SSCTp	5	30	30	0	0	0	0	0	0	0	0	0	0	0	0	1	0	0	29
0	SSCTp	6	30	30	0	0	0	0	0	0	0	0	0	0	0	0	0	0	0	30
90	SSCTp	6	16	30	0	10	0	0	1	0	0	3	0	0	0	0	0	0	0	30
260	SSCTp	6	30	30	0	0	0	0	0	0	0	0	0	0	0	0	0	0	0	30
0	SSCTp	7	30	30	0	0	0	0	0	0	0	0	0	0	0	0	5	0	0	25
90	SSCTp	7	0	30	0	1	0	0	15	0	0	10	0	0	4	0	5	0	0	25
260	SSCTp	7	30	30	0	0	0	0	0	0	0	0	0	0	0	0	5	0	0	25
0	SSCTp	8	30	30	0	0	0	0	0	0	0	0	0	0	0	0	0	0	0	30
90	SSCTp	8	0	30	0	3	0	0	14	0	0	12	0	0	1	0	0	0	0	30
260	SSCTp	8	30	30	0	0	0	0	0	0	0	0	0	0	0	0	0	0	0	30
0	SSCTp	9	30	30	0	0	0	0	0	0	0	0	0	0	0	0	2	0	0	28
90	SSCTp	9	0	30	0	0	0	0	7	0	0	15	0	0	5	0	2	3	0	28
260	SSCTp	9	30	30	0	0	0	0	0	0	0	0	0	0	0	0	2	0	0	28
0	SSCTp	10	30	30	0	0	0	0	0	0	0	0	0	1	0	0	5	0	0	24
90	SSCTp	10	0	30	0	5	0	0	6	0	0	5	0	1	5	0	5	9	0	24
260	SSCTp	10	25	30	0	0	0	0	0	0	0	0	0	1	2	0	5	3	0	24
0	SSCTp	11	30	30	0	0	0	0	0	0	2	0	0	4	0	0	2	0	0	22
90	SSCTp	11	0	30	0	9	0	0	17	0	2	0	0	4	0	0	2	4	0	22
260	SSCTp	11	30	30	0	0	0	0	0	0	2	0	0	4	0	0	2	0	0	22
0	SSCTp	12	30	30	0	0	0	0	0	0	0	0	0	2	0	0	6	0	0	22
90	SSCTp	12	0	30	0	0	0	0	7	0	0	6	0	2	8	0	6	9	0	22
260	SSCTp	12	30	30	0	0	0	0	0	0	0	0	0	2	0	0	6	0	0	22
0	SSCTp	13	30	30	0	0	0	4	0	0	1	0	0	3	0	0	2	0	0	20
90	SSCTp	13	7	29	0	3	1	4	10	0	1	8	0	3	2	0	2	0	0	20
260	SSCTp	13	30	30	0	0	0	4	0	0	1	0	0	3	0	0	2	0	0	20
0	SSCTp	14	30	30	0	0	0	0	0	0	0	0	0	9	0	0	1	0	0	20
90	SSCTp	14	13	30	0	2	0	0	6	0	0	7	0	9	2	0	1	0	0	20
260	SSCTp	14	30	30	0	0	0	0	0	0	0	0	0	9	0	0	1	0	0	20
0	SSCTp	15	30	30	0	0	0	0	0	0	0	0	0	4	0	0	6	0	0	20
90	SSCTp	15	1	26	0	8	0	0	12	2	0	3	0	4	2	2	6	4	0	20
260	SSCTp	15	30	30	0	0	0	0	0	0	0	0	0	4	0	0	6	0	0	20
0	SSCTp	16	30	30	0	0	0	0	0	0	3	0	0	2	0	0	3	0	0	22
90	SSCTp	16	10	18	0	3	3	0	2	3	3	3	6	2	3	0	3	9	0	22
260	SSCTp	16	30	30	0	0	0	0	0	0	3	0	0	2	0	0	3	0	0	22
0	SSCTp	17	30	29	0	0	1	0	0	0	2	0	0	5	0	0	3	0	0	20
90	SSCTp	17	28	30	0	2	0	0	0	0	2	0	0	5	0	0	3	0	0	20
260	SSCTp	17	30	30	0	0	0	0	0	0	2	0	0	6	0	0	5	0	0	17
0	SSCTp	18	30	30	0	0	0	0	0	0	3	0	0	6	0	0	2	0	0	19
90	SSCTp	18	30	30	0	0	0	0	0	0	3	0	0	6	0	0	2	0	0	19
260	SSCTp	18	30	30	0	0	0	0	0	0	3	0	0	6	0	0	2	0	0	19
0	SSCTp	19	30	30	0	0	0	0	0	0	1	0	0	5	0	0	5	0	0	19
90	SSCTp	19	7	30	0	11	0	0	9	0	1	3	0	5	0	0	5	0	0	19
260	SSCTp	19	30	30	0	0	0	0	0	0	1	0	0	5	0	0	5	0	0	19
0	SSCTp	20	30	30	0	0	0	0	0	0	0	0	0	4	0	0	6	0	0	20
90	SSCTp	20	2	30	0	12	0	0	7	0	0	7	0	4	2	0	6	0	0	20
260	SSCTp	20	30	30	0	0	0	0	0	0	0	0	0	4	0	0	6	0	0	20
0	SSCTp	21	30	30	0	0	0	0	0	0	0	0	0	5	0	0	3	0	0	22
90	SSCTp	21	5	30	0	5	0	0	4	0	0	14	0	5	1	0	3	1	0	22
260	SSCTp	21	30	30	0	0	0	0	0	0	0	0	0	5	0	0	3	0	0	22
0	SSCTp	22	30	30	0	0	0	0	0	0	0	0	0	2	0	0	4	0	0	24
90	SSCTp	22	6	30	0	4	0	0	5	0	0	10	0	2	5	0	4	0	0	24
260	SSCTp	22	30	30	0	0	0	0	0	0	0	0	0	2	0	0	4	0	0	24
0	SSCTp	23	30	30	0	0	0	0	0	0	0	0	0	0	0	0	3	0	0	27
90	SSCTp	23	0	30	0	7	0	0	12	0	0	7	0	0	4	0	3	0	0	27
260	SSCTp	23	30	30	0	0	0	0	0	0	0	0	0	0	0	0	3	0	0	27
0	SSCTp	24	30	30	0	0	0	0	0	0	3	0	0	2	0	0	4	0	0	21
90	SSCTp	24	18	30	0	4	0	0	5	0	3	3	0	2	0	0	4	0	0	21
260	SSCTp	24	30	30	0	0	0	0	0	0	3	0	0	2	0	0	4	0	0	21
0	SSCTp	25	30	30	0	0	0	0	0	0	3	0	0	3	0	0	4	0	0	20
90	SSCTp	25	30	30	0	0	0	0	0	0	3	0	0	3	0	0	4	0	0	20
260	SSCTp	25	30	30	0	0	0	0	0	0	3	0	0	3	0	0	4	0	0	20
