Application rate	PFT	year	mean.10	min.10	max.10	mean.10_20	min.10_20	max.10_20	mean.20_30	min.20_30	max.20_30	mean.30_40	min.30_40	max.30_40	mean.40_50	min.40_50	max.40_50	mean.50	min.50	max.50
0	LSCTcl3p	1	30	30	0	0	0	0	0	0	30	0	0	0	0	0	0	0	0	0
90	LSCTcl3p	1	30	30	0	0	0	0	0	0	30	0	0	0	0	0	0	0	0	0
260	LSCTcl3p	1	30	30	0	0	0	29	0	0	1	0	0	0	0	0	0	0	0	0
0	LSCTcl3p	2	30	30	0	0	0	0	0	0	0	0	0	3	0	0	5	0	0	22
90	LSCTcl3p	2	19	30	0	6	0	0	5	0	1	0	0	3	0	0	11	0	0	15
260	LSCTcl3p	2	21	30	5	5	0	3	4	0	6	0	0	5	0	0	2	0	0	9
0	LSCTcl3p	3	30	30	0	0	0	0	0	0	0	0	0	0	0	0	0	0	0	30
90	LSCTcl3p	3	29	30	0	1	0	0	0	0	0	0	0	0	0	0	0	0	0	30
260	LSCTcl3p	3	30	30	0	0	0	0	0	0	0	0	0	2	0	0	11	0	0	17
0	LSCTcl3p	4	30	30	0	0	0	0	0	0	0	0	0	0	0	0	0	0	0	30
90	LSCTcl3p	4	26	30	0	4	0	0	0	0	0	0	0	0	0	0	0	0	0	30
260	LSCTcl3p	4	28	30	0	2	0	0	0	0	0	0	0	0	0	0	0	0	0	30
0	LSCTcl3p	5	30	30	0	0	0	0	0	0	0	0	0	0	0	0	0	0	0	30
90	LSCTcl3p	5	28	30	0	2	0	0	0	0	0	0	0	0	0	0	0	0	0	30
260	LSCTcl3p	5	18	30	0	9	0	0	3	0	0	0	0	0	0	0	0	0	0	30
0	LSCTcl3p	6	30	30	0	0	0	0	0	0	0	0	0	0	0	0	0	0	0	30
90	LSCTcl3p	6	29	30	0	1	0	0	0	0	0	0	0	0	0	0	0	0	0	30
260	LSCTcl3p	6	26	30	0	1	0	0	1	0	0	2	0	0	0	0	0	0	0	30
0	LSCTcl3p	7	30	30	0	0	0	0	0	0	0	0	0	0	0	0	0	0	0	30
90	LSCTcl3p	7	22	30	0	4	0	0	4	0	0	0	0	0	0	0	0	0	0	30
260	LSCTcl3p	7	24	30	0	5	0	0	1	0	0	0	0	0	0	0	0	0	0	30
0	LSCTcl3p	8	30	30	0	0	0	0	0	0	0	0	0	0	0	0	0	0	0	30
90	LSCTcl3p	8	23	30	0	5	0	0	2	0	0	0	0	0	0	0	0	0	0	30
260	LSCTcl3p	8	13	30	0	16	0	0	1	0	0	0	0	0	0	0	0	0	0	30
0	LSCTcl3p	9	30	30	0	0	0	0	0	0	0	0	0	0	0	0	0	0	0	30
90	LSCTcl3p	9	18	30	0	8	0	0	4	0	0	0	0	0	0	0	0	0	0	30
260	LSCTcl3p	9	5	30	0	3	0	0	4	0	0	9	0	0	6	0	0	3	0	30
0	LSCTcl3p	10	30	30	0	0	0	0	0	0	0	0	0	0	0	0	0	0	0	30
90	LSCTcl3p	10	3	30	0	4	0	0	15	0	0	7	0	0	1	0	0	0	0	30
260	LSCTcl3p	10	0	24	0	1	3	0	1	1	0	1	0	0	7	1	0	20	1	30
0	LSCTcl3p	11	30	30	0	0	0	0	0	0	0	0	0	0	0	0	0	0	0	30
90	LSCTcl3p	11	0	30	0	0	0	0	0	0	0	4	0	0	10	0	0	16	0	30
260	LSCTcl3p	11	21	30	0	4	0	0	2	0	0	0	0	0	1	0	0	2	0	30
0	LSCTcl3p	12	30	30	0	0	0	0	0	0	0	0	0	0	0	0	0	0	0	30
90	LSCTcl3p	12	0	30	0	0	0	0	0	0	0	0	0	0	5	0	0	25	0	30
260	LSCTcl3p	12	24	30	0	2	0	0	1	0	0	0	0	0	1	0	0	2	0	30
0	LSCTcl3p	13	30	30	0	0	0	0	0	0	0	0	0	0	0	0	0	0	0	30
90	LSCTcl3p	13	0	24	0	0	2	0	0	1	0	0	1	0	0	2	0	30	0	30
260	LSCTcl3p	13	27	30	0	1	0	0	0	0	0	0	0	0	1	0	0	1	0	30
0	LSCTcl3p	14	30	30	0	0	0	0	0	0	0	0	0	0	0	0	0	0	0	30
90	LSCTcl3p	14	0	26	0	0	1	0	6	2	0	7	1	0	7	0	0	10	0	30
260	LSCTcl3p	14	24	28	0	1	0	0	1	1	0	0	0	0	1	1	0	3	0	30
0	LSCTcl3p	15	30	30	0	0	0	0	0	0	0	0	0	0	0	0	0	0	0	30
90	LSCTcl3p	15	0	29	0	0	1	0	4	0	0	5	0	0	10	0	0	11	0	30
260	LSCTcl3p	15	24	30	0	2	0	0	2	0	0	0	0	0	1	0	0	1	0	30
0	LSCTcl3p	16	30	30	0	0	0	0	0	0	0	0	0	0	0	0	0	0	0	30
90	LSCTcl3p	16	0	29	0	1	1	0	2	0	0	4	0	0	10	0	0	13	0	30
260	LSCTcl3p	16	29	30	0	0	0	0	1	0	0	0	0	0	0	0	0	0	0	30
0	LSCTcl3p	17	30	30	0	0	0	0	0	0	0	0	0	0	0	0	0	0	0	30
90	LSCTcl3p	17	0	30	0	0	0	0	0	0	0	8	0	0	14	0	0	8	0	30
260	LSCTcl3p	17	28	30	0	1	0	0	0	0	0	1	0	0	0	0	0	0	0	30
0	LSCTcl3p	18	30	30	0	0	0	0	0	0	0	0	0	0	0	0	0	0	0	30
90	LSCTcl3p	18	0	30	0	0	0	0	3	0	0	4	0	0	9	0	0	14	0	30
260	LSCTcl3p	18	28	30	0	0	0	0	0	0	0	1	0	0	0	0	0	1	0	30
0	LSCTcl3p	19	30	30	0	0	0	0	0	0	0	0	0	0	0	0	0	0	0	30
90	LSCTcl3p	19	0	10	0	0	2	0	0	4	0	0	4	0	0	7	0	30	3	30
260	LSCTcl3p	19	26	30	0	3	0	0	0	0	0	0	0	0	0	0	0	1	0	30
0	LSCTcl3p	20	30	30	0	0	0	0	0	0	0	0	0	0	0	0	0	0	0	30
90	LSCTcl3p	20	0	19	0	0	0	0	0	1	0	0	1	0	2	1	0	28	8	30
260	LSCTcl3p	20	26	30	0	1	0	0	0	0	0	1	0	0	0	0	0	2	0	30
0	LSCTcl3p	21	30	30	0	0	0	0	0	0	0	0	0	0	0	0	0	0	0	30
90	LSCTcl3p	21	11	30	0	3	0	0	2	0	0	6	0	0	5	0	0	3	0	30
260	LSCTcl3p	21	30	30	0	0	0	0	0	0	0	0	0	0	0	0	0	0	0	30
0	LSCTcl3p	22	30	30	0	0	0	0	0	0	0	0	0	0	0	0	0	0	0	30
90	LSCTcl3p	22	7	30	0	6	0	0	11	0	0	6	0	0	0	0	0	0	0	30
260	LSCTcl3p	22	30	30	0	0	0	0	0	0	0	0	0	0	0	0	0	0	0	30
0	LSCTcl3p	23	30	30	0	0	0	0	0	0	0	0	0	0	0	0	0	0	0	30
90	LSCTcl3p	23	16	30	0	7	0	0	4	0	0	3	0	0	0	0	0	0	0	30
260	LSCTcl3p	23	29	30	0	1	0	0	0	0	0	0	0	0	0	0	0	0	0	30
0	LSCTcl3p	24	30	30	0	0	0	0	0	0	0	0	0	0	0	0	0	0	0	30
90	LSCTcl3p	24	25	30	0	4	0	0	1	0	0	0	0	0	0	0	0	0	0	30
260	LSCTcl3p	24	30	30	0	0	0	0	0	0	0	0	0	0	0	0	0	0	0	30
0	LSCTcl3p	25	30	30	0	0	0	0	0	0	0	0	0	0	0	0	0	0	0	30
90	LSCTcl3p	25	19	30	0	9	0	0	2	0	0	0	0	0	0	0	0	0	0	30
260	LSCTcl3p	25	29	30	0	1	0	0	0	0	0	0	0	0	0	0	0	0	0	30
0	MECIcl3p	1	30	30	0	0	0	3	0	0	27	0	0	0	0	0	0	0	0	0
90	MECIcl3p	1	27	30	0	3	0	0	0	0	3	0	0	25	0	0	2	0	0	0
260	MECIcl3p	1	0	30	0	30	0	0	0	0	0	0	0	1	0	0	26	0	0	3
0	MECIcl3p	2	30	30	0	0	0	0	0	0	1	0	0	5	0	0	8	0	0	16
90	MECIcl3p	2	13	30	0	15	0	0	2	0	0	0	0	4	0	0	4	0	0	22
260	MECIcl3p	2	0	30	0	5	0	0	25	0	0	0	0	0	0	0	4	0	0	26
0	MECIcl3p	3	30	30	0	0	0	0	0	0	0	0	0	0	0	0	2	0	0	28
90	MECIcl3p	3	30	30	0	0	0	0	0	0	0	0	0	0	0	0	0	0	0	30
260	MECIcl3p	3	3	30	0	13	0	0	14	0	0	0	0	0	0	0	0	0	0	30
0	MECIcl3p	4	30	30	0	0	0	0	0	0	0	0	0	0	0	0	3	0	0	27
90	MECIcl3p	4	30	30	0	0	0	0	0	0	0	0	0	0	0	0	0	0	0	30
260	MECIcl3p	4	24	30	0	5	0	0	1	0	0	0	0	0	0	0	0	0	0	30
0	MECIcl3p	5	30	30	0	0	0	0	0	0	0	0	0	0	0	0	0	0	0	30
90	MECIcl3p	5	30	30	0	0	0	0	0	0	0	0	0	0	0	0	0	0	0	30
260	MECIcl3p	5	30	30	0	0	0	0	0	0	0	0	0	0	0	0	0	0	0	30
0	MECIcl3p	6	30	30	0	0	0	0	0	0	0	0	0	0	0	0	0	0	0	30
90	MECIcl3p	6	30	30	0	0	0	0	0	0	0	0	0	0	0	0	0	0	0	30
260	MECIcl3p	6	19	30	0	11	0	0	0	0	0	0	0	0	0	0	0	0	0	30
0	MECIcl3p	7	30	30	0	0	0	0	0	0	0	0	0	0	0	0	0	0	0	30
90	MECIcl3p	7	27	30	0	3	0	0	0	0	0	0	0	0	0	0	0	0	0	30
260	MECIcl3p	7	0	30	0	18	0	0	12	0	0	0	0	0	0	0	0	0	0	30
0	MECIcl3p	8	30	30	0	0	0	0	0	0	0	0	0	0	0	0	0	0	0	30
90	MECIcl3p	8	24	30	0	6	0	0	0	0	0	0	0	0	0	0	0	0	0	30
260	MECIcl3p	8	0	30	0	13	0	0	17	0	0	0	0	0	0	0	0	0	0	30
0	MECIcl3p	9	30	30	0	0	0	0	0	0	0	0	0	0	0	0	0	0	0	30
90	MECIcl3p	9	18	30	0	10	0	0	2	0	0	0	0	0	0	0	0	0	0	30
260	MECIcl3p	9	2	30	0	6	0	0	22	0	0	0	0	0	0	0	0	0	0	30
0	MECIcl3p	10	30	30	0	0	0	0	0	0	0	0	0	0	0	0	0	0	0	30
90	MECIcl3p	10	0	30	0	10	0	0	16	0	0	3	0	0	1	0	0	0	0	30
260	MECIcl3p	10	9	29	0	2	0	0	7	1	0	7	0	0	1	0	0	4	0	30
0	MECIcl3p	11	30	30	0	0	0	0	0	0	0	0	0	0	0	0	0	0	0	30
90	MECIcl3p	11	0	30	0	0	0	0	6	0	0	20	0	0	4	0	0	0	0	30
260	MECIcl3p	11	8	30	0	6	0	0	11	0	0	2	0	0	1	0	0	2	0	30
0	MECIcl3p	12	30	30	0	0	0	0	0	0	0	0	0	0	0	0	0	0	0	30
90	MECIcl3p	12	1	30	0	5	0	0	9	0	0	12	0	0	3	0	0	0	0	30
260	MECIcl3p	12	21	30	0	2	0	0	2	0	0	1	0	0	1	0	0	3	0	30
0	MECIcl3p	13	30	30	0	0	0	0	0	0	0	0	0	0	0	0	0	0	0	30
90	MECIcl3p	13	17	30	0	11	0	0	1	0	0	1	0	0	0	0	0	0	0	30
260	MECIcl3p	13	27	30	0	0	0	0	1	0	0	0	0	0	1	0	0	1	0	30
0	MECIcl3p	14	30	30	0	0	0	0	0	0	0	0	0	0	0	0	0	0	0	30
90	MECIcl3p	14	6	30	0	7	0	0	5	0	0	11	0	0	1	0	0	0	0	30
260	MECIcl3p	14	28	30	0	0	0	0	1	0	0	0	0	0	1	0	0	0	0	30
0	MECIcl3p	15	30	30	0	0	0	0	0	0	0	0	0	0	0	0	0	0	0	30
90	MECIcl3p	15	0	30	0	0	0	0	1	0	0	6	0	0	22	0	0	1	0	30
260	MECIcl3p	15	28	30	0	0	0	0	0	0	0	1	0	0	0	0	0	1	0	30
0	MECIcl3p	16	30	30	0	0	0	0	0	0	0	0	0	0	0	0	0	0	0	30
90	MECIcl3p	16	0	30	0	0	0	0	0	0	0	1	0	0	16	0	0	13	0	30
260	MECIcl3p	16	27	30	0	0	0	0	1	0	0	0	0	0	1	0	0	1	0	30
0	MECIcl3p	17	30	30	0	0	0	0	0	0	0	0	0	0	0	0	0	0	0	30
90	MECIcl3p	17	0	30	0	0	0	0	0	0	0	1	0	0	13	0	0	16	0	30
260	MECIcl3p	17	27	30	0	1	0	0	0	0	0	1	0	0	0	0	0	1	0	30
0	MECIcl3p	18	30	30	0	0	0	0	0	0	0	0	0	0	0	0	0	0	0	30
90	MECIcl3p	18	0	30	0	0	0	0	0	0	0	0	0	0	21	0	0	9	0	30
260	MECIcl3p	18	27	30	0	1	0	0	0	0	0	1	0	0	0	0	0	1	0	30
0	MECIcl3p	19	30	30	0	0	0	0	0	0	0	0	0	0	0	0	0	0	0	30
90	MECIcl3p	19	1	30	0	6	0	0	11	0	0	2	0	0	6	0	0	4	0	30
260	MECIcl3p	19	27	30	0	1	0	0	0	0	0	1	0	0	0	0	0	1	0	30
0	MECIcl3p	20	30	30	0	0	0	0	0	0	0	0	0	0	0	0	0	0	0	30
90	MECIcl3p	20	25	30	0	3	0	0	1	0	0	1	0	0	0	0	0	0	0	30
260	MECIcl3p	20	28	30	0	1	0	0	0	0	0	0	0	0	1	0	0	0	0	30
0	MECIcl3p	21	30	30	0	0	0	0	0	0	0	0	0	0	0	0	0	0	0	30
90	MECIcl3p	21	30	30	0	0	0	0	0	0	0	0	0	0	0	0	0	0	0	30
260	MECIcl3p	21	30	30	0	0	0	0	0	0	0	0	0	0	0	0	0	0	0	30
0	MECIcl3p	22	30	30	0	0	0	0	0	0	0	0	0	0	0	0	0	0	0	30
90	MECIcl3p	22	4	30	0	11	0	0	10	0	0	4	0	0	1	0	0	0	0	30
260	MECIcl3p	22	30	30	0	0	0	0	0	0	0	0	0	0	0	0	0	0	0	30
0	MECIcl3p	23	30	30	0	0	0	0	0	0	0	0	0	0	0	0	0	0	0	30
90	MECIcl3p	23	26	30	0	4	0	0	0	0	0	0	0	0	0	0	0	0	0	30
260	MECIcl3p	23	30	30	0	0	0	0	0	0	0	0	0	0	0	0	0	0	0	30
0	MECIcl3p	24	30	30	0	0	0	0	0	0	0	0	0	0	0	0	0	0	0	30
90	MECIcl3p	24	27	30	0	3	0	0	0	0	0	0	0	0	0	0	0	0	0	30
260	MECIcl3p	24	30	30	0	0	0	0	0	0	0	0	0	0	0	0	0	0	0	30
0	MECIcl3p	25	30	30	0	0	0	0	0	0	0	0	0	0	0	0	0	0	0	30
90	MECIcl3p	25	26	30	0	3	0	0	1	0	0	0	0	0	0	0	0	0	0	30
260	MECIcl3p	25	30	30	0	0	0	0	0	0	0	0	0	0	0	0	0	0	0	30
0	MECIcl4p	1	30	30	0	0	0	9	0	0	20	0	0	1	0	0	0	0	0	0
90	MECIcl4p	1	23	30	0	7	0	0	0	0	21	0	0	9	0	0	0	0	0	0
260	MECIcl4p	1	30	30	0	0	0	9	0	0	6	0	0	11	0	0	4	0	0	0
0	MECIcl4p	2	30	30	0	0	0	0	0	0	0	0	0	6	0	0	3	0	0	21
90	MECIcl4p	2	9	30	0	19	0	0	2	0	0	0	0	0	0	0	2	0	0	28
260	MECIcl4p	2	27	30	0	3	0	0	0	0	0	0	0	1	0	0	10	0	0	19
0	MECIcl4p	3	30	30	0	0	0	0	0	0	0	0	0	0	0	0	0	0	0	30
90	MECIcl4p	3	0	30	0	24	0	0	6	0	0	0	0	0	0	0	0	0	0	30
260	MECIcl4p	3	20	30	0	10	0	0	0	0	0	0	0	0	0	0	0	0	0	30
0	MECIcl4p	4	30	30	0	0	0	0	0	0	0	0	0	0	0	0	0	0	0	30
90	MECIcl4p	4	8	30	0	8	0	0	12	0	0	2	0	0	0	0	0	0	0	30
260	MECIcl4p	4	19	30	0	11	0	0	0	0	0	0	0	0	0	0	0	0	0	30
0	MECIcl4p	5	30	30	0	0	0	0	0	0	0	0	0	0	0	0	0	0	0	30
90	MECIcl4p	5	19	30	0	11	0	0	0	0	0	0	0	0	0	0	0	0	0	30
260	MECIcl4p	5	28	30	0	2	0	0	0	0	0	0	0	0	0	0	0	0	0	30
0	MECIcl4p	6	30	30	0	0	0	0	0	0	0	0	0	0	0	0	0	0	0	30
90	MECIcl4p	6	19	30	0	11	0	0	0	0	0	0	0	0	0	0	0	0	0	30
260	MECIcl4p	6	26	30	0	4	0	0	0	0	0	0	0	0	0	0	0	0	0	30
0	MECIcl4p	7	30	30	0	0	0	0	0	0	0	0	0	0	0	0	0	0	0	30
90	MECIcl4p	7	28	30	0	2	0	0	0	0	0	0	0	0	0	0	0	0	0	30
260	MECIcl4p	7	30	30	0	0	0	0	0	0	0	0	0	0	0	0	0	0	0	30
0	MECIcl4p	8	30	30	0	0	0	0	0	0	0	0	0	0	0	0	0	0	0	30
90	MECIcl4p	8	7	30	0	13	0	0	10	0	0	0	0	0	0	0	0	0	0	30
260	MECIcl4p	8	26	30	0	3	0	0	1	0	0	0	0	0	0	0	0	0	0	30
0	MECIcl4p	9	30	30	0	0	0	0	0	0	0	0	0	0	0	0	0	0	0	30
90	MECIcl4p	9	10	30	0	20	0	0	0	0	0	0	0	0	0	0	0	0	0	30
260	MECIcl4p	9	28	30	0	2	0	0	0	0	0	0	0	0	0	0	0	0	0	30
0	MECIcl4p	10	30	30	0	0	0	0	0	0	0	0	0	0	0	0	0	0	0	30
90	MECIcl4p	10	0	30	0	3	0	0	19	0	0	6	0	0	2	0	0	0	0	30
260	MECIcl4p	10	11	29	0	4	1	0	4	0	0	3	0	0	3	0	0	5	0	30
0	MECIcl4p	11	30	30	0	0	0	0	0	0	0	0	0	0	0	0	0	0	0	30
90	MECIcl4p	11	8	30	0	4	0	0	12	0	0	5	0	0	1	0	0	0	0	30
260	MECIcl4p	11	13	29	0	10	0	0	2	1	0	2	0	0	1	0	0	2	0	30
0	MECIcl4p	12	30	30	0	0	0	0	0	0	0	0	0	0	0	0	0	0	0	30
90	MECIcl4p	12	1	30	0	12	0	0	11	0	0	6	0	0	0	0	0	0	0	30
260	MECIcl4p	12	15	30	0	8	0	0	3	0	0	1	0	0	1	0	0	2	0	30
0	MECIcl4p	13	30	30	0	0	0	0	0	0	0	0	0	0	0	0	0	0	0	30
90	MECIcl4p	13	0	30	0	5	0	0	15	0	0	8	0	0	2	0	0	0	0	30
260	MECIcl4p	13	25	30	0	1	0	0	1	0	0	1	0	0	1	0	0	1	0	30
0	MECIcl4p	14	30	30	0	0	0	0	0	0	0	0	0	0	0	0	0	0	0	30
90	MECIcl4p	14	3	30	0	10	0	0	13	0	0	4	0	0	0	0	0	0	0	30
260	MECIcl4p	14	22	30	0	2	0	0	3	0	0	1	0	0	0	0	0	2	0	30
0	MECIcl4p	15	30	30	0	0	0	0	0	0	0	0	0	0	0	0	0	0	0	30
90	MECIcl4p	15	0	30	0	1	0	0	19	0	0	9	0	0	1	0	0	0	0	30
260	MECIcl4p	15	15	30	0	7	0	0	2	0	0	3	0	0	0	0	0	3	0	30
0	MECIcl4p	16	30	30	0	0	0	0	0	0	0	0	0	0	0	0	0	0	0	30
90	MECIcl4p	16	0	30	0	3	0	0	25	0	0	1	0	0	1	0	0	0	0	30
260	MECIcl4p	16	18	30	0	4	0	0	3	0	0	2	0	0	1	0	0	2	0	30
0	MECIcl4p	17	30	30	0	0	0	0	0	0	0	0	0	0	0	0	0	0	0	30
90	MECIcl4p	17	4	30	0	7	0	0	16	0	0	2	0	0	1	0	0	0	0	30
260	MECIcl4p	17	25	30	0	1	0	0	1	0	0	1	0	0	0	0	0	2	0	30
0	MECIcl4p	18	30	30	0	0	0	0	0	0	0	0	0	0	0	0	0	0	0	30
90	MECIcl4p	18	0	30	0	5	0	0	22	0	0	3	0	0	0	0	0	0	0	30
260	MECIcl4p	18	27	30	0	0	0	0	1	0	0	1	0	0	0	0	0	1	0	30
0	MECIcl4p	19	30	30	0	0	0	0	0	0	0	0	0	0	0	0	0	0	0	30
90	MECIcl4p	19	0	30	0	8	0	0	13	0	0	7	0	0	1	0	0	1	0	30
260	MECIcl4p	19	27	30	0	0	0	0	1	0	0	0	0	0	1	0	0	1	0	30
0	MECIcl4p	20	30	30	0	0	0	0	0	0	0	0	0	0	0	0	0	0	0	30
90	MECIcl4p	20	0	30	0	0	0	0	6	0	0	19	0	0	4	0	0	1	0	30
260	MECIcl4p	20	8	30	0	17	0	0	2	0	0	1	0	0	0	0	0	2	0	30
0	MECIcl4p	21	30	30	0	0	0	0	0	0	0	0	0	0	0	0	0	0	0	30
90	MECIcl4p	21	0	30	0	0	0	0	8	0	0	14	0	0	8	0	0	0	0	30
260	MECIcl4p	21	30	30	0	0	0	0	0	0	0	0	0	0	0	0	0	0	0	30
0	MECIcl4p	22	30	30	0	0	0	0	0	0	0	0	0	0	0	0	0	0	0	30
90	MECIcl4p	22	0	30	0	1	0	0	1	0	0	11	0	0	15	0	0	2	0	30
260	MECIcl4p	22	30	30	0	0	0	0	0	0	0	0	0	0	0	0	0	0	0	30
0	MECIcl4p	23	30	30	0	0	0	0	0	0	0	0	0	0	0	0	0	0	0	30
90	MECIcl4p	23	0	30	0	0	0	0	3	0	0	8	0	0	6	0	0	13	0	30
260	MECIcl4p	23	12	30	0	7	0	0	10	0	0	1	0	0	0	0	0	0	0	30
0	MECIcl4p	24	30	30	0	0	0	0	0	0	0	0	0	0	0	0	0	0	0	30
90	MECIcl4p	24	0	30	0	0	0	0	1	0	0	8	0	0	7	0	0	14	0	30
260	MECIcl4p	24	16	30	0	2	0	0	10	0	0	2	0	0	0	0	0	0	0	30
0	MECIcl4p	25	30	30	0	0	0	0	0	0	0	0	0	0	0	0	0	0	0	30
90	MECIcl4p	25	0	30	0	0	0	0	2	0	0	23	0	0	5	0	0	0	0	30
260	MECIcl4p	25	27	30	0	3	0	0	0	0	0	0	0	0	0	0	0	0	0	30
0	MECTcl3p	1	30	30	0	0	0	3	0	0	24	0	0	3	0	0	0	0	0	0
90	MECTcl3p	1	30	30	0	0	0	19	0	0	11	0	0	0	0	0	0	0	0	0
260	MECTcl3p	1	30	30	0	0	0	22	0	0	7	0	0	1	0	0	0	0	0	0
0	MECTcl3p	2	30	30	0	0	0	0	0	0	0	0	0	0	0	0	4	0	0	26
90	MECTcl3p	2	20	30	0	10	0	0	0	0	1	0	0	2	0	0	6	0	0	21
260	MECTcl3p	2	30	30	4	0	0	0	0	0	2	0	0	7	0	0	9	0	0	8
0	MECTcl3p	3	30	30	0	0	0	0	0	0	0	0	0	0	0	0	9	0	0	21
90	MECTcl3p	3	0	30	0	21	0	0	9	0	0	0	0	0	0	0	0	0	0	30
260	MECTcl3p	3	25	30	0	5	0	0	0	0	0	0	0	5	0	0	8	0	0	17
0	MECTcl3p	4	30	30	0	0	0	0	0	0	0	0	0	1	0	0	17	0	0	12
90	MECTcl3p	4	1	30	0	25	0	0	4	0	0	0	0	0	0	0	0	0	0	30
260	MECTcl3p	4	30	30	0	0	0	0	0	0	0	0	0	0	0	0	0	0	0	30
0	MECTcl3p	5	30	30	0	0	0	0	0	0	0	0	0	0	0	0	11	0	0	19
90	MECTcl3p	5	9	30	0	20	0	0	1	0	0	0	0	0	0	0	0	0	0	30
260	MECTcl3p	5	30	30	0	0	0	0	0	0	0	0	0	0	0	0	0	0	0	30
0	MECTcl3p	6	30	30	0	0	0	0	0	0	0	0	0	1	0	0	7	0	0	22
90	MECTcl3p	6	16	30	0	8	0	0	6	0	0	0	0	0	0	0	0	0	0	30
260	MECTcl3p	6	30	30	0	0	0	0	0	0	0	0	0	0	0	0	0	0	0	30
0	MECTcl3p	7	30	30	0	0	0	0	0	0	0	0	0	0	0	0	0	0	0	30
90	MECTcl3p	7	0	30	0	9	0	0	21	0	0	0	0	0	0	0	0	0	0	30
260	MECTcl3p	7	24	30	0	6	0	0	0	0	0	0	0	0	0	0	0	0	0	30
0	MECTcl3p	8	30	30	0	0	0	0	0	0	0	0	0	0	0	0	0	0	0	30
90	MECTcl3p	8	0	30	0	24	0	0	6	0	0	0	0	0	0	0	0	0	0	30
260	MECTcl3p	8	30	30	0	0	0	0	0	0	0	0	0	0	0	0	0	0	0	30
0	MECTcl3p	9	30	30	0	0	0	0	0	0	0	0	0	0	0	0	0	0	0	30
90	MECTcl3p	9	5	30	0	24	0	0	1	0	0	0	0	0	0	0	0	0	0	30
260	MECTcl3p	9	13	30	0	17	0	0	0	0	0	0	0	0	0	0	0	0	0	30
0	MECTcl3p	10	30	30	0	0	0	0	0	0	0	0	0	0	0	0	0	0	0	30
90	MECTcl3p	10	5	30	0	22	0	0	1	0	0	1	0	0	1	0	0	0	0	30
260	MECTcl3p	10	19	27	0	4	1	0	3	0	0	1	1	0	0	0	0	3	1	30
0	MECTcl3p	11	30	30	0	0	0	0	0	0	0	0	0	0	0	0	0	0	0	30
90	MECTcl3p	11	8	30	0	19	0	0	2	0	0	1	0	0	0	0	0	0	0	30
260	MECTcl3p	11	2	28	0	16	0	0	6	1	0	2	0	0	1	0	0	3	1	30
0	MECTcl3p	12	30	30	0	0	0	0	0	0	0	0	0	0	0	0	0	0	0	30
90	MECTcl3p	12	0	30	0	25	0	0	3	0	0	1	0	0	1	0	0	0	0	30
260	MECTcl3p	12	0	28	0	2	0	0	19	1	0	5	0	0	1	1	0	3	0	30
0	MECTcl3p	13	30	30	0	0	0	0	0	0	0	0	0	0	0	0	0	0	0	30
90	MECTcl3p	13	0	30	0	21	0	0	6	0	0	2	0	0	1	0	0	0	0	30
260	MECTcl3p	13	0	28	0	2	0	0	20	1	0	4	0	0	1	1	0	3	0	30
0	MECTcl3p	14	30	30	0	0	0	0	0	0	0	0	0	0	0	0	0	0	0	30
90	MECTcl3p	14	0	30	0	4	0	0	24	0	0	2	0	0	0	0	0	0	0	30
260	MECTcl3p	14	0	28	0	6	0	0	17	1	0	4	0	0	0	1	0	3	0	30
0	MECTcl3p	15	30	30	0	0	0	0	0	0	0	0	0	0	0	0	0	0	0	30
90	MECTcl3p	15	2	30	0	13	0	0	13	0	0	1	0	0	1	0	0	0	0	30
260	MECTcl3p	15	1	28	0	5	0	0	19	1	0	2	0	0	0	1	0	3	0	30
0	MECTcl3p	16	30	30	0	0	0	0	0	0	0	0	0	0	0	0	0	0	0	30
90	MECTcl3p	16	13	30	0	16	0	0	0	0	0	1	0	0	0	0	0	0	0	30
260	MECTcl3p	16	1	28	0	14	1	0	10	0	0	2	0	0	0	1	0	3	0	30
0	MECTcl3p	17	30	30	0	0	0	0	0	0	0	0	0	0	0	0	0	0	0	30
90	MECTcl3p	17	14	30	0	14	0	0	1	0	0	1	0	0	0	0	0	0	0	30
260	MECTcl3p	17	0	28	0	1	0	0	15	1	0	10	0	0	1	1	0	3	0	30
0	MECTcl3p	18	30	30	0	0	0	0	0	0	0	0	0	0	0	0	0	0	0	30
90	MECTcl3p	18	0	30	0	14	0	0	14	0	0	1	0	0	1	0	0	0	0	30
260	MECTcl3p	18	0	28	0	0	0	0	0	0	0	16	1	0	9	0	0	5	1	30
0	MECTcl3p	19	30	30	0	0	0	0	0	0	0	0	0	0	0	0	0	0	0	30
90	MECTcl3p	19	0	30	0	0	0	0	18	0	0	11	0	0	1	0	0	0	0	30
260	MECTcl3p	19	0	27	0	0	0	0	0	1	0	0	0	0	6	1	0	24	1	30
0	MECTcl3p	20	30	30	0	0	0	0	0	0	0	0	0	0	0	0	0	0	0	30
90	MECTcl3p	20	0	30	0	0	0	0	16	0	0	12	0	0	1	0	0	1	0	30
260	MECTcl3p	20	0	27	0	0	0	0	0	1	0	0	0	0	22	0	0	8	2	30
0	MECTcl3p	21	30	30	0	0	0	0	0	0	0	0	0	0	0	0	0	0	0	30
90	MECTcl3p	21	0	30	0	2	0	0	27	0	0	1	0	0	0	0	0	0	0	30
260	MECTcl3p	21	0	30	0	0	0	0	1	0	0	6	0	0	18	0	0	5	0	30
0	MECTcl3p	22	30	30	0	0	0	0	0	0	0	0	0	0	0	0	0	0	0	30
90	MECTcl3p	22	2	30	0	11	0	0	17	0	0	0	0	0	0	0	0	0	0	30
260	MECTcl3p	22	0	30	0	1	0	0	15	0	0	14	0	0	0	0	0	0	0	30
0	MECTcl3p	23	30	30	0	0	0	0	0	0	0	0	0	0	0	0	0	0	0	30
90	MECTcl3p	23	0	30	0	1	0	0	25	0	0	4	0	0	0	0	0	0	0	30
260	MECTcl3p	23	0	30	0	0	0	0	9	0	0	20	0	0	1	0	0	0	0	30
0	MECTcl3p	24	30	30	0	0	0	0	0	0	0	0	0	0	0	0	8	0	0	22
90	MECTcl3p	24	0	30	0	12	0	0	18	0	0	0	0	0	0	0	0	0	0	30
260	MECTcl3p	24	0	30	0	5	0	0	25	0	0	0	0	0	0	0	0	0	0	30
0	MECTcl3p	25	30	30	0	0	0	0	0	0	0	0	0	0	0	0	5	0	0	25
90	MECTcl3p	25	2	30	0	12	0	0	16	0	0	0	0	0	0	0	0	0	0	30
260	MECTcl3p	25	2	30	0	12	0	0	16	0	0	0	0	0	0	0	0	0	0	30
0	MECTp	1	30	30	0	0	0	10	0	0	19	0	0	1	0	0	0	0	0	0
90	MECTp	1	30	30	0	0	0	11	0	0	19	0	0	0	0	0	0	0	0	0
260	MECTp	1	30	30	0	0	0	0	0	0	22	0	0	8	0	0	0	0	0	0
0	MECTp	2	30	30	0	0	0	0	0	0	0	0	0	8	0	0	7	0	0	15
90	MECTp	2	28	30	0	2	0	0	0	0	1	0	0	2	0	0	12	0	0	15
260	MECTp	2	12	30	0	18	0	0	0	0	0	0	0	2	0	0	3	0	0	25
0	MECTp	3	30	30	0	0	0	0	0	0	0	0	0	0	0	0	0	0	0	30
90	MECTp	3	30	30	0	0	0	0	0	0	0	0	0	0	0	0	0	0	0	30
260	MECTp	3	0	30	0	17	0	0	13	0	0	0	0	0	0	0	0	0	0	30
0	MECTp	4	30	30	0	0	0	0	0	0	0	0	0	0	0	0	0	0	0	30
90	MECTp	4	30	30	0	0	0	0	0	0	0	0	0	0	0	0	0	0	0	30
260	MECTp	4	0	30	0	0	0	0	20	0	0	10	0	0	0	0	0	0	0	30
0	MECTp	5	30	30	0	0	0	0	0	0	0	0	0	0	0	0	0	0	0	30
90	MECTp	5	20	30	0	10	0	0	0	0	0	0	0	0	0	0	0	0	0	30
260	MECTp	5	0	30	0	2	0	0	11	0	0	15	0	0	2	0	0	0	0	30
0	MECTp	6	30	30	0	0	0	0	0	0	0	0	0	0	0	0	0	0	0	30
90	MECTp	6	17	30	0	13	0	0	0	0	0	0	0	0	0	0	0	0	0	30
260	MECTp	6	0	30	0	0	0	0	2	0	0	23	0	0	5	0	0	0	0	30
0	MECTp	7	30	30	0	0	0	0	0	0	0	0	0	0	0	0	0	0	0	30
90	MECTp	7	26	30	0	4	0	0	0	0	0	0	0	0	0	0	0	0	0	30
260	MECTp	7	0	30	0	5	0	0	25	0	0	0	0	0	0	0	0	0	0	30
0	MECTp	8	30	30	0	0	0	0	0	0	0	0	0	0	0	0	0	0	0	30
90	MECTp	8	26	30	0	4	0	0	0	0	0	0	0	0	0	0	0	0	0	30
260	MECTp	8	1	30	0	13	0	0	16	0	0	0	0	0	0	0	0	0	0	30
0	MECTp	9	30	30	0	0	0	0	0	0	0	0	0	0	0	0	0	0	0	30
90	MECTp	9	30	30	0	0	0	0	0	0	0	0	0	0	0	0	0	0	0	30
260	MECTp	9	0	30	0	5	0	0	22	0	0	3	0	0	0	0	0	0	0	30
0	MECTp	10	30	30	0	0	0	0	0	0	0	0	0	0	0	0	0	0	0	30
90	MECTp	10	28	30	0	1	0	0	0	0	0	1	0	0	0	0	0	0	0	30
260	MECTp	10	0	26	0	5	2	0	5	0	0	11	0	0	3	1	0	6	1	30
0	MECTp	11	30	30	0	0	0	0	0	0	0	0	0	0	0	0	0	0	0	30
90	MECTp	11	25	30	0	4	0	0	0	0	0	1	0	0	0	0	0	0	0	30
260	MECTp	11	0	27	0	3	1	0	12	0	0	7	1	0	3	0	0	5	1	30
0	MECTp	12	30	30	0	0	0	0	0	0	0	0	0	0	0	0	0	0	0	30
90	MECTp	12	28	30	0	1	0	0	1	0	0	0	0	0	0	0	0	0	0	30
260	MECTp	12	1	27	0	5	0	0	8	1	0	8	0	0	2	1	0	6	1	30
0	MECTp	13	30	30	0	0	0	0	0	0	0	0	0	0	0	0	0	0	0	30
90	MECTp	13	29	30	0	0	0	0	1	0	0	0	0	0	0	0	0	0	0	30
260	MECTp	13	10	27	0	10	1	0	3	0	0	1	0	0	3	1	0	3	1	30
0	MECTp	14	30	30	0	0	0	0	0	0	0	0	0	0	0	0	0	0	0	30
90	MECTp	14	28	30	0	1	0	0	0	0	0	1	0	0	0	0	0	0	0	30
260	MECTp	14	9	27	0	13	1	0	2	0	0	3	1	0	0	0	0	3	1	30
0	MECTp	15	30	30	0	0	0	0	0	0	0	0	0	0	0	0	0	0	0	30
90	MECTp	15	28	30	0	1	0	0	1	0	0	0	0	0	0	0	0	0	0	30
260	MECTp	15	7	28	0	14	0	0	2	1	0	4	0	0	0	0	0	3	1	30
0	MECTp	16	30	30	0	0	0	0	0	0	0	0	0	0	0	0	0	0	0	30
90	MECTp	16	28	30	0	1	0	0	1	0	0	0	0	0	0	0	0	0	0	30
260	MECTp	16	15	28	0	6	0	0	3	1	0	2	0	0	1	0	0	3	1	30
0	MECTp	17	30	30	0	0	0	0	0	0	0	0	0	0	0	0	0	0	0	30
90	MECTp	17	28	30	0	1	0	0	1	0	0	0	0	0	0	0	0	0	0	30
260	MECTp	17	22	28	0	2	0	0	1	1	0	1	0	0	1	0	0	3	1	30
0	MECTp	18	30	30	0	0	0	0	0	0	0	0	0	0	0	0	0	0	0	30
90	MECTp	18	29	30	0	0	0	0	1	0	0	0	0	0	0	0	7	0	0	23
260	MECTp	18	24	29	0	1	0	0	1	0	0	1	0	0	1	1	0	2	0	30
0	MECTp	19	30	30	0	0	0	0	0	0	0	0	0	0	0	0	0	0	0	30
90	MECTp	19	30	30	0	0	0	0	0	0	0	0	0	0	0	0	0	0	0	30
260	MECTp	19	25	29	0	1	0	0	1	1	0	1	0	0	0	0	0	2	0	30
0	MECTp	20	30	30	0	0	0	0	0	0	0	0	0	0	0	0	0	0	0	30
90	MECTp	20	29	30	0	1	0	0	0	0	0	0	0	0	0	0	0	0	0	30
260	MECTp	20	25	29	0	1	0	0	1	0	0	1	1	0	0	0	0	2	0	30
0	MECTp	21	30	30	0	0	0	0	0	0	0	0	0	0	0	0	0	0	0	30
90	MECTp	21	30	30	0	0	0	0	0	0	0	0	0	0	0	0	2	0	0	28
260	MECTp	21	30	30	0	0	0	0	0	0	0	0	0	0	0	0	0	0	0	30
0	MECTp	22	30	30	0	0	0	0	0	0	0	0	0	0	0	0	0	0	0	30
90	MECTp	22	30	30	0	0	0	0	0	0	0	0	0	0	0	0	3	0	0	27
260	MECTp	22	30	30	0	0	0	0	0	0	0	0	0	0	0	0	0	0	0	30
0	MECTp	23	30	30	0	0	0	0	0	0	0	0	0	0	0	0	0	0	0	30
90	MECTp	23	30	30	0	0	0	0	0	0	0	0	0	0	0	0	11	0	0	19
260	MECTp	23	30	30	0	0	0	0	0	0	0	0	0	0	0	0	0	0	0	30
0	MECTp	24	30	30	0	0	0	0	0	0	0	0	0	0	0	0	0	0	0	30
90	MECTp	24	30	30	0	0	0	0	0	0	0	0	0	0	0	0	0	0	0	30
260	MECTp	24	30	30	0	0	0	0	0	0	0	0	0	0	0	0	0	0	0	30
0	MECTp	25	30	30	0	0	0	0	0	0	0	0	0	0	0	0	0	0	0	30
90	MECTp	25	30	30	0	0	0	0	0	0	0	0	0	0	0	0	0	0	0	30
260	MECTp	25	30	30	0	0	0	0	0	0	0	0	0	0	0	0	0	0	0	30
0	MEITp	1	30	30	0	0	0	0	0	0	30	0	0	0	0	0	0	0	0	0
90	MEITp	1	30	30	0	0	0	13	0	0	17	0	0	0	0	0	0	0	0	0
260	MEITp	1	30	30	0	0	0	9	0	0	19	0	0	2	0	0	0	0	0	0
0	MEITp	2	30	30	0	0	0	0	0	0	4	0	0	5	0	0	5	0	0	16
90	MEITp	2	26	30	0	4	0	1	0	0	2	0	0	4	0	0	17	0	0	6
260	MEITp	2	29	30	0	1	0	2	0	0	2	0	0	1	0	0	9	0	0	16
0	MEITp	3	30	30	0	0	0	0	0	0	0	0	0	0	0	0	0	0	0	30
90	MEITp	3	30	30	0	0	0	0	0	0	0	0	0	3	0	0	18	0	0	9
260	MEITp	3	30	30	0	0	0	0	0	0	0	0	0	1	0	0	9	0	0	20
0	MEITp	4	30	30	0	0	0	0	0	0	0	0	0	0	0	0	0	0	0	30
90	MEITp	4	30	30	0	0	0	0	0	0	1	0	0	12	0	0	10	0	0	7
260	MEITp	4	30	30	0	0	0	0	0	0	0	0	0	0	0	0	11	0	0	19
0	MEITp	5	30	30	0	0	0	0	0	0	0	0	0	0	0	0	0	0	0	30
90	MEITp	5	30	30	0	0	0	10	0	0	14	0	0	4	0	0	1	0	0	1
260	MEITp	5	30	30	0	0	0	0	0	0	3	0	0	11	0	0	10	0	0	6
0	MEITp	6	30	30	0	0	0	0	0	0	0	0	0	0	0	0	0	0	0	30
90	MEITp	6	30	30	10	0	0	11	0	0	5	0	0	4	0	0	0	0	0	0
260	MEITp	6	30	30	0	0	0	0	0	0	0	0	0	0	0	0	0	0	0	30
0	MEITp	7	30	30	0	0	0	0	0	0	0	0	0	0	0	0	0	0	0	30
90	MEITp	7	30	30	14	0	0	2	0	0	4	0	0	5	0	0	2	0	0	3
260	MEITp	7	30	30	0	0	0	0	0	0	0	0	0	0	0	0	0	0	0	30
0	MEITp	8	30	30	0	0	0	0	0	0	0	0	0	0	0	0	0	0	0	30
90	MEITp	8	30	30	0	0	0	0	0	0	1	0	0	11	0	0	10	0	0	8
260	MEITp	8	30	30	0	0	0	0	0	0	0	0	0	0	0	0	1	0	0	29
0	MEITp	9	30	30	0	0	0	0	0	0	0	0	0	0	0	0	0	0	0	30
90	MEITp	9	30	30	0	0	0	3	0	0	8	0	0	3	0	0	6	0	0	10
260	MEITp	9	30	30	0	0	0	0	0	0	0	0	0	1	0	0	4	0	0	25
0	MEITp	10	30	30	0	0	0	0	0	0	0	0	0	0	0	0	0	0	0	30
90	MEITp	10	29	30	0	1	0	0	0	0	0	0	0	0	0	0	0	0	0	30
260	MEITp	10	21	28	0	5	0	0	1	0	0	0	1	0	1	0	0	2	1	30
0	MEITp	11	30	30	0	0	0	0	0	0	0	0	0	0	0	0	0	0	0	30
90	MEITp	11	29	30	0	0	0	0	1	0	0	0	0	0	0	0	1	0	0	29
260	MEITp	11	15	28	0	8	0	0	3	0	0	1	1	0	1	0	0	2	1	30
0	MEITp	12	30	30	0	0	0	0	0	0	0	0	0	0	0	0	0	0	0	30
90	MEITp	12	28	30	0	1	0	0	1	0	0	0	0	0	0	0	1	0	0	29
260	MEITp	12	17	27	0	6	1	0	2	0	0	2	1	0	1	0	0	2	1	30
0	MEITp	13	30	30	0	0	0	0	0	0	0	0	0	0	0	0	0	0	0	30
90	MEITp	13	29	30	0	0	0	0	1	0	0	0	0	4	0	0	12	0	0	14
260	MEITp	13	23	28	0	3	0	0	1	0	0	0	1	0	1	0	0	2	1	30
0	MEITp	14	30	30	0	0	0	0	0	0	0	0	0	0	0	0	0	0	0	30
90	MEITp	14	28	30	0	1	0	0	1	0	0	0	0	4	0	0	3	0	0	23
260	MEITp	14	20	28	0	5	0	0	2	0	0	0	1	0	1	0	0	2	1	30
0	MEITp	15	30	30	0	0	0	0	0	0	0	0	0	0	0	0	0	0	0	30
90	MEITp	15	28	30	0	1	0	0	1	0	0	0	0	2	0	0	11	0	0	17
260	MEITp	15	21	28	0	3	0	0	3	1	0	0	0	0	1	0	0	2	1	30
0	MEITp	16	30	30	0	0	0	0	0	0	0	0	0	0	0	0	0	0	0	30
90	MEITp	16	28	30	0	1	0	0	1	0	0	0	0	3	0	0	12	0	0	15
260	MEITp	16	10	28	0	11	0	0	5	1	0	1	0	0	1	0	0	2	1	30
0	MEITp	17	30	30	0	0	0	0	0	0	0	0	0	0	0	0	0	0	0	30
90	MEITp	17	26	30	0	3	0	0	0	0	0	1	0	0	0	0	0	0	0	30
260	MEITp	17	18	28	0	6	0	0	2	1	0	1	0	0	1	0	0	2	1	30
0	MEITp	18	30	30	0	0	0	0	0	0	0	0	0	0	0	0	0	0	0	30
90	MEITp	18	28	30	0	1	0	0	1	0	1	0	0	6	0	0	8	0	0	15
260	MEITp	18	18	28	0	5	0	0	3	1	0	1	0	0	1	0	0	2	1	30
0	MEITp	19	30	30	0	0	0	0	0	0	0	0	0	0	0	0	0	0	0	30
90	MEITp	19	29	30	0	0	0	0	1	0	0	0	0	1	0	0	8	0	0	21
260	MEITp	19	22	28	0	3	0	0	2	1	0	0	0	0	1	0	0	2	1	30
0	MEITp	20	30	30	0	0	0	0	0	0	0	0	0	0	0	0	0	0	0	30
90	MEITp	20	28	30	0	1	0	0	1	0	0	0	0	2	0	0	3	0	0	25
260	MEITp	20	23	28	0	3	0	0	1	1	0	1	0	0	0	1	0	2	0	30
0	MEITp	21	30	30	0	0	0	0	0	0	0	0	0	0	0	0	0	0	0	30
90	MEITp	21	30	30	0	0	0	0	0	0	0	0	0	13	0	0	9	0	0	8
260	MEITp	21	30	30	0	0	0	0	0	0	0	0	0	3	0	0	4	0	0	23
0	MEITp	22	30	30	0	0	0	0	0	0	0	0	0	0	0	0	0	0	0	30
90	MEITp	22	30	30	1	0	0	2	0	0	2	0	0	12	0	0	9	0	0	4
260	MEITp	22	30	30	0	0	0	0	0	0	0	0	0	10	0	0	10	0	0	10
0	MEITp	23	30	30	0	0	0	0	0	0	0	0	0	0	0	0	0	0	0	30
90	MEITp	23	30	30	14	0	0	0	0	0	4	0	0	4	0	0	3	0	0	5
260	MEITp	23	30	30	0	0	0	0	0	0	0	0	0	0	0	0	0	0	0	30
0	MEITp	24	30	30	0	0	0	0	0	0	0	0	0	0	0	0	0	0	0	30
90	MEITp	24	30	30	0	0	0	0	0	0	0	0	0	0	0	0	5	0	0	25
260	MEITp	24	30	30	0	0	0	0	0	0	0	0	0	0	0	0	0	0	0	30
0	MEITp	25	30	30	0	0	0	0	0	0	0	0	0	0	0	0	0	0	0	30
90	MEITp	25	30	30	0	0	0	0	0	0	0	0	0	0	0	0	7	0	0	23
260	MEITp	25	30	30	0	0	0	0	0	0	0	0	0	0	0	0	0	0	0	30
0	MSCIp	1	30	30	0	0	0	1	0	0	19	0	0	10	0	0	0	0	0	0
90	MSCIp	1	30	30	5	0	0	22	0	0	3	0	0	0	0	0	0	0	0	0
260	MSCIp	1	30	30	0	0	0	0	0	0	8	0	0	10	0	0	10	0	0	2
0	MSCIp	2	30	30	0	0	0	0	0	0	0	0	0	7	0	0	8	0	0	15
90	MSCIp	2	30	30	0	0	0	1	0	0	2	0	0	4	0	0	6	0	0	17
260	MSCIp	2	30	30	0	0	0	0	0	0	0	0	0	0	0	0	2	0	0	28
0	MSCIp	3	30	30	0	0	0	0	0	0	0	0	0	0	0	0	0	0	0	30
90	MSCIp	3	28	30	0	2	0	0	0	0	0	0	0	0	0	0	0	0	0	30
260	MSCIp	3	30	30	0	0	0	0	0	0	0	0	0	0	0	0	0	0	0	30
0	MSCIp	4	30	30	0	0	0	0	0	0	0	0	0	0	0	0	0	0	0	30
90	MSCIp	4	28	30	0	2	0	0	0	0	0	0	0	0	0	0	0	0	0	30
260	MSCIp	4	30	30	0	0	0	0	0	0	0	0	0	0	0	0	0	0	0	30
0	MSCIp	5	30	30	0	0	0	0	0	0	0	0	0	0	0	0	0	0	0	30
90	MSCIp	5	4	30	0	15	0	0	11	0	0	0	0	0	0	0	0	0	0	30
260	MSCIp	5	29	30	0	1	0	0	0	0	0	0	0	0	0	0	0	0	0	30
0	MSCIp	6	30	30	0	0	0	0	0	0	0	0	0	0	0	0	0	0	0	30
90	MSCIp	6	13	30	0	15	0	0	2	0	0	0	0	0	0	0	0	0	0	30
260	MSCIp	6	30	30	0	0	0	0	0	0	0	0	0	0	0	0	0	0	0	30
0	MSCIp	7	30	30	0	0	0	0	0	0	0	0	0	0	0	0	0	0	0	30
90	MSCIp	7	30	30	0	0	0	0	0	0	0	0	0	0	0	0	0	0	0	30
260	MSCIp	7	29	30	0	1	0	0	0	0	0	0	0	0	0	0	0	0	0	30
0	MSCIp	8	30	30	0	0	0	0	0	0	0	0	0	0	0	0	0	0	0	30
90	MSCIp	8	30	30	0	0	0	0	0	0	0	0	0	0	0	0	0	0	0	30
260	MSCIp	8	29	30	0	1	0	0	0	0	0	0	0	0	0	0	0	0	0	30
0	MSCIp	9	30	30	0	0	0	0	0	0	0	0	0	0	0	0	0	0	0	30
90	MSCIp	9	30	30	0	0	0	0	0	0	0	0	0	0	0	0	0	0	0	30
260	MSCIp	9	28	30	0	2	0	0	0	0	0	0	0	0	0	0	0	0	0	30
0	MSCIp	10	30	30	0	0	0	0	0	0	0	0	0	0	0	0	0	0	0	30
90	MSCIp	10	14	30	0	7	0	0	9	0	0	0	0	0	0	0	0	0	0	30
260	MSCIp	10	3	28	0	2	0	0	16	1	0	3	0	0	3	0	0	3	1	30
0	MSCIp	11	30	30	0	0	0	0	0	0	0	0	0	0	0	0	0	0	0	30
90	MSCIp	11	8	30	0	15	0	0	6	0	0	1	0	0	0	0	0	0	0	30
260	MSCIp	11	6	28	0	1	1	0	11	0	0	8	0	0	1	0	0	3	1	30
0	MSCIp	12	30	30	0	0	0	0	0	0	0	0	0	0	0	0	0	0	0	30
90	MSCIp	12	20	30	0	7	0	0	3	0	0	0	0	0	0	0	0	0	0	30
260	MSCIp	12	0	27	0	6	1	0	13	0	0	6	0	0	2	1	0	3	1	30
0	MSCIp	13	30	30	0	0	0	0	0	0	0	0	0	0	0	0	0	0	0	30
90	MSCIp	13	2	30	0	4	0	0	7	0	0	15	0	0	2	0	0	0	0	30
260	MSCIp	13	9	27	0	5	1	0	4	0	0	5	1	0	3	0	0	4	1	30
0	MSCIp	14	30	30	0	0	0	0	0	0	0	0	0	0	0	0	0	0	0	30
90	MSCIp	14	2	30	0	14	0	0	6	0	0	6	0	0	2	0	0	0	0	30
260	MSCIp	14	4	29	0	9	0	0	8	0	0	5	1	0	1	0	0	3	0	30
0	MSCIp	15	30	30	0	0	0	0	0	0	0	0	0	0	0	0	0	0	0	30
90	MSCIp	15	1	30	0	9	0	0	10	0	0	8	0	0	2	0	0	0	0	30
260	MSCIp	15	22	29	0	2	0	0	3	0	0	1	1	0	0	0	0	2	0	30
0	MSCIp	16	30	30	0	0	0	0	0	0	0	0	0	0	0	0	0	0	0	30
90	MSCIp	16	0	30	0	1	0	0	6	0	0	21	0	0	1	0	0	1	0	30
260	MSCIp	16	8	29	0	9	0	0	7	0	0	2	1	0	1	0	0	3	0	30
0	MSCIp	17	30	30	0	0	0	0	0	0	0	0	0	0	0	0	0	0	0	30
90	MSCIp	17	0	30	0	0	0	0	10	0	0	18	0	0	2	0	0	0	0	30
260	MSCIp	17	20	29	0	4	0	0	3	1	0	0	0	0	1	0	0	2	0	30
0	MSCIp	18	30	30	0	0	0	0	0	0	0	0	0	0	0	0	0	0	0	30
90	MSCIp	18	4	30	0	4	0	0	17	0	0	4	0	0	1	0	0	0	0	30
260	MSCIp	18	18	30	0	6	0	0	2	0	0	1	0	0	1	0	0	2	0	30
0	MSCIp	19	30	30	0	0	0	0	0	0	0	0	0	0	0	0	0	0	0	30
90	MSCIp	19	28	30	0	1	0	0	0	0	0	1	0	0	0	0	0	0	0	30
260	MSCIp	19	24	29	0	1	0	0	1	0	0	1	1	0	1	0	0	2	0	30
0	MSCIp	20	30	30	0	0	0	0	0	0	0	0	0	0	0	0	0	0	0	30
90	MSCIp	20	29	30	0	0	0	0	1	0	0	0	0	0	0	0	0	0	0	30
260	MSCIp	20	26	30	0	1	0	0	1	0	0	0	0	0	1	0	0	1	0	30
0	MSCIp	21	30	30	0	0	0	0	0	0	0	0	0	0	0	0	0	0	0	30
90	MSCIp	21	23	30	0	6	0	0	1	0	0	0	0	0	0	0	0	0	0	30
260	MSCIp	21	30	30	0	0	0	0	0	0	0	0	0	0	0	0	0	0	0	30
0	MSCIp	22	30	30	0	0	0	0	0	0	0	0	0	0	0	0	0	0	0	30
90	MSCIp	22	22	30	0	7	0	0	1	0	0	0	0	0	0	0	0	0	0	30
260	MSCIp	22	30	30	0	0	0	0	0	0	0	0	0	0	0	0	0	0	0	30
0	MSCIp	23	30	30	0	0	0	0	0	0	0	0	0	0	0	0	0	0	0	30
90	MSCIp	23	12	30	0	13	0	0	5	0	0	0	0	0	0	0	0	0	0	30
260	MSCIp	23	30	30	0	0	0	0	0	0	0	0	0	0	0	0	0	0	0	30
0	MSCIp	24	30	30	0	0	0	0	0	0	0	0	0	0	0	0	0	0	0	30
90	MSCIp	24	9	30	0	11	0	0	10	0	0	0	0	0	0	0	0	0	0	30
260	MSCIp	24	30	30	0	0	0	0	0	0	0	0	0	0	0	0	0	0	0	30
0	MSCIp	25	30	30	0	0	0	0	0	0	0	0	0	0	0	0	0	0	0	30
90	MSCIp	25	8	30	0	16	0	0	6	0	0	0	0	0	0	0	0	0	0	30
260	MSCIp	25	30	30	0	0	0	0	0	0	0	0	0	0	0	0	0	0	0	30
0	MSCTcl1p	1	30	30	0	0	0	6	0	0	23	0	0	1	0	0	0	0	0	0
90	MSCTcl1p	1	30	30	3	0	0	13	0	0	10	0	0	4	0	0	0	0	0	0
260	MSCTcl1p	1	30	30	0	0	0	6	0	0	21	0	0	3	0	0	0	0	0	0
0	MSCTcl1p	2	30	30	0	0	0	0	0	0	1	0	0	5	0	0	11	0	0	13
90	MSCTcl1p	2	30	30	0	0	0	0	0	0	1	0	0	2	0	0	8	0	0	19
260	MSCTcl1p	2	17	30	0	13	0	0	0	0	2	0	0	4	0	0	9	0	0	15
0	MSCTcl1p	3	30	30	0	0	0	0	0	0	0	0	0	0	0	0	1	0	0	29
90	MSCTcl1p	3	30	30	0	0	0	0	0	0	0	0	0	0	0	0	0	0	0	30
260	MSCTcl1p	3	11	30	0	9	0	0	10	0	0	0	0	0	0	0	0	0	0	30
0	MSCTcl1p	4	30	30	0	0	0	0	0	0	0	0	0	0	0	0	0	0	0	30
90	MSCTcl1p	4	26	30	0	4	0	0	0	0	0	0	0	0	0	0	0	0	0	30
260	MSCTcl1p	4	1	30	0	15	0	0	14	0	0	0	0	0	0	0	0	0	0	30
0	MSCTcl1p	5	30	30	0	0	0	0	0	0	0	0	0	0	0	0	0	0	0	30
90	MSCTcl1p	5	7	30	0	19	0	0	4	0	0	0	0	0	0	0	0	0	0	30
260	MSCTcl1p	5	9	30	0	21	0	0	0	0	0	0	0	0	0	0	0	0	0	30
0	MSCTcl1p	6	30	30	0	0	0	0	0	0	0	0	0	0	0	0	0	0	0	30
90	MSCTcl1p	6	1	30	0	18	0	0	11	0	0	0	0	0	0	0	0	0	0	30
260	MSCTcl1p	6	0	30	0	8	0	0	19	0	0	3	0	0	0	0	0	0	0	30
0	MSCTcl1p	7	30	30	0	0	0	0	0	0	0	0	0	0	0	0	0	0	0	30
90	MSCTcl1p	7	3	30	0	19	0	0	8	0	0	0	0	0	0	0	0	0	0	30
260	MSCTcl1p	7	0	30	0	7	0	0	22	0	0	1	0	0	0	0	0	0	0	30
0	MSCTcl1p	8	30	30	0	0	0	0	0	0	0	0	0	0	0	0	0	0	0	30
90	MSCTcl1p	8	1	30	0	25	0	0	4	0	0	0	0	0	0	0	0	0	0	30
260	MSCTcl1p	8	0	30	0	0	0	0	16	0	0	4	0	0	10	0	0	0	0	30
0	MSCTcl1p	9	30	30	0	0	0	0	0	0	0	0	0	0	0	0	0	0	0	30
90	MSCTcl1p	9	2	30	0	26	0	0	2	0	0	0	0	0	0	0	0	0	0	30
260	MSCTcl1p	9	0	30	0	0	0	0	1	0	0	14	0	0	15	0	0	0	0	30
0	MSCTcl1p	10	30	30	0	0	0	0	0	0	0	0	0	0	0	0	0	0	0	30
90	MSCTcl1p	10	28	30	0	0	0	0	1	0	0	1	0	0	0	0	0	0	0	30
260	MSCTcl1p	10	0	27	0	0	1	0	7	0	0	16	0	0	1	1	0	6	1	30
0	MSCTcl1p	11	30	30	0	0	0	0	0	0	0	0	0	0	0	0	0	0	0	30
90	MSCTcl1p	11	28	30	0	1	0	0	1	0	0	0	0	0	0	0	0	0	0	30
260	MSCTcl1p	11	10	27	0	10	1	0	2	0	0	3	1	0	1	0	0	4	1	30
0	MSCTcl1p	12	30	30	0	0	0	0	0	0	0	0	0	0	0	0	0	0	0	30
90	MSCTcl1p	12	30	30	0	0	0	0	0	0	0	0	0	0	0	0	0	0	0	30
260	MSCTcl1p	12	26	29	0	1	0	0	0	0	0	1	1	0	0	0	0	2	0	30
0	MSCTcl1p	13	30	30	0	0	0	0	0	0	0	0	0	0	0	0	0	0	0	30
90	MSCTcl1p	13	30	30	0	0	0	0	0	0	0	0	0	0	0	0	0	0	0	30
260	MSCTcl1p	13	27	29	0	1	1	0	0	0	0	0	0	0	1	0	0	1	0	30
0	MSCTcl1p	14	30	30	0	0	0	0	0	0	0	0	0	0	0	0	0	0	0	30
90	MSCTcl1p	14	30	30	0	0	0	0	0	0	0	0	0	0	0	0	0	0	0	30
260	MSCTcl1p	14	28	29	0	0	0	0	0	1	0	0	0	0	1	0	0	1	0	30
0	MSCTcl1p	15	30	30	0	0	0	0	0	0	0	0	0	0	0	0	0	0	0	30
90	MSCTcl1p	15	30	30	0	0	0	0	0	0	0	0	0	0	0	0	0	0	0	30
260	MSCTcl1p	15	28	30	0	0	0	0	0	0	0	1	0	0	0	0	0	1	0	30
0	MSCTcl1p	16	30	30	0	0	0	0	0	0	0	0	0	0	0	0	0	0	0	30
90	MSCTcl1p	16	29	30	0	1	0	0	0	0	0	0	0	0	0	0	0	0	0	30
260	MSCTcl1p	16	28	29	0	0	1	0	0	0	0	1	0	0	0	0	0	1	0	30
0	MSCTcl1p	17	30	30	0	0	0	0	0	0	0	0	0	0	0	0	0	0	0	30
90	MSCTcl1p	17	28	30	0	1	0	0	0	0	0	1	0	0	0	0	0	0	0	30
260	MSCTcl1p	17	27	29	0	1	0	0	0	0	0	0	1	0	1	0	0	1	0	30
0	MSCTcl1p	18	30	30	0	0	0	0	0	0	0	0	0	0	0	0	0	0	0	30
90	MSCTcl1p	18	29	30	0	1	0	0	0	0	0	0	0	0	0	0	0	0	0	30
260	MSCTcl1p	18	27	29	0	1	0	0	0	1	0	0	0	0	1	0	0	1	0	30
0	MSCTcl1p	19	30	30	0	0	0	0	0	0	0	0	0	0	0	0	0	0	0	30
90	MSCTcl1p	19	29	30	0	1	0	0	0	0	0	0	0	0	0	0	0	0	0	30
260	MSCTcl1p	19	28	29	0	0	0	0	0	0	0	0	0	0	1	1	0	1	0	30
0	MSCTcl1p	20	30	30	0	0	0	0	0	0	0	0	0	0	0	0	0	0	0	30
90	MSCTcl1p	20	30	30	0	0	0	0	0	0	0	0	0	0	0	0	0	0	0	30
260	MSCTcl1p	20	28	30	0	0	0	0	1	0	0	0	0	0	0	0	0	1	0	30
0	MSCTcl1p	21	30	30	0	0	0	0	0	0	0	0	0	0	0	0	0	0	0	30
90	MSCTcl1p	21	30	30	0	0	0	0	0	0	0	0	0	0	0	0	0	0	0	30
260	MSCTcl1p	21	30	30	0	0	0	0	0	0	0	0	0	0	0	0	0	0	0	30
0	MSCTcl1p	22	30	30	0	0	0	0	0	0	0	0	0	0	0	0	0	0	0	30
90	MSCTcl1p	22	30	30	0	0	0	0	0	0	0	0	0	0	0	0	0	0	0	30
260	MSCTcl1p	22	30	30	0	0	0	0	0	0	0	0	0	0	0	0	0	0	0	30
0	MSCTcl1p	23	30	30	0	0	0	0	0	0	0	0	0	0	0	0	0	0	0	30
90	MSCTcl1p	23	30	30	0	0	0	0	0	0	0	0	0	0	0	0	0	0	0	30
260	MSCTcl1p	23	30	30	0	0	0	0	0	0	0	0	0	0	0	0	0	0	0	30
0	MSCTcl1p	24	30	30	0	0	0	0	0	0	0	0	0	0	0	0	0	0	0	30
90	MSCTcl1p	24	30	30	0	0	0	0	0	0	0	0	0	0	0	0	0	0	0	30
260	MSCTcl1p	24	30	30	0	0	0	0	0	0	0	0	0	0	0	0	0	0	0	30
0	MSCTcl1p	25	30	30	0	0	0	0	0	0	0	0	0	0	0	0	0	0	0	30
90	MSCTcl1p	25	30	30	0	0	0	0	0	0	0	0	0	0	0	0	0	0	0	30
260	MSCTcl1p	25	30	30	0	0	0	0	0	0	0	0	0	0	0	0	1	0	0	29
0	MSCTcl2p	1	30	30	0	0	0	0	0	0	30	0	0	0	0	0	0	0	0	0
90	MSCTcl2p	1	30	30	0	0	0	18	0	0	12	0	0	0	0	0	0	0	0	0
260	MSCTcl2p	1	30	30	0	0	0	2	0	0	10	0	0	18	0	0	0	0	0	0
0	MSCTcl2p	2	30	30	0	0	0	0	0	0	1	0	0	7	0	0	10	0	0	12
90	MSCTcl2p	2	30	30	0	0	0	0	0	0	4	0	0	4	0	0	6	0	0	16
260	MSCTcl2p	2	30	30	0	0	0	0	0	0	0	0	0	5	0	0	6	0	0	19
0	MSCTcl2p	3	30	30	0	0	0	0	0	0	0	0	0	0	0	0	0	0	0	30
90	MSCTcl2p	3	30	30	0	0	0	0	0	0	0	0	0	0	0	0	0	0	0	30
260	MSCTcl2p	3	30	30	0	0	0	0	0	0	0	0	0	0	0	0	0	0	0	30
0	MSCTcl2p	4	30	30	0	0	0	0	0	0	0	0	0	0	0	0	0	0	0	30
90	MSCTcl2p	4	30	30	0	0	0	0	0	0	0	0	0	0	0	0	0	0	0	30
260	MSCTcl2p	4	30	30	0	0	0	0	0	0	0	0	0	0	0	0	0	0	0	30
0	MSCTcl2p	5	30	30	0	0	0	0	0	0	0	0	0	0	0	0	0	0	0	30
90	MSCTcl2p	5	30	30	0	0	0	0	0	0	0	0	0	0	0	0	0	0	0	30
260	MSCTcl2p	5	30	30	0	0	0	0	0	0	0	0	0	0	0	0	0	0	0	30
0	MSCTcl2p	6	30	30	0	0	0	0	0	0	0	0	0	0	0	0	0	0	0	30
90	MSCTcl2p	6	30	30	0	0	0	0	0	0	0	0	0	0	0	0	0	0	0	30
260	MSCTcl2p	6	30	30	0	0	0	0	0	0	0	0	0	0	0	0	0	0	0	30
0	MSCTcl2p	7	30	30	0	0	0	0	0	0	0	0	0	0	0	0	0	0	0	30
90	MSCTcl2p	7	30	30	0	0	0	0	0	0	0	0	0	0	0	0	0	0	0	30
260	MSCTcl2p	7	30	30	0	0	0	0	0	0	0	0	0	0	0	0	0	0	0	30
0	MSCTcl2p	8	30	30	0	0	0	0	0	0	0	0	0	0	0	0	0	0	0	30
90	MSCTcl2p	8	30	30	0	0	0	0	0	0	0	0	0	0	0	0	0	0	0	30
260	MSCTcl2p	8	30	30	0	0	0	0	0	0	0	0	0	0	0	0	0	0	0	30
0	MSCTcl2p	9	30	30	0	0	0	0	0	0	0	0	0	0	0	0	0	0	0	30
90	MSCTcl2p	9	30	30	0	0	0	0	0	0	0	0	0	0	0	0	0	0	0	30
260	MSCTcl2p	9	30	30	0	0	0	0	0	0	0	0	0	0	0	0	0	0	0	30
0	MSCTcl2p	10	30	30	0	0	0	0	0	0	0	0	0	0	0	0	0	0	0	30
90	MSCTcl2p	10	30	30	0	0	0	0	0	0	0	0	0	0	0	0	0	0	0	30
260	MSCTcl2p	10	9	30	0	6	0	0	13	0	0	1	0	0	0	0	0	1	0	30
0	MSCTcl2p	11	30	30	0	0	0	0	0	0	0	0	0	0	0	0	0	0	0	30
90	MSCTcl2p	11	23	30	0	6	0	0	0	0	0	1	0	0	0	0	0	0	0	30
260	MSCTcl2p	11	8	29	0	10	0	0	5	0	0	2	0	0	2	1	0	3	0	30
0	MSCTcl2p	12	30	30	0	0	0	0	0	0	0	0	0	0	0	0	0	0	0	30
90	MSCTcl2p	12	27	30	0	3	0	0	0	0	0	0	0	0	0	0	0	0	0	30
260	MSCTcl2p	12	24	29	0	2	1	0	1	0	0	0	0	0	1	0	0	2	0	30
0	MSCTcl2p	13	30	30	0	0	0	0	0	0	0	0	0	0	0	0	0	0	0	30
90	MSCTcl2p	13	7	30	0	9	0	0	13	0	0	1	0	0	0	0	0	0	0	30
260	MSCTcl2p	13	24	29	0	3	1	0	1	0	0	0	0	0	1	0	0	1	0	30
0	MSCTcl2p	14	30	30	0	0	0	0	0	0	0	0	0	0	0	0	0	0	0	30
90	MSCTcl2p	14	9	30	0	10	0	0	10	0	0	1	0	0	0	0	0	0	0	30
260	MSCTcl2p	14	27	29	0	1	0	0	0	1	0	1	0	0	0	0	0	1	0	30
0	MSCTcl2p	15	30	30	0	0	0	0	0	0	0	0	0	0	0	0	0	0	0	30
90	MSCTcl2p	15	17	30	0	7	0	0	5	0	0	1	0	0	0	0	0	0	0	30
260	MSCTcl2p	15	28	30	0	0	0	0	1	0	0	0	0	0	0	0	0	1	0	30
0	MSCTcl2p	16	30	30	0	0	0	0	0	0	0	0	0	0	0	0	0	0	0	30
90	MSCTcl2p	16	22	30	0	8	0	0	0	0	0	0	0	0	0	0	0	0	0	30
260	MSCTcl2p	16	28	30	0	0	0	0	0	0	0	1	0	0	0	0	0	1	0	30
0	MSCTcl2p	17	30	30	0	0	0	0	0	0	0	0	0	0	0	0	0	0	0	30
90	MSCTcl2p	17	21	30	0	7	0	0	1	0	0	0	0	0	1	0	0	0	0	30
260	MSCTcl2p	17	26	30	0	2	0	0	0	0	0	0	0	0	1	0	0	1	0	30
0	MSCTcl2p	18	30	30	0	0	0	0	0	0	0	0	0	0	0	0	0	0	0	30
90	MSCTcl2p	18	27	30	0	2	0	0	1	0	0	0	0	0	0	0	0	0	0	30
260	MSCTcl2p	18	28	30	0	1	0	0	0	0	0	0	0	0	0	0	0	1	0	30
0	MSCTcl2p	19	30	30	0	0	0	0	0	0	0	0	0	0	0	0	0	0	0	30
90	MSCTcl2p	19	23	30	0	5	0	0	2	0	0	0	0	0	0	0	0	0	0	30
260	MSCTcl2p	19	28	30	0	0	0	0	1	0	0	0	0	0	0	0	0	1	0	30
0	MSCTcl2p	20	30	30	0	0	0	0	0	0	0	0	0	0	0	0	0	0	0	30
90	MSCTcl2p	20	28	30	0	1	0	0	0	0	0	1	0	0	0	0	0	0	0	30
260	MSCTcl2p	20	28	30	0	1	0	0	0	0	0	0	0	0	0	0	0	1	0	30
0	MSCTcl2p	21	30	30	0	0	0	0	0	0	0	0	0	0	0	0	0	0	0	30
90	MSCTcl2p	21	18	30	0	9	0	0	3	0	0	0	0	0	0	0	0	0	0	30
260	MSCTcl2p	21	30	30	0	0	0	0	0	0	0	0	0	0	0	0	0	0	0	30
0	MSCTcl2p	22	30	30	0	0	0	0	0	0	0	0	0	0	0	0	0	0	0	30
90	MSCTcl2p	22	21	30	0	7	0	0	1	0	0	1	0	0	0	0	0	0	0	30
260	MSCTcl2p	22	30	30	0	0	0	0	0	0	0	0	0	0	0	0	0	0	0	30
0	MSCTcl2p	23	30	30	0	0	0	0	0	0	0	0	0	0	0	0	0	0	0	30
90	MSCTcl2p	23	30	30	0	0	0	0	0	0	0	0	0	0	0	0	0	0	0	30
260	MSCTcl2p	23	30	30	0	0	0	0	0	0	0	0	0	0	0	0	0	0	0	30
0	MSCTcl2p	24	30	30	0	0	0	0	0	0	0	0	0	0	0	0	0	0	0	30
90	MSCTcl2p	24	30	30	0	0	0	0	0	0	0	0	0	0	0	0	0	0	0	30
260	MSCTcl2p	24	30	30	0	0	0	0	0	0	0	0	0	0	0	0	0	0	0	30
0	MSCTcl2p	25	30	30	0	0	0	0	0	0	0	0	0	0	0	0	0	0	0	30
90	MSCTcl2p	25	30	30	0	0	0	0	0	0	0	0	0	0	0	0	0	0	0	30
260	MSCTcl2p	25	30	30	0	0	0	0	0	0	0	0	0	0	0	0	0	0	0	30
0	MSITcl3p	1	30	30	0	0	0	4	0	0	26	0	0	0	0	0	0	0	0	0
90	MSITcl3p	1	30	30	0	0	0	13	0	0	16	0	0	1	0	0	0	0	0	0
260	MSITcl3p	1	30	30	0	0	0	5	0	0	25	0	0	0	0	0	0	0	0	0
0	MSITcl3p	2	30	30	0	0	0	0	0	0	2	0	0	4	0	0	7	0	0	17
90	MSITcl3p	2	30	30	0	0	0	0	0	0	1	0	0	7	0	0	15	0	0	7
260	MSITcl3p	2	30	30	0	0	0	0	0	0	4	0	0	3	0	0	5	0	0	18
0	MSITcl3p	3	30	30	0	0	0	0	0	0	0	0	0	0	0	0	1	0	0	29
90	MSITcl3p	3	30	30	0	0	0	0	0	0	0	0	0	1	0	0	8	0	0	21
260	MSITcl3p	3	30	30	0	0	0	0	0	0	0	0	0	2	0	0	2	0	0	26
0	MSITcl3p	4	30	30	0	0	0	0	0	0	0	0	0	0	0	0	0	0	0	30
90	MSITcl3p	4	30	30	0	0	0	0	0	0	0	0	0	0	0	0	3	0	0	27
260	MSITcl3p	4	30	30	0	0	0	0	0	0	0	0	0	0	0	0	0	0	0	30
0	MSITcl3p	5	30	30	0	0	0	0	0	0	0	0	0	0	0	0	1	0	0	29
90	MSITcl3p	5	30	30	0	0	0	0	0	0	0	0	0	0	0	0	0	0	0	30
260	MSITcl3p	5	30	30	0	0	0	0	0	0	0	0	0	0	0	0	0	0	0	30
0	MSITcl3p	6	30	30	0	0	0	0	0	0	0	0	0	0	0	0	0	0	0	30
90	MSITcl3p	6	30	30	0	0	0	0	0	0	0	0	0	0	0	0	0	0	0	30
260	MSITcl3p	6	30	30	0	0	0	0	0	0	0	0	0	0	0	0	0	0	0	30
0	MSITcl3p	7	30	30	0	0	0	0	0	0	0	0	0	0	0	0	0	0	0	30
90	MSITcl3p	7	30	30	0	0	0	0	0	0	0	0	0	0	0	0	0	0	0	30
260	MSITcl3p	7	30	30	0	0	0	0	0	0	0	0	0	0	0	0	0	0	0	30
0	MSITcl3p	8	30	30	0	0	0	0	0	0	0	0	0	0	0	0	0	0	0	30
90	MSITcl3p	8	30	30	0	0	0	0	0	0	0	0	0	0	0	0	0	0	0	30
260	MSITcl3p	8	30	30	0	0	0	0	0	0	0	0	0	0	0	0	0	0	0	30
0	MSITcl3p	9	30	30	0	0	0	0	0	0	0	0	0	0	0	0	0	0	0	30
90	MSITcl3p	9	30	30	0	0	0	0	0	0	0	0	0	0	0	0	0	0	0	30
260	MSITcl3p	9	30	30	0	0	0	0	0	0	0	0	0	0	0	0	0	0	0	30
0	MSITcl3p	10	30	30	0	0	0	0	0	0	0	0	0	0	0	0	0	0	0	30
90	MSITcl3p	10	28	30	0	1	0	0	1	0	0	0	0	0	0	0	0	0	0	30
260	MSITcl3p	10	23	29	0	4	0	0	0	1	0	1	0	0	0	0	0	2	0	30
0	MSITcl3p	11	30	30	0	0	0	0	0	0	0	0	0	0	0	0	0	0	0	30
90	MSITcl3p	11	29	30	0	0	0	0	1	0	0	0	0	0	0	0	0	0	0	30
260	MSITcl3p	11	21	29	0	2	0	0	3	0	0	1	1	0	1	0	0	2	0	30
0	MSITcl3p	12	30	30	0	0	0	0	0	0	0	0	0	0	0	0	0	0	0	30
90	MSITcl3p	12	30	30	0	0	0	0	0	0	0	0	0	0	0	0	0	0	0	30
260	MSITcl3p	12	24	29	0	3	0	0	0	1	0	1	0	0	0	0	0	2	0	30
0	MSITcl3p	13	30	30	0	0	0	0	0	0	0	0	0	0	0	0	0	0	0	30
90	MSITcl3p	13	30	30	0	0	0	0	0	0	0	0	0	0	0	0	0	0	0	30
260	MSITcl3p	13	24	29	0	3	1	0	1	0	0	0	0	0	0	0	0	2	0	30
0	MSITcl3p	14	30	30	0	0	0	0	0	0	0	0	0	0	0	0	0	0	0	30
90	MSITcl3p	14	30	30	0	0	0	0	0	0	0	0	0	0	0	0	0	0	0	30
260	MSITcl3p	14	27	29	0	1	0	0	0	0	0	0	1	0	1	0	0	1	0	30
0	MSITcl3p	15	30	30	0	0	0	0	0	0	0	0	0	0	0	0	0	0	0	30
90	MSITcl3p	15	30	30	0	0	0	0	0	0	0	0	0	0	0	0	0	0	0	30
260	MSITcl3p	15	25	30	0	2	0	0	1	0	0	0	0	0	0	0	0	2	0	30
0	MSITcl3p	16	30	30	0	0	0	0	0	0	0	0	0	0	0	0	0	0	0	30
90	MSITcl3p	16	29	30	0	1	0	0	0	0	0	0	0	0	0	0	0	0	0	30
260	MSITcl3p	16	25	30	0	2	0	0	1	0	0	0	0	0	1	0	0	1	0	30
0	MSITcl3p	17	30	30	0	0	0	0	0	0	0	0	0	0	0	0	0	0	0	30
90	MSITcl3p	17	25	30	0	3	0	0	2	0	0	0	0	0	0	0	0	0	0	30
260	MSITcl3p	17	27	30	0	1	0	0	0	0	0	0	0	0	1	0	0	1	0	30
0	MSITcl3p	18	30	30	0	0	0	0	0	0	0	0	0	0	0	0	0	0	0	30
90	MSITcl3p	18	30	30	0	0	0	0	0	0	0	0	0	0	0	0	0	0	0	30
260	MSITcl3p	18	29	30	0	0	0	0	1	0	0	0	0	0	0	0	0	0	0	30
0	MSITcl3p	19	30	30	0	0	0	0	0	0	0	0	0	0	0	0	0	0	0	30
90	MSITcl3p	19	30	30	0	0	0	0	0	0	0	0	0	0	0	0	0	0	0	30
260	MSITcl3p	19	29	30	0	0	0	0	1	0	0	0	0	0	0	0	0	0	0	30
0	MSITcl3p	20	30	30	0	0	0	0	0	0	0	0	0	0	0	0	0	0	0	30
90	MSITcl3p	20	30	30	0	0	0	0	0	0	0	0	0	0	0	0	0	0	0	30
260	MSITcl3p	20	30	30	0	0	0	0	0	0	0	0	0	0	0	0	0	0	0	30
0	MSITcl3p	21	30	30	0	0	0	0	0	0	0	0	0	0	0	0	0	0	0	30
90	MSITcl3p	21	30	30	0	0	0	0	0	0	0	0	0	0	0	0	0	0	0	30
260	MSITcl3p	21	30	30	0	0	0	0	0	0	0	0	0	0	0	0	0	0	0	30
0	MSITcl3p	22	30	30	0	0	0	0	0	0	0	0	0	0	0	0	0	0	0	30
90	MSITcl3p	22	30	30	0	0	0	0	0	0	0	0	0	0	0	0	0	0	0	30
260	MSITcl3p	22	30	30	0	0	0	0	0	0	0	0	0	0	0	0	0	0	0	30
0	MSITcl3p	23	30	30	0	0	0	0	0	0	0	0	0	0	0	0	0	0	0	30
90	MSITcl3p	23	30	30	0	0	0	0	0	0	0	0	0	0	0	0	0	0	0	30
260	MSITcl3p	23	30	30	0	0	0	0	0	0	0	0	0	0	0	0	0	0	0	30
0	MSITcl3p	24	30	30	0	0	0	0	0	0	0	0	0	0	0	0	0	0	0	30
90	MSITcl3p	24	30	30	0	0	0	0	0	0	0	0	0	0	0	0	0	0	0	30
260	MSITcl3p	24	30	30	0	0	0	0	0	0	0	0	0	0	0	0	0	0	0	30
0	MSITcl3p	25	30	30	0	0	0	0	0	0	0	0	0	0	0	0	0	0	0	30
90	MSITcl3p	25	28	30	0	2	0	0	0	0	0	0	0	0	0	0	0	0	0	30
260	MSITcl3p	25	30	30	0	0	0	0	0	0	0	0	0	0	0	0	0	0	0	30
0	MSITcl4p	1	30	30	0	0	0	3	0	0	25	0	0	2	0	0	0	0	0	0
90	MSITcl4p	1	30	30	0	0	0	0	0	0	12	0	0	18	0	0	0	0	0	0
260	MSITcl4p	1	30	30	0	0	0	3	0	0	22	0	0	5	0	0	0	0	0	0
0	MSITcl4p	2	30	30	0	0	0	0	0	0	3	0	0	6	0	0	3	0	0	18
90	MSITcl4p	2	22	30	0	4	0	0	4	0	0	0	0	1	0	0	1	0	0	28
260	MSITcl4p	2	28	30	0	2	0	0	0	0	1	0	0	7	0	0	4	0	0	18
0	MSITcl4p	3	30	30	0	0	0	0	0	0	0	0	0	0	0	0	0	0	0	30
90	MSITcl4p	3	30	30	0	0	0	0	0	0	0	0	0	0	0	0	0	0	0	30
260	MSITcl4p	3	30	30	0	0	0	0	0	0	0	0	0	0	0	0	0	0	0	30
0	MSITcl4p	4	30	30	0	0	0	0	0	0	0	0	0	0	0	0	0	0	0	30
90	MSITcl4p	4	30	30	0	0	0	0	0	0	0	0	0	0	0	0	0	0	0	30
260	MSITcl4p	4	30	30	0	0	0	0	0	0	0	0	0	0	0	0	0	0	0	30
0	MSITcl4p	5	30	30	0	0	0	0	0	0	0	0	0	0	0	0	0	0	0	30
90	MSITcl4p	5	30	30	0	0	0	0	0	0	0	0	0	0	0	0	0	0	0	30
260	MSITcl4p	5	30	30	0	0	0	0	0	0	0	0	0	0	0	0	0	0	0	30
0	MSITcl4p	6	30	30	0	0	0	0	0	0	0	0	0	0	0	0	0	0	0	30
90	MSITcl4p	6	30	30	0	0	0	0	0	0	0	0	0	0	0	0	0	0	0	30
260	MSITcl4p	6	30	30	0	0	0	0	0	0	0	0	0	0	0	0	0	0	0	30
0	MSITcl4p	7	30	30	0	0	0	0	0	0	0	0	0	0	0	0	0	0	0	30
90	MSITcl4p	7	30	30	0	0	0	0	0	0	0	0	0	0	0	0	0	0	0	30
260	MSITcl4p	7	30	30	0	0	0	0	0	0	0	0	0	0	0	0	0	0	0	30
0	MSITcl4p	8	30	30	0	0	0	0	0	0	0	0	0	0	0	0	0	0	0	30
90	MSITcl4p	8	30	30	0	0	0	0	0	0	0	0	0	0	0	0	0	0	0	30
260	MSITcl4p	8	30	30	0	0	0	0	0	0	0	0	0	0	0	0	0	0	0	30
0	MSITcl4p	9	30	30	0	0	0	0	0	0	0	0	0	0	0	0	0	0	0	30
90	MSITcl4p	9	30	30	0	0	0	0	0	0	0	0	0	0	0	0	0	0	0	30
260	MSITcl4p	9	30	30	0	0	0	0	0	0	0	0	0	0	0	0	0	0	0	30
0	MSITcl4p	10	30	30	0	0	0	0	0	0	0	0	0	0	0	0	0	0	0	30
90	MSITcl4p	10	30	30	0	0	0	0	0	0	0	0	0	0	0	0	0	0	0	30
260	MSITcl4p	10	18	28	0	7	1	0	1	0	0	1	0	0	1	0	0	2	1	30
0	MSITcl4p	11	30	30	0	0	0	0	0	0	0	0	0	0	0	0	0	0	0	30
90	MSITcl4p	11	30	30	0	0	0	0	0	0	0	0	0	0	0	0	0	0	0	30
260	MSITcl4p	11	26	29	0	1	1	0	0	0	0	1	0	0	0	0	0	2	0	30
0	MSITcl4p	12	30	30	0	0	0	0	0	0	0	0	0	0	0	0	0	0	0	30
90	MSITcl4p	12	30	30	0	0	0	0	0	0	0	0	0	0	0	0	0	0	0	30
260	MSITcl4p	12	26	29	0	1	1	0	0	0	0	1	0	0	0	0	0	2	0	30
0	MSITcl4p	13	30	30	0	0	0	0	0	0	0	0	0	0	0	0	0	0	0	30
90	MSITcl4p	13	30	30	0	0	0	0	0	0	0	0	0	0	0	0	0	0	0	30
260	MSITcl4p	13	27	30	0	0	0	0	1	0	0	0	0	0	0	0	0	2	0	30
0	MSITcl4p	14	30	30	0	0	0	0	0	0	0	0	0	0	0	0	0	0	0	30
90	MSITcl4p	14	30	30	0	0	0	0	0	0	0	0	0	0	0	0	0	0	0	30
260	MSITcl4p	14	27	30	0	0	0	0	1	0	0	0	0	0	0	0	0	2	0	30
0	MSITcl4p	15	30	30	0	0	0	0	0	0	0	0	0	0	0	0	0	0	0	30
90	MSITcl4p	15	30	30	0	0	0	0	0	0	0	0	0	0	0	0	0	0	0	30
260	MSITcl4p	15	24	30	0	3	0	0	0	0	0	1	0	0	1	0	0	1	0	30
0	MSITcl4p	16	30	30	0	0	0	0	0	0	0	0	0	0	0	0	0	0	0	30
90	MSITcl4p	16	30	30	0	0	0	0	0	0	0	0	0	0	0	0	0	0	0	30
260	MSITcl4p	16	21	30	0	6	0	0	1	0	0	0	0	0	1	0	0	1	0	30
0	MSITcl4p	17	30	30	0	0	0	0	0	0	0	0	0	0	0	0	0	0	0	30
90	MSITcl4p	17	30	30	0	0	0	0	0	0	0	0	0	0	0	0	0	0	0	30
260	MSITcl4p	17	9	30	0	9	0	0	8	0	0	2	0	0	0	0	0	2	0	30
0	MSITcl4p	18	30	30	0	0	0	0	0	0	0	0	0	0	0	0	0	0	0	30
90	MSITcl4p	18	30	30	0	0	0	0	0	0	0	0	0	0	0	0	0	0	0	30
260	MSITcl4p	18	5	29	0	4	0	0	8	0	0	7	0	0	4	1	0	2	0	30
0	MSITcl4p	19	30	30	0	0	0	0	0	0	0	0	0	0	0	0	0	0	0	30
90	MSITcl4p	19	30	30	0	0	0	0	0	0	0	0	0	0	0	0	0	0	0	30
260	MSITcl4p	19	4	30	0	6	0	0	7	0	0	9	0	0	2	0	0	2	0	30
0	MSITcl4p	20	30	30	0	0	0	0	0	0	0	0	0	0	0	0	0	0	0	30
90	MSITcl4p	20	30	30	0	0	0	0	0	0	0	0	0	0	0	0	0	0	0	30
260	MSITcl4p	20	11	30	0	12	0	0	3	0	0	1	0	0	0	0	0	3	0	30
0	MSITcl4p	21	30	30	0	0	0	0	0	0	0	0	0	0	0	0	0	0	0	30
90	MSITcl4p	21	30	30	0	0	0	0	0	0	0	0	0	0	0	0	0	0	0	30
260	MSITcl4p	21	30	30	0	0	0	0	0	0	0	0	0	0	0	0	0	0	0	30
0	MSITcl4p	22	30	30	0	0	0	0	0	0	0	0	0	0	0	0	0	0	0	30
90	MSITcl4p	22	30	30	0	0	0	0	0	0	0	0	0	0	0	0	0	0	0	30
260	MSITcl4p	22	30	30	0	0	0	0	0	0	0	0	0	0	0	0	0	0	0	30
0	MSITcl4p	23	30	30	0	0	0	0	0	0	0	0	0	0	0	0	0	0	0	30
90	MSITcl4p	23	30	30	0	0	0	0	0	0	0	0	0	0	0	0	0	0	0	30
260	MSITcl4p	23	30	30	0	0	0	0	0	0	0	0	0	0	0	0	0	0	0	30
0	MSITcl4p	24	30	30	0	0	0	0	0	0	0	0	0	0	0	0	0	0	0	30
90	MSITcl4p	24	30	30	0	0	0	0	0	0	0	0	0	0	0	0	0	0	0	30
260	MSITcl4p	24	29	30	0	1	0	0	0	0	0	0	0	0	0	0	0	0	0	30
0	MSITcl4p	25	30	30	0	0	0	0	0	0	0	0	0	0	0	0	0	0	0	30
90	MSITcl4p	25	30	30	0	0	0	0	0	0	0	0	0	0	0	0	0	0	0	30
260	MSITcl4p	25	17	30	0	9	0	0	4	0	0	0	0	0	0	0	0	0	0	30
0	SECTcl3p	1	30	30	0	0	0	6	0	0	19	0	0	5	0	0	0	0	0	0
90	SECTcl3p	1	30	30	1	0	0	9	0	0	17	0	0	3	0	0	0	0	0	0
260	SECTcl3p	1	30	30	0	0	0	4	0	0	5	0	0	5	0	0	12	0	0	4
0	SECTcl3p	2	30	30	0	0	0	0	0	0	0	0	0	1	0	0	7	0	0	22
90	SECTcl3p	2	17	30	0	6	0	0	7	0	0	0	0	0	0	0	2	0	0	28
260	SECTcl3p	2	30	30	0	0	0	0	0	0	0	0	0	0	0	0	0	0	0	30
0	SECTcl3p	3	30	30	0	0	0	0	0	0	0	0	0	2	0	0	10	0	0	18
90	SECTcl3p	3	0	30	0	14	0	0	15	0	0	1	0	0	0	0	0	0	0	30
260	SECTcl3p	3	24	30	0	6	0	0	0	0	0	0	0	0	0	0	0	0	0	30
0	SECTcl3p	4	30	30	0	0	0	0	0	0	4	0	0	15	0	0	8	0	0	3
90	SECTcl3p	4	0	30	0	4	0	0	26	0	0	0	0	0	0	0	0	0	0	30
260	SECTcl3p	4	30	30	0	0	0	0	0	0	0	0	0	0	0	0	0	0	0	30
0	SECTcl3p	5	30	30	0	0	0	0	0	0	0	0	0	20	0	0	8	0	0	2
90	SECTcl3p	5	0	30	0	29	0	0	1	0	0	0	0	0	0	0	0	0	0	30
260	SECTcl3p	5	27	30	0	3	0	0	0	0	0	0	0	0	0	0	0	0	0	30
0	SECTcl3p	6	30	30	0	0	0	0	0	0	0	0	0	14	0	0	11	0	0	5
90	SECTcl3p	6	20	30	0	10	0	0	0	0	0	0	0	0	0	0	0	0	0	30
260	SECTcl3p	6	29	30	0	1	0	0	0	0	0	0	0	0	0	0	0	0	0	30
0	SECTcl3p	7	30	30	0	0	0	0	0	0	0	0	0	0	0	0	0	0	0	30
90	SECTcl3p	7	2	30	0	28	0	0	0	0	0	0	0	0	0	0	0	0	0	30
260	SECTcl3p	7	30	30	0	0	0	0	0	0	0	0	0	0	0	0	0	0	0	30
0	SECTcl3p	8	30	30	0	0	0	0	0	0	0	0	0	0	0	0	0	0	0	30
90	SECTcl3p	8	9	30	0	21	0	0	0	0	0	0	0	0	0	0	0	0	0	30
260	SECTcl3p	8	29	30	0	1	0	0	0	0	0	0	0	0	0	0	0	0	0	30
0	SECTcl3p	9	30	30	0	0	0	0	0	0	0	0	0	0	0	0	3	0	0	27
90	SECTcl3p	9	23	30	0	7	0	0	0	0	0	0	0	0	0	0	0	0	0	30
260	SECTcl3p	9	29	30	0	1	0	0	0	0	0	0	0	0	0	0	0	0	0	30
0	SECTcl3p	10	30	30	0	0	0	0	0	0	0	0	0	7	0	0	6	0	0	17
90	SECTcl3p	10	27	29	0	1	1	0	1	0	0	1	0	0	0	0	0	0	0	30
260	SECTcl3p	10	24	28	0	2	0	0	1	1	0	1	0	0	0	0	0	2	1	30
0	SECTcl3p	11	30	30	0	0	0	0	0	0	0	0	0	5	0	0	18	0	0	7
90	SECTcl3p	11	27	30	0	2	0	0	0	0	0	1	0	0	0	0	0	0	0	30
260	SECTcl3p	11	22	29	0	4	0	0	1	0	0	0	1	0	1	0	0	2	0	30
0	SECTcl3p	12	30	30	0	0	0	0	0	0	0	0	0	1	0	0	4	0	0	25
90	SECTcl3p	12	26	30	0	2	0	0	1	0	0	1	0	0	0	0	0	0	0	30
260	SECTcl3p	12	19	29	0	6	0	0	2	0	0	0	0	0	1	1	0	2	0	30
0	SECTcl3p	13	30	30	0	0	0	0	0	0	0	0	0	1	0	0	12	0	0	17
90	SECTcl3p	13	11	30	0	17	0	0	1	0	0	1	0	0	0	0	0	0	0	30
260	SECTcl3p	13	4	29	0	21	0	0	2	0	0	0	0	0	1	1	0	2	0	30
0	SECTcl3p	14	30	30	0	0	0	0	0	0	0	0	0	0	0	0	3	0	0	27
90	SECTcl3p	14	11	30	0	16	0	0	2	0	0	1	0	0	0	0	0	0	0	30
260	SECTcl3p	14	5	29	0	13	0	0	9	0	0	0	0	0	1	0	0	2	1	30
0	SECTcl3p	15	30	30	0	0	0	0	0	0	0	0	0	0	0	0	0	0	0	30
90	SECTcl3p	15	9	30	0	18	0	0	1	0	0	1	0	0	1	0	0	0	0	30
260	SECTcl3p	15	1	28	0	18	1	0	8	0	0	0	0	0	1	1	0	2	0	30
0	SECTcl3p	16	30	30	0	0	0	0	0	0	0	0	0	0	0	0	4	0	0	26
90	SECTcl3p	16	23	30	0	6	0	0	0	0	0	1	0	0	0	0	0	0	0	30
260	SECTcl3p	16	1	29	0	18	0	0	8	0	0	0	0	0	1	1	0	2	0	30
0	SECTcl3p	17	30	30	0	0	0	0	0	0	0	0	0	8	0	0	21	0	0	1
90	SECTcl3p	17	24	30	0	4	0	0	1	0	0	1	0	0	0	0	0	0	0	30
260	SECTcl3p	17	0	28	0	12	1	0	14	0	0	1	0	0	1	1	0	2	0	30
0	SECTcl3p	18	30	30	0	0	0	0	0	0	6	0	0	19	0	0	5	0	0	0
90	SECTcl3p	18	1	30	0	27	0	0	1	0	0	1	0	0	0	0	0	0	0	30
260	SECTcl3p	18	0	28	0	3	0	0	16	1	0	7	0	0	1	0	0	3	1	30
0	SECTcl3p	19	30	30	0	0	0	2	0	0	9	0	0	9	0	0	10	0	0	0
90	SECTcl3p	19	3	30	0	23	0	0	3	0	0	1	0	0	0	0	0	0	0	30
260	SECTcl3p	19	0	28	0	0	0	0	8	0	0	13	1	0	6	0	0	3	1	30
0	SECTcl3p	20	30	30	0	0	0	9	0	0	16	0	0	4	0	0	1	0	0	0
90	SECTcl3p	20	1	29	0	26	1	0	1	0	0	1	0	0	1	0	0	0	0	30
260	SECTcl3p	20	0	28	0	0	0	0	1	0	0	12	1	0	13	0	0	4	1	30
0	SECTcl3p	21	30	30	0	0	0	10	0	0	8	0	0	8	0	0	2	0	0	2
90	SECTcl3p	21	28	30	0	2	0	0	0	0	0	0	0	0	0	0	0	0	0	30
260	SECTcl3p	21	0	30	0	0	0	0	1	0	0	15	0	0	14	0	0	0	0	30
0	SECTcl3p	22	30	30	0	0	0	0	0	0	3	0	0	2	0	0	10	0	0	15
90	SECTcl3p	22	29	30	0	1	0	0	0	0	0	0	0	0	0	0	0	0	0	30
260	SECTcl3p	22	0	30	0	0	0	0	7	0	0	8	0	0	15	0	0	0	0	30
0	SECTcl3p	23	30	30	0	0	0	0	0	0	21	0	0	7	0	0	1	0	0	1
90	SECTcl3p	23	19	30	0	11	0	0	0	0	0	0	0	0	0	0	0	0	0	30
260	SECTcl3p	23	0	30	0	0	0	0	10	0	0	19	0	0	1	0	0	0	0	30
0	SECTcl3p	24	30	30	0	0	0	2	0	0	15	0	0	11	0	0	2	0	0	0
90	SECTcl3p	24	25	30	0	5	0	0	0	0	0	0	0	0	0	0	0	0	0	30
260	SECTcl3p	24	0	30	0	0	0	0	30	0	0	0	0	0	0	0	0	0	0	30
0	SECTcl3p	25	30	30	0	0	0	4	0	0	12	0	0	7	0	0	2	0	0	5
90	SECTcl3p	25	18	30	0	12	0	0	0	0	0	0	0	0	0	0	0	0	0	30
260	SECTcl3p	25	0	30	0	2	0	0	26	0	0	2	0	0	0	0	0	0	0	30
0	SECTp	1	30	30	0	0	0	3	0	0	9	0	0	5	0	0	13	0	0	0
90	SECTp	1	30	30	0	0	0	5	0	0	10	0	0	15	0	0	0	0	0	0
260	SECTp	1	30	30	0	0	0	7	0	0	9	0	0	14	0	0	0	0	0	0
0	SECTp	2	30	30	0	0	0	0	0	0	0	0	0	0	0	0	0	0	0	30
90	SECTp	2	21	30	0	3	0	0	6	0	0	0	0	1	0	0	0	0	0	29
260	SECTp	2	24	30	0	6	0	0	0	0	0	0	0	0	0	0	3	0	0	27
0	SECTp	3	30	30	0	0	0	0	0	0	0	0	0	1	0	0	5	0	0	24
90	SECTp	3	0	30	0	4	0	0	26	0	0	0	0	0	0	0	0	0	0	30
260	SECTp	3	7	30	0	23	0	0	0	0	0	0	0	0	0	0	0	0	0	30
0	SECTp	4	30	30	0	0	0	0	0	0	4	0	0	6	0	0	17	0	0	3
90	SECTp	4	0	30	0	16	0	0	14	0	0	0	0	0	0	0	0	0	0	30
260	SECTp	4	26	30	0	4	0	0	0	0	0	0	0	3	0	0	3	0	0	24
0	SECTp	5	30	30	0	0	0	3	0	0	15	0	0	6	0	0	6	0	0	0
90	SECTp	5	20	30	0	10	0	0	0	0	0	0	0	1	0	0	5	0	0	24
260	SECTp	5	30	30	0	0	0	1	0	0	4	0	0	15	0	0	6	0	0	4
0	SECTp	6	30	30	0	0	0	0	0	0	8	0	0	7	0	0	12	0	0	3
90	SECTp	6	30	30	0	0	0	0	0	0	2	0	0	13	0	0	9	0	0	6
260	SECTp	6	30	30	0	0	0	0	0	0	1	0	0	17	0	0	7	0	0	5
0	SECTp	7	30	30	0	0	0	0	0	0	0	0	0	0	0	0	0	0	0	30
90	SECTp	7	25	30	0	5	0	0	0	0	0	0	0	2	0	0	5	0	0	23
260	SECTp	7	30	30	0	0	0	0	0	0	1	0	0	6	0	0	6	0	0	17
0	SECTp	8	30	30	0	0	0	0	0	0	0	0	0	0	0	0	5	0	0	25
90	SECTp	8	30	30	0	0	0	0	0	0	6	0	0	6	0	0	16	0	0	2
260	SECTp	8	30	30	0	0	0	0	0	0	11	0	0	14	0	0	5	0	0	0
0	SECTp	9	30	30	0	0	0	0	0	0	2	0	0	15	0	0	11	0	0	2
90	SECTp	9	30	30	0	0	0	2	0	0	9	0	0	9	0	0	9	0	0	1
260	SECTp	9	30	30	0	0	0	3	0	0	13	0	0	8	0	0	4	0	0	2
0	SECTp	10	30	30	0	0	0	2	0	0	11	0	0	16	0	0	1	0	0	0
90	SECTp	10	28	30	0	1	0	5	0	0	3	1	0	13	0	0	8	0	0	1
260	SECTp	10	25	27	8	2	1	4	1	0	4	0	1	3	0	0	3	2	1	8
0	SECTp	11	30	30	0	0	0	0	0	0	1	0	0	4	0	0	11	0	0	14
90	SECTp	11	28	29	0	1	1	4	1	0	11	0	0	5	0	0	5	0	0	5
260	SECTp	11	20	28	0	5	0	0	1	1	0	1	0	0	1	0	0	2	1	30
0	SECTp	12	30	30	0	0	0	0	0	0	0	0	0	3	0	0	4	0	0	23
90	SECTp	12	25	30	0	3	0	0	1	0	0	1	0	1	0	0	3	0	0	26
260	SECTp	12	0	28	0	21	0	0	4	0	0	1	1	0	1	0	0	3	1	30
0	SECTp	13	30	30	0	0	0	0	0	0	0	0	0	7	0	0	11	0	0	12
90	SECTp	13	27	30	0	2	0	0	0	0	0	1	0	1	0	0	10	0	0	19
260	SECTp	13	0	28	0	7	0	0	16	1	0	3	0	0	1	0	0	3	1	30
0	SECTp	14	30	30	0	0	0	0	0	0	0	0	0	0	0	0	4	0	0	26
90	SECTp	14	28	30	0	1	0	0	0	0	0	1	0	0	0	0	3	0	0	27
260	SECTp	14	0	27	0	0	1	0	20	0	0	5	1	0	2	0	0	3	1	30
0	SECTp	15	30	30	0	0	0	0	0	0	0	0	0	0	0	0	2	0	0	28
90	SECTp	15	28	30	0	1	0	0	1	0	2	0	0	1	0	0	2	0	0	25
260	SECTp	15	0	28	0	1	0	0	15	0	0	9	1	0	2	0	0	3	1	30
0	SECTp	16	30	30	0	0	0	0	0	0	0	0	0	4	0	0	2	0	0	24
90	SECTp	16	29	30	0	0	0	1	1	0	3	0	0	3	0	0	12	0	0	11
260	SECTp	16	0	28	0	0	0	0	8	0	0	17	1	0	2	0	0	3	1	30
0	SECTp	17	30	30	0	0	0	0	0	0	7	0	0	3	0	0	17	0	0	3
90	SECTp	17	28	30	0	1	0	1	1	0	7	0	0	11	0	0	8	0	0	3
260	SECTp	17	0	28	0	0	0	0	0	0	0	21	1	0	6	0	0	3	1	30
0	SECTp	18	30	30	0	0	0	3	0	0	17	0	0	8	0	0	2	0	0	0
90	SECTp	18	28	30	0	1	0	2	0	0	4	1	0	14	0	0	8	0	0	2
260	SECTp	18	0	27	0	0	1	0	0	0	0	14	1	0	11	0	0	5	1	30
0	SECTp	19	30	30	1	0	0	7	0	0	15	0	0	3	0	0	4	0	0	0
90	SECTp	19	28	30	0	1	0	0	1	0	3	0	0	11	0	0	4	0	0	12
260	SECTp	19	0	28	0	0	0	0	0	0	0	14	0	0	9	1	0	7	1	30
0	SECTp	20	30	30	0	0	0	14	0	0	11	0	0	2	0	0	3	0	0	0
90	SECTp	20	24	29	0	5	1	0	0	0	0	1	0	2	0	0	1	0	0	27
260	SECTp	20	0	27	0	0	1	0	0	0	0	0	1	0	10	0	0	20	1	30
0	SECTp	21	30	30	0	0	0	9	0	0	5	0	0	12	0	0	3	0	0	1
90	SECTp	21	30	30	0	0	0	0	0	0	3	0	0	0	0	0	18	0	0	9
260	SECTp	21	0	30	0	0	0	0	2	0	0	6	0	0	22	0	0	0	0	30
0	SECTp	22	30	30	0	0	0	3	0	0	9	0	0	12	0	0	5	0	0	1
90	SECTp	22	26	30	0	4	0	0	0	0	6	0	0	7	0	0	12	0	0	5
260	SECTp	22	0	30	0	0	0	0	7	0	0	21	0	0	2	0	0	0	0	30
0	SECTp	23	30	30	0	0	0	16	0	0	8	0	0	4	0	0	1	0	0	1
90	SECTp	23	27	30	0	3	0	3	0	0	4	0	0	6	0	0	14	0	0	3
260	SECTp	23	0	30	0	0	0	0	16	0	0	14	0	0	0	0	0	0	0	30
0	SECTp	24	30	30	0	0	0	16	0	0	9	0	0	4	0	0	1	0	0	0
90	SECTp	24	30	30	1	0	0	7	0	0	13	0	0	6	0	0	2	0	0	1
260	SECTp	24	1	30	0	21	0	0	8	0	0	0	0	0	0	0	0	0	0	30
0	SECTp	25	30	30	0	0	0	9	0	0	10	0	0	4	0	0	4	0	0	3
90	SECTp	25	29	30	1	1	0	1	0	0	6	0	0	13	0	0	7	0	0	2
260	SECTp	25	0	30	0	26	0	0	4	0	0	0	0	0	0	0	0	0	0	30
0	SEITcl1p	1	30	30	0	0	0	1	0	0	12	0	0	12	0	0	5	0	0	0
90	SEITcl1p	1	30	30	0	0	0	4	0	0	4	0	0	6	0	0	16	0	0	0
260	SEITcl1p	1	30	30	0	0	0	6	0	0	4	0	0	2	0	0	18	0	0	0
0	SEITcl1p	2	30	30	0	0	0	0	0	0	0	0	0	1	0	0	7	0	0	22
90	SEITcl1p	2	30	30	0	0	0	0	0	0	0	0	0	7	0	0	7	0	0	16
260	SEITcl1p	2	30	30	0	0	0	0	0	0	0	0	0	6	0	0	5	0	0	19
0	SEITcl1p	3	30	30	0	0	0	0	0	0	0	0	0	0	0	0	0	0	0	30
90	SEITcl1p	3	30	30	0	0	0	0	0	0	0	0	0	0	0	0	0	0	0	30
260	SEITcl1p	3	30	30	0	0	0	0	0	0	0	0	0	0	0	0	0	0	0	30
0	SEITcl1p	4	30	30	0	0	0	0	0	0	0	0	0	0	0	0	0	0	0	30
90	SEITcl1p	4	30	30	0	0	0	0	0	0	0	0	0	0	0	0	0	0	0	30
260	SEITcl1p	4	30	30	0	0	0	0	0	0	0	0	0	0	0	0	0	0	0	30
0	SEITcl1p	5	30	30	0	0	0	0	0	0	0	0	0	0	0	0	0	0	0	30
90	SEITcl1p	5	30	30	0	0	0	0	0	0	0	0	0	0	0	0	0	0	0	30
260	SEITcl1p	5	30	30	0	0	0	0	0	0	0	0	0	0	0	0	0	0	0	30
0	SEITcl1p	6	30	30	0	0	0	0	0	0	0	0	0	0	0	0	0	0	0	30
90	SEITcl1p	6	30	30	0	0	0	0	0	0	0	0	0	0	0	0	0	0	0	30
260	SEITcl1p	6	30	30	0	0	0	0	0	0	0	0	0	0	0	0	0	0	0	30
0	SEITcl1p	7	30	30	0	0	0	0	0	0	0	0	0	0	0	0	0	0	0	30
90	SEITcl1p	7	30	30	0	0	0	0	0	0	0	0	0	0	0	0	0	0	0	30
260	SEITcl1p	7	30	30	0	0	0	0	0	0	0	0	0	0	0	0	0	0	0	30
0	SEITcl1p	8	30	30	0	0	0	0	0	0	0	0	0	0	0	0	0	0	0	30
90	SEITcl1p	8	30	30	0	0	0	0	0	0	0	0	0	0	0	0	0	0	0	30
260	SEITcl1p	8	30	30	0	0	0	0	0	0	0	0	0	0	0	0	0	0	0	30
0	SEITcl1p	9	30	30	0	0	0	0	0	0	0	0	0	0	0	0	0	0	0	30
90	SEITcl1p	9	30	30	0	0	0	0	0	0	0	0	0	0	0	0	0	0	0	30
260	SEITcl1p	9	30	30	0	0	0	0	0	0	0	0	0	0	0	0	0	0	0	30
0	SEITcl1p	10	30	30	0	0	0	0	0	0	0	0	0	0	0	0	0	0	0	30
90	SEITcl1p	10	28	30	0	1	0	0	1	0	0	0	0	0	0	0	0	0	0	30
260	SEITcl1p	10	25	29	0	2	0	0	0	0	0	1	0	0	0	1	0	2	0	30
0	SEITcl1p	11	30	30	0	0	0	0	0	0	0	0	0	0	0	0	0	0	0	30
90	SEITcl1p	11	29	30	0	0	0	0	1	0	0	0	0	0	0	0	0	0	0	30
260	SEITcl1p	11	27	29	0	0	0	0	1	0	0	0	0	2	0	1	2	2	0	26
0	SEITcl1p	12	30	30	0	0	0	0	0	0	0	0	0	0	0	0	0	0	0	30
90	SEITcl1p	12	29	30	0	0	0	0	1	0	0	0	0	0	0	0	0	0	0	30
260	SEITcl1p	12	28	29	0	0	0	0	0	0	0	0	1	0	1	0	6	1	0	24
0	SEITcl1p	13	30	30	0	0	0	0	0	0	0	0	0	0	0	0	0	0	0	30
90	SEITcl1p	13	29	30	0	0	0	0	1	0	0	0	0	0	0	0	0	0	0	30
260	SEITcl1p	13	28	29	0	0	0	0	0	0	5	0	0	2	1	1	3	1	0	20
0	SEITcl1p	14	30	30	0	0	0	0	0	0	0	0	0	0	0	0	0	0	0	30
90	SEITcl1p	14	28	30	0	1	0	0	1	0	0	0	0	0	0	0	0	0	0	30
260	SEITcl1p	14	27	29	0	1	0	6	0	0	2	0	0	10	1	1	7	1	0	5
0	SEITcl1p	15	30	30	0	0	0	0	0	0	0	0	0	0	0	0	0	0	0	30
90	SEITcl1p	15	29	30	0	0	0	0	1	0	0	0	0	0	0	0	0	0	0	30
260	SEITcl1p	15	27	29	0	1	0	0	0	0	6	0	1	6	1	0	12	1	0	6
0	SEITcl1p	16	30	30	0	0	0	0	0	0	0	0	0	0	0	0	0	0	0	30
90	SEITcl1p	16	29	30	0	0	0	0	1	0	0	0	0	0	0	0	0	0	0	30
260	SEITcl1p	16	27	28	0	1	1	0	0	0	7	0	0	1	1	1	8	1	0	14
0	SEITcl1p	17	30	30	0	0	0	0	0	0	0	0	0	0	0	0	0	0	0	30
90	SEITcl1p	17	29	30	0	1	0	0	0	0	0	0	0	0	0	0	0	0	0	30
260	SEITcl1p	17	27	29	0	1	0	0	0	0	0	0	0	1	1	1	14	1	0	15
0	SEITcl1p	18	30	30	0	0	0	0	0	0	0	0	0	0	0	0	0	0	0	30
90	SEITcl1p	18	29	30	0	1	0	0	0	0	0	0	0	0	0	0	0	0	0	30
260	SEITcl1p	18	27	29	0	1	0	2	0	0	5	0	0	1	1	1	6	1	0	16
0	SEITcl1p	19	30	30	0	0	0	0	0	0	0	0	0	0	0	0	0	0	0	30
90	SEITcl1p	19	29	30	0	1	0	0	0	0	0	0	0	1	0	0	0	0	0	29
260	SEITcl1p	19	27	28	0	1	1	0	0	0	4	0	0	2	1	0	9	1	1	15
0	SEITcl1p	20	30	30	0	0	0	0	0	0	0	0	0	0	0	0	0	0	0	30
90	SEITcl1p	20	29	30	0	1	0	0	0	0	0	0	0	0	0	0	0	0	0	30
260	SEITcl1p	20	28	28	0	0	1	6	0	0	0	0	0	2	1	1	11	1	0	11
0	SEITcl1p	21	30	30	0	0	0	0	0	0	0	0	0	0	0	0	0	0	0	30
90	SEITcl1p	21	30	30	0	0	0	0	0	0	0	0	0	0	0	0	0	0	0	30
260	SEITcl1p	21	30	30	0	0	0	12	0	0	10	0	0	6	0	0	2	0	0	0
0	SEITcl1p	22	30	30	0	0	0	0	0	0	0	0	0	0	0	0	0	0	0	30
90	SEITcl1p	22	30	30	0	0	0	0	0	0	0	0	0	0	0	0	0	0	0	30
260	SEITcl1p	22	30	30	0	0	0	0	0	0	6	0	0	14	0	0	10	0	0	0
0	SEITcl1p	23	30	30	0	0	0	0	0	0	0	0	0	0	0	0	0	0	0	30
90	SEITcl1p	23	30	30	0	0	0	0	0	0	0	0	0	0	0	0	0	0	0	30
260	SEITcl1p	23	30	30	0	0	0	0	0	0	11	0	0	15	0	0	4	0	0	0
0	SEITcl1p	24	30	30	0	0	0	0	0	0	0	0	0	0	0	0	0	0	0	30
90	SEITcl1p	24	30	30	0	0	0	0	0	0	0	0	0	0	0	0	0	0	0	30
260	SEITcl1p	24	30	30	0	0	0	0	0	0	12	0	0	13	0	0	5	0	0	0
0	SEITcl1p	25	30	30	0	0	0	0	0	0	0	0	0	0	0	0	0	0	0	30
90	SEITcl1p	25	26	30	0	4	0	0	0	0	0	0	0	0	0	0	1	0	0	29
260	SEITcl1p	25	30	30	0	0	0	0	0	0	8	0	0	17	0	0	4	0	0	1
0	SEITcl3p	1	30	30	0	0	0	8	0	0	6	0	0	12	0	0	4	0	0	0
90	SEITcl3p	1	30	30	2	0	0	21	0	0	6	0	0	1	0	0	0	0	0	0
260	SEITcl3p	1	30	30	0	0	0	7	0	0	2	0	0	14	0	0	7	0	0	0
0	SEITcl3p	2	30	30	0	0	0	0	0	0	0	0	0	0	0	0	10	0	0	20
90	SEITcl3p	2	22	30	0	8	0	0	0	0	0	0	0	2	0	0	6	0	0	22
260	SEITcl3p	2	15	30	0	12	0	0	1	0	0	2	0	0	0	0	4	0	0	26
0	SEITcl3p	3	30	30	0	0	0	0	0	0	0	0	0	7	0	0	9	0	0	14
90	SEITcl3p	3	23	30	0	6	0	0	1	0	0	0	0	0	0	0	0	0	0	30
260	SEITcl3p	3	28	30	0	2	0	0	0	0	0	0	0	11	0	0	7	0	0	12
0	SEITcl3p	4	30	30	0	0	0	0	0	0	6	0	0	20	0	0	4	0	0	0
90	SEITcl3p	4	23	30	0	7	0	0	0	0	0	0	0	3	0	0	5	0	0	22
260	SEITcl3p	4	30	30	0	0	0	0	0	0	2	0	0	2	0	0	3	0	0	23
0	SEITcl3p	5	30	30	0	0	0	5	0	0	16	0	0	7	0	0	2	0	0	0
90	SEITcl3p	5	30	30	0	0	0	2	0	0	10	0	0	11	0	0	7	0	0	0
260	SEITcl3p	5	30	30	0	0	0	3	0	0	6	0	0	8	0	0	8	0	0	5
0	SEITcl3p	6	30	30	0	0	0	1	0	0	10	0	0	13	0	0	5	0	0	1
90	SEITcl3p	6	30	30	0	0	0	6	0	0	4	0	0	12	0	0	7	0	0	1
260	SEITcl3p	6	30	30	0	0	0	7	0	0	11	0	0	10	0	0	2	0	0	0
0	SEITcl3p	7	30	30	0	0	0	0	0	0	0	0	0	7	0	0	23	0	0	0
90	SEITcl3p	7	30	30	0	0	0	0	0	0	3	0	0	4	0	0	11	0	0	12
260	SEITcl3p	7	30	30	0	0	0	0	0	0	0	0	0	23	0	0	4	0	0	3
0	SEITcl3p	8	30	30	0	0	0	0	0	0	3	0	0	5	0	0	13	0	0	9
90	SEITcl3p	8	24	30	0	6	0	1	0	0	13	0	0	8	0	0	5	0	0	3
260	SEITcl3p	8	30	30	0	0	0	0	0	0	9	0	0	13	0	0	7	0	0	1
0	SEITcl3p	9	30	30	0	0	0	2	0	0	13	0	0	12	0	0	2	0	0	1
90	SEITcl3p	9	30	30	0	0	0	2	0	0	9	0	0	12	0	0	6	0	0	1
260	SEITcl3p	9	30	30	0	0	0	1	0	0	15	0	0	8	0	0	6	0	0	0
0	SEITcl3p	10	30	30	0	0	0	4	0	0	17	0	0	8	0	0	1	0	0	0
90	SEITcl3p	10	27	29	0	1	0	0	1	1	1	1	0	4	0	0	2	0	0	23
260	SEITcl3p	10	23	28	0	4	0	0	0	0	3	1	1	8	0	0	5	2	1	14
0	SEITcl3p	11	30	30	0	0	0	1	0	0	4	0	0	12	0	0	13	0	0	0
90	SEITcl3p	11	22	30	0	6	0	0	1	0	0	1	0	0	0	0	15	0	0	15
260	SEITcl3p	11	20	28	0	6	0	0	1	1	0	0	0	0	1	0	0	2	1	30
0	SEITcl3p	12	30	30	0	0	0	6	0	0	18	0	0	5	0	0	1	0	0	0
90	SEITcl3p	12	10	30	0	18	0	0	1	0	0	1	0	0	0	0	2	0	0	28
260	SEITcl3p	12	14	28	0	7	0	0	6	1	0	0	0	0	1	0	0	2	1	30
0	SEITcl3p	13	30	30	0	0	0	3	0	0	9	0	0	9	0	0	3	0	0	6
90	SEITcl3p	13	4	29	0	23	1	0	2	0	0	1	0	0	0	0	0	0	0	30
260	SEITcl3p	13	10	28	0	10	0	0	7	0	0	0	1	0	1	0	0	2	1	30
0	SEITcl3p	14	30	30	0	0	0	0	0	0	0	0	0	0	0	0	8	0	0	22
90	SEITcl3p	14	26	29	0	2	1	0	1	0	0	1	0	0	0	0	0	0	0	30
260	SEITcl3p	14	7	28	0	17	0	0	3	0	0	0	1	0	1	0	0	2	1	30
0	SEITcl3p	15	30	30	0	0	0	0	0	0	0	0	0	1	0	0	11	0	0	18
90	SEITcl3p	15	20	30	0	8	0	0	1	0	0	1	0	0	0	0	0	0	0	30
260	SEITcl3p	15	3	28	0	14	0	0	10	1	0	0	0	0	1	0	0	2	1	30
0	SEITcl3p	16	30	30	0	0	0	0	0	0	6	0	0	4	0	0	15	0	0	5
90	SEITcl3p	16	25	30	0	4	0	0	0	0	0	1	0	0	0	0	0	0	0	30
260	SEITcl3p	16	0	28	0	17	0	0	10	1	0	0	0	0	1	0	0	2	1	30
0	SEITcl3p	17	30	30	0	0	0	7	0	0	11	0	0	7	0	0	4	0	0	1
90	SEITcl3p	17	28	29	0	1	1	0	0	0	0	1	0	0	0	0	0	0	0	30
260	SEITcl3p	17	0	28	0	16	0	0	10	1	0	1	0	0	1	0	0	2	1	30
0	SEITcl3p	18	30	30	0	0	0	16	0	0	8	0	0	6	0	0	0	0	0	0
90	SEITcl3p	18	25	30	0	4	0	0	0	0	0	1	0	0	0	0	0	0	0	30
260	SEITcl3p	18	0	28	0	3	0	0	23	1	0	1	0	0	1	0	0	2	1	30
0	SEITcl3p	19	30	30	0	0	0	7	0	0	17	0	0	5	0	0	1	0	0	0
90	SEITcl3p	19	25	29	0	3	1	0	1	0	0	1	0	0	0	0	0	0	0	30
260	SEITcl3p	19	0	27	0	13	1	0	10	0	0	4	1	0	0	0	0	3	1	30
0	SEITcl3p	20	30	30	0	0	0	8	0	0	17	0	0	5	0	0	0	0	0	0
90	SEITcl3p	20	27	30	0	1	0	0	1	0	0	1	0	0	0	0	0	0	0	30
260	SEITcl3p	20	0	28	0	2	0	0	24	0	0	1	1	0	1	0	0	2	1	30
0	SEITcl3p	21	30	30	0	0	0	4	0	0	13	0	0	11	0	0	2	0	0	0
90	SEITcl3p	21	30	30	0	0	0	0	0	0	0	0	0	0	0	0	1	0	0	29
260	SEITcl3p	21	0	30	0	4	0	0	20	0	0	6	0	0	0	0	0	0	0	30
0	SEITcl3p	22	30	30	0	0	0	1	0	0	4	0	0	18	0	0	6	0	0	1
90	SEITcl3p	22	30	30	0	0	0	0	0	0	0	0	0	1	0	0	5	0	0	24
260	SEITcl3p	22	0	30	0	2	0	0	28	0	0	0	0	0	0	0	0	0	0	30
0	SEITcl3p	23	30	30	0	0	0	5	0	0	16	0	0	7	0	0	2	0	0	0
90	SEITcl3p	23	14	30	0	16	0	0	0	0	0	0	0	4	0	0	7	0	0	19
260	SEITcl3p	23	0	30	0	6	0	0	24	0	0	0	0	0	0	0	0	0	0	30
0	SEITcl3p	24	30	30	0	0	0	6	0	0	14	0	0	9	0	0	1	0	0	0
90	SEITcl3p	24	30	30	0	0	0	1	0	0	3	0	0	19	0	0	6	0	0	1
260	SEITcl3p	24	7	30	0	23	0	0	0	0	0	0	0	0	0	0	0	0	0	30
0	SEITcl3p	25	30	30	0	0	0	2	0	0	7	0	0	11	0	0	8	0	0	2
90	SEITcl3p	25	30	30	0	0	0	3	0	0	8	0	0	14	0	0	5	0	0	0
260	SEITcl3p	25	29	30	0	1	0	0	0	0	0	0	0	0	0	0	0	0	0	30
0	SEITcl4p	1	30	30	0	0	0	4	0	0	9	0	0	15	0	0	2	0	0	0
90	SEITcl4p	1	30	30	0	0	0	6	0	0	6	0	0	18	0	0	0	0	0	0
260	SEITcl4p	1	30	30	0	0	0	11	0	0	15	0	0	4	0	0	0	0	0	0
0	SEITcl4p	2	30	30	0	0	0	0	0	0	0	0	0	2	0	0	2	0	0	26
90	SEITcl4p	2	9	30	0	16	0	0	5	0	0	0	0	1	0	0	0	0	0	29
260	SEITcl4p	2	26	30	0	4	0	0	0	0	0	0	0	1	0	0	9	0	0	20
0	SEITcl4p	3	30	30	0	0	0	0	0	0	0	0	0	0	0	0	3	0	0	27
90	SEITcl4p	3	0	30	0	11	0	0	19	0	0	0	0	0	0	0	0	0	0	30
260	SEITcl4p	3	24	30	0	6	0	0	0	0	0	0	0	1	0	0	10	0	0	19
0	SEITcl4p	4	30	30	0	0	0	0	0	0	0	0	0	5	0	0	16	0	0	9
90	SEITcl4p	4	0	30	0	13	0	0	17	0	0	0	0	0	0	0	0	0	0	30
260	SEITcl4p	4	30	30	0	0	0	0	0	0	1	0	0	2	0	0	3	0	0	24
0	SEITcl4p	5	30	30	0	0	0	1	0	0	4	0	0	8	0	0	10	0	0	7
90	SEITcl4p	5	2	30	0	28	0	0	0	0	0	0	0	0	0	0	0	0	0	30
260	SEITcl4p	5	30	30	0	0	0	0	0	0	5	0	0	12	0	0	8	0	0	5
0	SEITcl4p	6	30	30	0	0	0	0	0	0	6	0	0	19	0	0	4	0	0	1
90	SEITcl4p	6	14	30	0	16	0	0	0	0	0	0	0	0	0	0	0	0	0	30
260	SEITcl4p	6	30	30	0	0	0	0	0	0	1	0	0	12	0	0	11	0	0	6
0	SEITcl4p	7	30	30	0	0	0	0	0	0	0	0	0	12	0	0	16	0	0	2
90	SEITcl4p	7	14	30	0	16	0	0	0	0	0	0	0	0	0	0	0	0	0	30
260	SEITcl4p	7	30	30	0	0	0	0	0	0	4	0	0	8	0	0	14	0	0	4
0	SEITcl4p	8	30	30	0	0	0	0	0	0	3	0	0	4	0	0	13	0	0	10
90	SEITcl4p	8	29	30	0	1	0	0	0	0	0	0	0	0	0	0	0	0	0	30
260	SEITcl4p	8	30	30	0	0	0	3	0	0	20	0	0	6	0	0	1	0	0	0
0	SEITcl4p	9	30	30	0	0	0	1	0	0	14	0	0	12	0	0	2	0	0	1
90	SEITcl4p	9	28	30	0	2	0	0	0	0	0	0	0	0	0	0	0	0	0	30
260	SEITcl4p	9	30	30	0	0	0	5	0	0	16	0	0	6	0	0	3	0	0	0
0	SEITcl4p	10	30	30	0	0	0	1	0	0	13	0	0	15	0	0	1	0	0	0
90	SEITcl4p	10	28	29	0	0	1	0	1	0	0	1	0	0	0	0	2	0	0	28
260	SEITcl4p	10	25	28	0	2	0	0	0	0	0	1	1	10	0	0	6	2	1	14
0	SEITcl4p	11	30	30	0	0	0	0	0	0	1	0	0	19	0	0	6	0	0	4
90	SEITcl4p	11	28	29	0	1	1	0	1	0	0	0	0	0	0	0	6	0	0	24
260	SEITcl4p	11	24	28	0	2	0	0	1	1	0	0	0	0	1	0	0	2	1	30
0	SEITcl4p	12	30	30	0	0	0	2	0	0	4	0	0	14	0	0	5	0	0	5
90	SEITcl4p	12	28	30	0	1	0	0	1	0	0	0	0	0	0	0	3	0	0	27
260	SEITcl4p	12	19	28	0	7	0	0	1	1	0	1	0	0	0	0	0	2	1	30
0	SEITcl4p	13	30	30	0	0	0	1	0	0	8	0	0	11	0	0	6	0	0	4
90	SEITcl4p	13	21	29	0	8	1	0	0	0	0	1	0	0	0	0	0	0	0	30
260	SEITcl4p	13	0	28	0	19	0	0	8	1	0	0	0	0	1	0	0	2	1	30
0	SEITcl4p	14	30	30	0	0	0	0	0	0	0	0	0	5	0	0	7	0	0	18
90	SEITcl4p	14	27	30	0	1	0	0	1	0	0	1	0	0	0	0	0	0	0	30
260	SEITcl4p	14	3	28	0	16	0	0	7	0	0	1	1	0	1	0	0	2	1	30
0	SEITcl4p	15	30	30	0	0	0	0	0	0	0	0	0	1	0	0	23	0	0	6
90	SEITcl4p	15	25	30	0	4	0	0	1	0	0	0	0	0	0	0	0	0	0	30
260	SEITcl4p	15	0	28	0	7	0	0	19	1	0	1	0	0	1	0	0	2	1	30
0	SEITcl4p	16	30	30	0	0	0	2	0	0	5	0	0	1	0	0	3	0	0	19
90	SEITcl4p	16	28	30	0	1	0	0	0	0	0	1	0	0	0	0	0	0	0	30
260	SEITcl4p	16	0	28	0	2	0	0	23	1	0	2	0	0	1	0	0	2	1	30
0	SEITcl4p	17	30	30	0	0	0	11	0	0	9	0	0	9	0	0	1	0	0	0
90	SEITcl4p	17	28	30	0	1	0	0	1	0	0	0	0	0	0	0	0	0	0	30
260	SEITcl4p	17	0	28	0	15	0	0	11	1	0	1	0	0	1	0	0	2	1	30
0	SEITcl4p	18	30	30	0	0	0	11	0	0	9	0	0	5	0	0	2	0	0	3
90	SEITcl4p	18	27	29	0	2	1	0	0	0	0	1	0	0	0	0	0	0	0	30
260	SEITcl4p	18	0	28	0	0	0	0	23	0	0	4	1	0	1	0	0	2	1	30
0	SEITcl4p	19	30	30	0	0	0	20	0	0	2	0	0	7	0	0	1	0	0	0
90	SEITcl4p	19	28	30	0	1	0	0	1	0	0	0	0	0	0	0	0	0	0	30
260	SEITcl4p	19	0	27	0	0	1	0	5	0	0	16	1	0	6	0	0	3	1	30
0	SEITcl4p	20	30	30	0	0	0	9	0	0	17	0	0	4	0	0	0	0	0	0
90	SEITcl4p	20	26	30	0	3	0	0	1	0	0	0	0	0	0	0	0	0	0	30
260	SEITcl4p	20	0	28	0	0	0	0	2	0	0	8	1	0	16	0	0	4	1	30
0	SEITcl4p	21	30	30	0	0	0	3	0	0	13	0	0	10	0	0	4	0	0	0
90	SEITcl4p	21	30	30	0	0	0	0	0	0	0	0	0	0	0	0	0	0	0	30
260	SEITcl4p	21	0	30	0	5	0	0	3	0	0	22	0	0	0	0	0	0	0	30
0	SEITcl4p	22	30	30	0	0	0	2	0	0	3	0	0	13	0	0	9	0	0	3
90	SEITcl4p	22	29	30	0	1	0	0	0	0	0	0	0	1	0	0	3	0	0	26
260	SEITcl4p	22	1	30	0	16	0	0	13	0	0	0	0	0	0	0	0	0	0	30
0	SEITcl4p	23	30	30	0	0	0	11	0	0	11	0	0	4	0	0	4	0	0	0
90	SEITcl4p	23	29	30	0	1	0	0	0	0	1	0	0	5	0	0	8	0	0	16
260	SEITcl4p	23	8	30	0	22	0	0	0	0	0	0	0	0	0	0	0	0	0	30
0	SEITcl4p	24	30	30	0	0	0	9	0	0	16	0	0	5	0	0	0	0	0	0
90	SEITcl4p	24	30	30	0	0	0	0	0	0	8	0	0	15	0	0	7	0	0	0
260	SEITcl4p	24	14	30	0	15	0	0	1	0	0	0	0	0	0	0	0	0	0	30
0	SEITcl4p	25	30	30	0	0	0	8	0	0	10	0	0	7	0	0	4	0	0	1
90	SEITcl4p	25	30	30	0	0	0	1	0	0	4	0	0	13	0	0	11	0	0	1
260	SEITcl4p	25	27	30	0	3	0	0	0	0	0	0	0	0	0	0	0	0	0	30
0	SSCTp	1	30	30	0	0	0	2	0	0	8	0	0	19	0	0	1	0	0	0
90	SSCTp	1	30	30	1	0	0	8	0	0	5	0	0	16	0	0	0	0	0	0
260	SSCTp	1	30	30	0	0	0	6	0	0	9	0	0	15	0	0	0	0	0	0
0	SSCTp	2	30	30	0	0	0	0	0	0	0	0	0	3	0	0	6	0	0	21
90	SSCTp	2	30	30	0	0	0	0	0	0	0	0	0	2	0	0	7	0	0	21
260	SSCTp	2	30	30	0	0	0	0	0	0	0	0	0	7	0	0	8	0	0	15
0	SSCTp	3	30	30	0	0	0	0	0	0	0	0	0	0	0	0	0	0	0	30
90	SSCTp	3	30	30	0	0	0	0	0	0	0	0	0	0	0	0	0	0	0	30
260	SSCTp	3	30	30	0	0	0	0	0	0	0	0	0	0	0	0	0	0	0	30
0	SSCTp	4	30	30	0	0	0	0	0	0	0	0	0	0	0	0	0	0	0	30
90	SSCTp	4	30	30	0	0	0	0	0	0	0	0	0	0	0	0	0	0	0	30
260	SSCTp	4	30	30	0	0	0	0	0	0	0	0	0	0	0	0	0	0	0	30
0	SSCTp	5	30	30	0	0	0	0	0	0	0	0	0	0	0	0	0	0	0	30
90	SSCTp	5	30	30	0	0	0	0	0	0	0	0	0	0	0	0	0	0	0	30
260	SSCTp	5	30	30	0	0	0	0	0	0	0	0	0	0	0	0	0	0	0	30
0	SSCTp	6	30	30	0	0	0	0	0	0	0	0	0	0	0	0	0	0	0	30
90	SSCTp	6	12	30	0	8	0	0	4	0	0	6	0	0	0	0	0	0	0	30
260	SSCTp	6	30	30	0	0	0	0	0	0	0	0	0	0	0	0	0	0	0	30
0	SSCTp	7	30	30	0	0	0	0	0	0	0	0	0	0	0	0	0	0	0	30
90	SSCTp	7	0	30	0	0	0	0	4	0	0	14	0	0	9	0	0	3	0	30
260	SSCTp	7	30	30	0	0	0	0	0	0	0	0	0	0	0	0	0	0	0	30
0	SSCTp	8	30	30	0	0	0	0	0	0	0	0	0	0	0	0	0	0	0	30
90	SSCTp	8	0	30	0	0	0	0	3	0	0	14	0	0	13	0	0	0	0	30
260	SSCTp	8	30	30	0	0	0	0	0	0	0	0	0	0	0	0	0	0	0	30
0	SSCTp	9	30	30	0	0	0	0	0	0	0	0	0	0	0	0	0	0	0	30
90	SSCTp	9	0	30	0	0	0	0	0	0	0	2	0	0	15	0	0	13	0	30
260	SSCTp	9	30	30	0	0	0	0	0	0	0	0	0	0	0	0	0	0	0	30
0	SSCTp	10	30	30	0	0	0	0	0	0	0	0	0	0	0	0	0	0	0	30
90	SSCTp	10	0	30	0	0	0	0	5	0	0	4	0	0	2	0	0	19	0	30
260	SSCTp	10	27	30	0	0	0	0	1	0	0	0	0	0	1	0	0	1	0	30
0	SSCTp	11	30	30	0	0	0	0	0	0	0	0	0	0	0	0	0	0	0	30
90	SSCTp	11	0	30	0	1	0	0	4	0	0	9	0	0	3	0	0	13	0	30
260	SSCTp	11	30	30	0	0	0	0	0	0	0	0	0	0	0	0	0	0	0	30
0	SSCTp	12	30	30	0	0	0	0	0	0	0	0	0	0	0	0	0	0	0	30
90	SSCTp	12	0	30	0	0	0	0	1	0	0	3	0	0	3	0	0	23	0	30
260	SSCTp	12	29	30	0	0	0	0	1	0	0	0	0	0	0	0	0	0	0	30
0	SSCTp	13	30	30	0	0	0	0	0	0	0	0	0	0	0	0	0	0	0	30
90	SSCTp	13	2	30	0	2	0	0	7	0	0	7	0	0	6	0	0	6	0	30
260	SSCTp	13	30	30	0	0	0	0	0	0	0	0	0	0	0	0	0	0	0	30
0	SSCTp	14	30	30	0	0	0	0	0	0	0	0	0	0	0	0	0	0	0	30
90	SSCTp	14	9	30	0	1	0	0	2	0	0	10	0	0	6	0	0	2	0	30
260	SSCTp	14	30	30	0	0	0	0	0	0	0	0	0	0	0	0	0	0	0	30
0	SSCTp	15	30	30	0	0	0	0	0	0	0	0	0	0	0	0	0	0	0	30
90	SSCTp	15	0	22	0	0	1	0	4	0	0	10	1	0	2	4	0	14	2	30
260	SSCTp	15	30	30	0	0	0	0	0	0	0	0	0	0	0	0	0	0	0	30
0	SSCTp	16	30	28	0	0	2	0	0	0	0	0	0	0	0	0	0	0	0	30
90	SSCTp	16	7	16	0	5	3	0	0	3	0	1	1	0	2	5	0	15	2	30
260	SSCTp	16	29	30	0	0	0	0	0	0	0	1	0	0	0	0	0	0	0	30
0	SSCTp	17	30	28	0	0	2	0	0	0	0	0	0	0	0	0	0	0	0	30
90	SSCTp	17	27	30	0	3	0	0	0	0	0	0	0	0	0	0	0	0	0	30
260	SSCTp	17	30	30	0	0	0	0	0	0	0	0	0	0	0	0	0	0	0	30
0	SSCTp	18	30	30	0	0	0	0	0	0	0	0	0	0	0	0	0	0	0	30
90	SSCTp	18	29	30	0	0	0	0	1	0	0	0	0	0	0	0	0	0	0	30
260	SSCTp	18	30	30	0	0	0	0	0	0	0	0	0	0	0	0	0	0	0	30
0	SSCTp	19	30	30	0	0	0	0	0	0	0	0	0	0	0	0	0	0	0	30
90	SSCTp	19	7	30	0	5	0	0	1	0	0	7	0	0	5	0	0	5	0	30
260	SSCTp	19	30	30	0	0	0	0	0	0	0	0	0	0	0	0	0	0	0	30
0	SSCTp	20	30	30	0	0	0	0	0	0	0	0	0	0	0	0	0	0	0	30
90	SSCTp	20	1	30	0	1	0	0	5	0	0	11	0	0	6	0	0	6	0	30
260	SSCTp	20	30	30	0	0	0	0	0	0	0	0	0	0	0	0	0	0	0	30
0	SSCTp	21	30	30	0	0	0	0	0	0	0	0	0	0	0	0	0	0	0	30
90	SSCTp	21	0	30	0	1	0	0	3	0	0	6	0	0	17	0	0	3	0	30
260	SSCTp	21	30	30	0	0	0	0	0	0	0	0	0	0	0	0	0	0	0	30
0	SSCTp	22	30	30	0	0	0	0	0	0	0	0	0	0	0	0	0	0	0	30
90	SSCTp	22	0	30	0	2	0	0	10	0	0	1	0	0	11	0	0	6	0	30
260	SSCTp	22	30	30	0	0	0	0	0	0	0	0	0	0	0	0	0	0	0	30
0	SSCTp	23	30	30	0	0	0	0	0	0	0	0	0	0	0	0	0	0	0	30
90	SSCTp	23	0	30	0	0	0	0	2	0	0	13	0	0	14	0	0	1	0	30
260	SSCTp	23	30	30	0	0	0	0	0	0	0	0	0	0	0	0	0	0	0	30
0	SSCTp	24	30	30	0	0	0	0	0	0	0	0	0	0	0	0	0	0	0	30
90	SSCTp	24	18	30	0	1	0	0	7	0	0	3	0	0	1	0	0	0	0	30
260	SSCTp	24	30	30	0	0	0	0	0	0	0	0	0	0	0	0	0	0	0	30
0	SSCTp	25	30	30	0	0	0	0	0	0	0	0	0	0	0	0	0	0	0	30
90	SSCTp	25	24	30	0	4	0	0	2	0	0	0	0	0	0	0	0	0	0	30
260	SSCTp	25	30	30	0	0	0	0	0	0	0	0	0	0	0	0	0	0	0	30
